num_groups,sensitive_p,fair_majority,fair_minority1,fair_minority2,run,num_iter,row_clus,col_clus,tau_x,tau_y,NMI_rows,AMI_rows,ARI_rows,NMI_cols,AMI_cols,ARI_cols,NMI_van_rows,AMI_van_rows,ARI_van_rows,NMI_van_cols,AMI_van_cols,ARI_van_cols,balance_chierichetti,balance_bera,KL_fairness_error,time
3,0.0,0.0,0.0,0.0,0,15,4,4,0.30330959509333777,0.30324649544915616,0.908286786541069,0.9079097241974984,0.7915753497024844,0.9083491277292126,0.907971490705844,0.7934094346634827,0.8275657449881185,0.8271091218083316,0.6463279830892504,0.8174624962315958,0.8169738155354499,0.6216283231336616,0.9850746268656716,0.990990990990991,4.110934110409517e-05,0.1559913158416748
3,0.0,0.0,0.0,0.0,1,19,3,3,0.29837031231076755,0.29862557276844615,0.7920532465028122,0.791423901436366,0.6151023239096007,0.7921997857472497,0.7915695648752535,0.6162892627615703,0.6724693135155488,0.6718100790716761,0.5070805244166998,0.6705723119966838,0.6699012798556625,0.5090921424894774,0.9850746268656716,0.990990990990991,2.66574213931912e-05,0.05209708213806152
3,0.0,0.0,0.0,0.0,2,20,4,4,0.30225652517010054,0.3021997676838218,0.9062134325366954,0.9058270894842647,0.7840181975146335,0.9059896953135614,0.9056014712345598,0.78488266182146,0.5873387821333589,0.5862432727316306,0.31946428176436936,0.5748290461154255,0.5736875181321727,0.30027918183731894,0.9861111111111112,0.991689363782387,2.484556090800766e-05,0.04986286163330078
3,0.0,0.0,0.0,0.0,3,23,3,3,0.2958169263669709,0.29549993660125573,0.7903747757157535,0.7897394336368198,0.6111150880111534,0.7849276230002521,0.7842712471813089,0.5998687124749003,0.6744795284020028,0.6738230938521524,0.5135291189465606,0.6670370059186,0.6663531018504028,0.5086807911004654,0.9923664122137404,0.9958938530367101,1.0411539276593534e-05,0.052700042724609375
3,0.0,0.0,0.0,0.0,4,19,3,3,0.29582723972303343,0.2956706898560772,0.7904764725728854,0.7898414931742513,0.6114464079728974,0.7852802150932446,0.7846251091678986,0.6010060305727019,0.670160016759392,0.669494947133297,0.5032163592211073,0.6603075896392546,0.6596101398698013,0.4926820471129652,0.9924812030075187,0.9959708452170764,1.039364119710391e-05,0.04437112808227539
3,0.0,0.0,0.0,0.0,5,19,4,4,0.30330959509333777,0.30324649544915616,0.908286786541069,0.9079097241974984,0.7915753497024844,0.9083491277292126,0.907971490705844,0.7934094346634827,0.8275657449881185,0.8271091218083316,0.6463279830892504,0.8174624962315958,0.8169738155354499,0.6216283231336616,0.9850746268656716,0.990990990990991,4.110934110409517e-05,0.042207956314086914
3,0.0,0.0,0.0,0.0,6,16,3,3,0.31164303676596344,0.31171724552657604,0.7354729417434915,0.734633884876582,0.4668474983380486,0.7250071641342934,0.7241254949570672,0.44647024161769056,0.5930736488835705,0.5922017953779825,0.344374365302904,0.5768907032387738,0.5759618527970575,0.3218598099085454,0.9951219512195122,0.9980039920159679,2.3973371241192134e-06,0.03899216651916504
3,0.0,0.0,0.0,0.0,7,19,4,4,0.30428482175404264,0.3044602846794321,0.9075030477238635,0.9071224809899361,0.7887321917624809,0.9116055475593928,0.9112424542131328,0.8049349549879696,0.5894891945512665,0.5884010899777646,0.323317771505139,0.5843445647456531,0.5832362201059156,0.31666379824114854,0.9850746268656716,0.990990990990991,4.110934110409517e-05,0.04579448699951172
3,0.0,0.0,0.0,0.0,8,37,3,3,0.29218812907527586,0.2924978798475079,0.7964944021672811,0.7958808511897366,0.6258578876687111,0.8021489417124285,0.8015540214626932,0.6413806962628472,0.39880779060590493,0.3976038206731392,0.17646584903433613,0.39339458151409673,0.39217294967754845,0.17010623090404783,0.9861111111111112,0.991689363782387,2.400256806078544e-05,0.09925961494445801
3,0.0,0.0,0.0,0.0,9,21,3,3,0.29582723972303326,0.295670689856077,0.7904764725728854,0.7898414931742513,0.6114464079728974,0.7852802150932446,0.7846251091678986,0.6010060305727019,0.670160016759392,0.669494947133297,0.5032163592211073,0.6603075896392546,0.6596101398698013,0.4926820471129652,0.9924812030075187,0.9959708452170764,1.0393641197103368e-05,0.04590106010437012
3,0.0,0.0,0.0,0.25,0,17,4,4,0.3075619917035833,0.3073762154095663,0.902462641840836,0.9020594281071008,0.7700580044778049,0.897406368541996,0.8969792788487176,0.7526454569778374,0.8332735078549995,0.8328288887203084,0.6662608393363932,0.8281626276133816,0.8276964442337125,0.6590455003918929,0.9850746268656716,0.990990990990991,2.751831231990326e-05,0.10788941383361816
3,0.0,0.0,0.0,0.25,1,13,3,3,0.2972879112772519,0.297307371217569,0.7964599900015984,0.7958463173618422,0.6257449183498832,0.8019282820082536,0.8013325861275414,0.6406540834881669,0.3987468780509682,0.39754273968442,0.1763531842664216,0.39299760652501203,0.3917748685998332,0.16938304041028776,0.9861111111111112,0.991689363782387,2.3845893741692185e-05,0.09061837196350098
3,0.0,0.0,0.0,0.25,2,27,3,3,0.29728791127725185,0.2973073712175688,0.7964599900015984,0.7958463173618422,0.6257449183498832,0.8019282820082536,0.8013325861275414,0.6406540834881669,0.3987468780509682,0.39754273968442,0.1763531842664216,0.39299760652501203,0.3917748685998332,0.16938304041028776,0.9861111111111112,0.991689363782387,2.3845893741692185e-05,0.21878457069396973
3,0.0,0.0,0.0,0.25,3,24,3,3,0.2972879112772519,0.297307371217569,0.7964599900015984,0.7958463173618422,0.6257449183498832,0.8019282820082536,0.8013325861275414,0.6406540834881669,0.3987468780509682,0.39754273968442,0.1763531842664216,0.39299760652501203,0.3917748685998332,0.16938304041028776,0.9861111111111112,0.991689363782387,2.3845893741692185e-05,0.13757729530334473
3,0.0,0.0,0.0,0.25,4,29,2,2,0.30676087177327976,0.30676087177327976,0.5886439109427256,0.587918508065989,0.3721699660878811,0.5843445647456531,0.5836076786123202,0.3649394192885749,0.8305539068239395,0.8303432824176652,0.8446015258713421,0.8355924525231782,0.8353842128672957,0.8588617959976426,0.9924242424242424,0.9959326415022617,6.965388707697593e-06,0.4747910499572754
3,0.0,0.0,0.0,0.25,5,21,3,3,0.2972879112772519,0.29730737121756873,0.7964599900015984,0.7958463173618422,0.6257449183498832,0.8019282820082536,0.8013325861275414,0.6406540834881669,0.3987468780509682,0.39754273968442,0.1763531842664216,0.39299760652501203,0.3917748685998332,0.16938304041028776,0.9861111111111112,0.991689363782387,2.3845893741691643e-05,0.18259620666503906
3,0.0,0.0,0.0,0.25,6,12,4,4,0.3022565251701006,0.3021997676838216,0.9062134325366954,0.9058270894842647,0.7840181975146335,0.9059896953135614,0.9056014712345598,0.78488266182146,0.5873387821333589,0.5862432727316306,0.31946428176436936,0.5748290461154255,0.5736875181321727,0.30027918183731894,0.9861111111111112,0.991689363782387,2.4845560908007876e-05,0.09154272079467773
3,0.0,0.0,0.0,0.25,7,17,4,4,0.30756199170358334,0.3073762154095662,0.902462641840836,0.9020594281071008,0.7700580044778049,0.897406368541996,0.8969792788487176,0.7526454569778374,0.8332735078549995,0.8328288887203085,0.6662608393363932,0.8281626276133816,0.8276964442337125,0.6590455003918929,0.9850746268656716,0.990990990990991,2.7518312319903043e-05,0.10304641723632812
3,0.0,0.0,0.0,0.25,8,24,4,4,0.30225652517010054,0.3021997676838216,0.9062134325366955,0.9058270894842648,0.7840181975146335,0.9059896953135614,0.9056014712345598,0.78488266182146,0.5873387821333589,0.5862432727316306,0.31946428176436936,0.5748290461154254,0.5736875181321726,0.30027918183731894,0.9861111111111112,0.991689363782387,2.4845560908007117e-05,0.17775607109069824
3,0.0,0.0,0.0,0.25,9,17,4,4,0.30225652517010054,0.30219976768382184,0.9062134325366954,0.9058270894842647,0.7840181975146335,0.9059896953135614,0.9056014712345598,0.78488266182146,0.5873387821333589,0.5862432727316306,0.31946428176436936,0.5748290461154255,0.5736875181321727,0.30027918183731894,0.9861111111111112,0.991689363782387,2.4845560908007443e-05,0.3452904224395752
3,0.0,0.0,0.0,0.5,0,20,3,3,0.29965609163136636,0.2994088774763782,0.7894055587341606,0.7887667457732628,0.6089106796367217,0.7889606460971244,0.7883188157233192,0.6085417084158432,0.673063740866383,0.6724037268739039,0.5111861484226493,0.6729934599358477,0.6723248877323879,0.5180642050574342,0.9924242424242424,0.9959326415022617,1.0332235720102775e-05,0.5846865177154541
3,0.0,0.0,0.0,0.5,1,21,3,3,0.2795135602151513,0.27923837447429195,0.7914333662242105,0.7908018077543368,0.6136596154716961,0.7921997857472497,0.7915695648752535,0.6162892627615703,0.6715616939307455,0.6709001681557081,0.5055578507455073,0.6705723119966838,0.6699012798556625,0.5090921424894774,0.9924242424242424,0.9959326415022617,1.0471011959706515e-05,0.261913537979126
3,0.0,0.0,0.0,0.5,2,42,3,3,0.3034411497477427,0.3031720513147306,0.7919171422000004,0.7912873128296978,0.6146580667163571,0.7916267295012033,0.7909944647108239,0.6144266258107057,0.6767309907196808,0.6760802349471642,0.5172806047229517,0.676923515689911,0.6762649947927467,0.5243675728058969,0.9850746268656716,0.990990990990991,2.651864515358735e-05,1.6142151355743408
3,0.0,0.0,0.0,0.5,3,28,3,3,0.31164303676596344,0.31171724552657604,0.7354729417434915,0.734633884876582,0.4668474983380486,0.7250071641342934,0.7241254949570672,0.44647024161769056,0.5930736488835705,0.5922017953779825,0.344374365302904,0.5768907032387738,0.5759618527970575,0.3218598099085454,0.9951219512195122,0.9980039920159679,2.3973371241192134e-06,0.566394567489624
3,0.0,0.0,0.0,0.5,4,16,3,3,0.3000960427427212,0.30006657630309463,0.7919954100813236,0.7913658592256422,0.6149134768877957,0.7926764584473263,0.7920479364188315,0.6178455857756018,0.6612016518984709,0.6605196944893666,0.47988632683089266,0.6489462238665674,0.6482315250053116,0.4562355416832998,0.9850746268656716,0.990990990990991,2.6587205630716673e-05,0.15567255020141602
3,0.0,0.0,0.0,0.5,5,29,3,3,0.2983703123107675,0.2986255727684463,0.7920532465028122,0.791423901436366,0.6151023239096007,0.7921997857472497,0.7915695648752535,0.6162892627615703,0.6724693135155488,0.6718100790716761,0.5070805244166998,0.6705723119966838,0.6699012798556625,0.5090921424894774,0.9850746268656716,0.990990990990991,2.6657421393190984e-05,0.7258405685424805
3,0.0,0.0,0.0,0.5,6,50,3,3,0.29218812907527597,0.2924978798475079,0.7964944021672811,0.7958808511897366,0.6258578876687111,0.8021489417124285,0.8015540214626932,0.6413806962628472,0.39880779060590493,0.3976038206731392,0.17646584903433613,0.39339458151409673,0.39217294967754845,0.17010623090404783,0.9861111111111112,0.991689363782387,2.4002568060785766e-05,1.4157335758209229
3,0.0,0.0,0.0,0.5,7,20,4,4,0.30330959509333777,0.30324649544915616,0.908286786541069,0.9079097241974984,0.7915753497024844,0.9083491277292126,0.907971490705844,0.7934094346634827,0.8275657449881184,0.8271091218083314,0.6463279830892504,0.8174624962315958,0.8169738155354499,0.6216283231336616,0.9850746268656716,0.990990990990991,4.110934110409517e-05,0.11003684997558594
3,0.0,0.0,0.0,0.5,8,20,3,3,0.2983703123107675,0.29862557276844637,0.7920532465028122,0.791423901436366,0.6151023239096007,0.7921997857472497,0.7915695648752535,0.6162892627615703,0.6724693135155488,0.6718100790716761,0.5070805244166998,0.6705723119966838,0.6699012798556625,0.5090921424894774,0.9850746268656716,0.990990990990991,2.6657421393191418e-05,0.13838720321655273
3,0.0,0.0,0.0,0.5,9,24,3,3,0.2958169263669709,0.29549993660125573,0.7903747757157535,0.7897394336368198,0.6111150880111534,0.7849276230002521,0.7842712471813089,0.5998687124749003,0.6744795284020028,0.6738230938521524,0.5135291189465606,0.6670370059186,0.6663531018504028,0.5086807911004654,0.9923664122137404,0.9958938530367101,1.0411539276593534e-05,0.2568693161010742
3,0.0,0.0,0.0,0.75,0,17,4,4,0.2913748138964656,0.2912005202031929,0.9090437908389912,0.9086701087019787,0.7943429996270311,0.9137594533047027,0.9134059329538328,0.8127690521941776,0.5920564220257112,0.5909771353447553,0.3278765860803966,0.5879863206256295,0.5868905825581722,0.3229571956914917,0.9850746268656716,0.990990990990991,4.110934110409517e-05,0.3222944736480713
3,0.0,0.0,0.0,0.75,1,21,4,4,0.30756199170358317,0.3073762154095662,0.902462641840836,0.9020594281071008,0.7700580044778049,0.897406368541996,0.8969792788487176,0.7526454569778374,0.8332735078549995,0.8328288887203085,0.6662608393363932,0.8281626276133816,0.8276964442337125,0.6590455003918929,0.9850746268656716,0.990990990990991,2.7518312319903043e-05,0.47054576873779297
3,0.0,0.0,0.0,0.75,2,112,10,3,0.18670622252019828,0.29259148672240054,0.6591178587231128,0.6551356683987187,0.5056276386181197,0.7852802150932446,0.7846251091678986,0.6010060305727019,0.5273247491099288,0.523888802744623,0.38771345836358395,0.6603075896392546,0.6596101398698013,0.4926820471129652,0,0.0,inf,3.361970901489258
3,0.0,0.0,0.0,0.75,3,113,2,2,0.30676087177327976,0.30676087177327976,0.5886439109427256,0.587918508065989,0.3721699660878811,0.5843445647456531,0.5836076786123202,0.3649394192885749,0.8305539068239395,0.8303432824176652,0.8446015258713421,0.8355924525231782,0.8353842128672957,0.8588617959976426,0.9924242424242424,0.9959326415022617,6.965388707697484e-06,3.227487802505493
3,0.0,0.0,0.0,0.75,4,38,10,3,0.17211994850190007,0.2770004462274238,0.6661065253445998,0.6622092467605349,0.51421169297563,0.7916267295012034,0.790994464710824,0.6144266258107057,0.32472343495138023,0.3198198785909912,0.12014031196003792,0.37440901171420427,0.3731338810288383,0.14279638485309123,0,0.0,inf,1.156991958618164
3,0.0,0.0,0.0,0.75,5,36,10,3,0.19222563572829346,0.2959661793045862,0.6727792395384716,0.668954425508607,0.523355902493442,0.789789857030486,0.789150994948784,0.6112350182388241,0.3443101004517555,0.33954035100018626,0.1271122639551482,0.3710829725937891,0.3697983388154702,0.1394956227629166,0,0.0,inf,1.6036813259124756
3,0.0,0.0,0.0,0.75,6,57,4,4,0.3022565251701006,0.30219976768382173,0.9062134325366954,0.9058270894842647,0.7840181975146335,0.9059896953135614,0.9056014712345598,0.78488266182146,0.5873387821333589,0.5862432727316306,0.31946428176436936,0.5748290461154255,0.5736875181321727,0.30027918183731894,0.9861111111111112,0.991689363782387,2.4845560908007876e-05,1.7676799297332764
3,0.0,0.0,0.0,0.75,7,19,4,4,0.30756199170358317,0.3073762154095663,0.902462641840836,0.9020594281071008,0.7700580044778049,0.897406368541996,0.8969792788487176,0.7526454569778374,0.8332735078549995,0.8328288887203085,0.6662608393363932,0.8281626276133816,0.8276964442337125,0.6590455003918929,0.9850746268656716,0.990990990990991,2.7518312319902826e-05,0.4310023784637451
3,0.0,0.0,0.0,0.75,8,33,10,3,0.1891992718810196,0.30286980017201126,0.6412901833828235,0.636975977966768,0.411905473221417,0.7548712966501103,0.7541043224033086,0.5123044922655382,0.2964741062350668,0.291170223273265,0.013869687064403426,0.307184590216507,0.3057130460362364,0.02947307308205422,0,0.0,inf,0.7633516788482666
3,0.0,0.0,0.0,0.75,9,35,10,3,0.18699393030018793,0.2902934100616462,0.6762129903184941,0.6724274577108205,0.5145248664901602,0.7889606460971246,0.7883188157233194,0.6085417084158432,0.33673223722382306,0.3319060023070633,0.11919846833415426,0.369580369309153,0.36829146223863185,0.13669890873660492,0,0.0,inf,0.8537802696228027
3,0.0,0.0,0.0,1.0,0,72,10,3,0.12776877931801614,0.25824329701233795,0.5991943913584034,0.5947999691162087,0.43383897295078205,0.7916267295012034,0.790994464710824,0.6144266258107057,0.30131273846591683,0.2965935607247522,0.10006284724710493,0.37440901171420427,0.3731338810288383,0.14279638485309123,0,0.0,inf,2.0885605812072754
3,0.0,0.0,0.0,1.0,1,29,10,4,0.14570847036533435,0.23203798049099694,0.6305561582219529,0.6265030099205319,0.4460610805300073,0.9059896953135614,0.9056014712345598,0.78488266182146,0.3635036817358338,0.35920120088904317,0.1243628502446236,0.5748290461154254,0.5736875181321726,0.30027918183731894,0,0.0,inf,0.710099458694458
3,0.0,0.0,0.0,1.0,2,25,10,4,0.17100090006410407,0.28817360184902857,0.7232948486552625,0.7203807506373392,0.5872721826753341,0.9116055475593928,0.9112424542131328,0.8049349549879696,0.49100104147958645,0.487725869380669,0.23770648590672847,0.5843445647456531,0.5832362201059156,0.31666379824114854,0,0.0,inf,0.6771652698516846
3,0.0,0.0,0.0,1.0,3,38,10,3,0.12537915858403398,0.2764229230899005,0.5405669274388037,0.535450254695207,0.33505054268388734,0.7595386266093844,0.7587891678710779,0.523012647821584,0.39080902749523777,0.38661403220206253,0.19955819149778903,0.5985980779182607,0.5977499332867956,0.3492141733820439,0,0.0,inf,0.8279612064361572
3,0.0,0.0,0.0,1.0,4,33,10,3,0.1309519898539773,0.2524471319675659,0.6015578797845549,0.5971864770337895,0.4331033011788505,0.7889606460971246,0.7883188157233194,0.6085417084158432,0.3152507501497685,0.31062194586035424,0.09743385594500906,0.369580369309153,0.36829146223863185,0.13669890873660492,0,0.0,inf,0.8091158866882324
3,0.0,0.0,0.0,1.0,5,160,10,4,0.17227390196181647,0.27964968319620465,0.7371028341572691,0.7343341538266832,0.5939271887405141,0.9116055475593928,0.9112424542131328,0.8049349549879696,0.45598982966263185,0.45248937666250094,0.2084154033950109,0.5843445647456531,0.5832362201059156,0.31666379824114854,0,0.0,inf,3.7528207302093506
3,0.0,0.0,0.0,1.0,6,127,10,3,0.12588451277404428,0.2702424154230287,0.5570537802725578,0.5521207204109243,0.34084786533518124,0.7595386266093844,0.7587891678710779,0.523012647821584,0.4115019323698959,0.4074494320289922,0.20402563937296647,0.5985980779182607,0.5977499332867956,0.3492141733820439,0,0.0,inf,2.4965767860412598
3,0.0,0.0,0.0,1.0,7,38,10,4,0.14542739292562665,0.20532745626855417,0.618944439000256,0.6146849490954184,0.3838293897358063,0.897406368541996,0.8969792788487176,0.7526454569778374,0.6383037517270193,0.6358016435079794,0.5621759953103272,0.8281626276133814,0.8276964442337124,0.6590455003918929,0,0.0,inf,0.8940038681030273
3,0.0,0.0,0.0,1.0,8,172,10,4,0.1448689487323098,0.23088934761930613,0.6465921136416516,0.6427273597631112,0.4596286280140052,0.9083491277292126,0.907971490705844,0.7934094346634827,0.475021976073773,0.4714873482944736,0.2845475887071,0.8174624962315958,0.8169738155354499,0.6216283231336616,0,0.0,inf,3.7443594932556152
3,0.0,0.0,0.0,1.0,9,28,10,4,0.18688159208638486,0.29872483847875,0.7717685411569065,0.7693625716144167,0.6378503429861688,0.9059896953135614,0.9056014712345598,0.78488266182146,0.505622753714569,0.5024378411818826,0.23768277827891454,0.5748290461154254,0.5736875181321726,0.30027918183731894,0,0.0,inf,0.757239818572998
3,0.0,0.0,0.25,0.0,0,25,3,3,0.29965609163136636,0.2994088774763782,0.7894055587341606,0.7887667457732628,0.6089106796367217,0.7889606460971244,0.7883188157233192,0.6085417084158432,0.673063740866383,0.6724037268739039,0.5111861484226493,0.6729934599358477,0.6723248877323879,0.5180642050574342,0.9924242424242424,0.9959326415022617,1.0332235720102775e-05,0.2442467212677002
3,0.0,0.0,0.25,0.0,1,32,3,3,0.29728791127725174,0.29730737121756895,0.7964599900015984,0.7958463173618422,0.6257449183498832,0.8019282820082536,0.8013325861275414,0.6406540834881669,0.3987468780509682,0.39754273968442,0.1763531842664216,0.39299760652501203,0.3917748685998332,0.16938304041028776,0.9861111111111112,0.991689363782387,2.3845893741691643e-05,0.30066418647766113
3,0.0,0.0,0.25,0.0,2,16,4,4,0.3075619917035833,0.3073762154095663,0.902462641840836,0.9020594281071008,0.7700580044778049,0.897406368541996,0.8969792788487176,0.7526454569778374,0.8332735078549994,0.8328288887203081,0.6662608393363932,0.8281626276133814,0.8276964442337124,0.6590455003918929,0.9850746268656716,0.990990990990991,2.7518312319902935e-05,0.10091304779052734
3,0.0,0.0,0.25,0.0,3,15,4,4,0.28999564489917856,0.28967696566936385,0.9041296431413824,0.9037339420232676,0.7760883163884392,0.9000920107272863,0.8996771460213145,0.7622414951112423,0.8316380064779839,0.8311899265252473,0.6606232811996562,0.8255305231223697,0.8250587365522001,0.6500663075088151,0.9850746268656716,0.990990990990991,2.7657088559506675e-05,0.11502695083618164
3,0.0,0.0,0.25,0.0,4,20,3,3,0.3129016539548131,0.31276217198390466,0.7503978476511641,0.7496157526369165,0.4999303752085892,0.7595386266093844,0.7587891678710779,0.523012647821584,0.5990802078518591,0.5982351530737282,0.3491499427476198,0.5985980779182607,0.5977499332867956,0.3492141733820439,0.9850746268656716,0.990990990990991,4.010967393777969e-05,0.17259621620178223
3,0.0,0.0,0.25,0.0,5,20,4,4,0.30428482175404253,0.304460284679432,0.9075030477238635,0.9071224809899361,0.7887321917624809,0.9116055475593928,0.9112424542131328,0.8049349549879696,0.5894891945512666,0.5884010899777649,0.323317771505139,0.5843445647456531,0.5832362201059156,0.31666379824114854,0.9850746268656716,0.990990990990991,4.110934110409517e-05,0.13518905639648438
3,0.0,0.0,0.25,0.0,6,42,3,3,0.3000960427427214,0.30006657630309463,0.7919954100813236,0.7913658592256422,0.6149134768877957,0.7926764584473263,0.7920479364188315,0.6178455857756018,0.6612016518984709,0.6605196944893666,0.47988632683089266,0.6489462238665674,0.6482315250053116,0.4562355416832998,0.9850746268656716,0.990990990990991,2.6587205630717106e-05,0.30455803871154785
3,0.0,0.0,0.25,0.0,7,28,3,3,0.3000960427427214,0.30006657630309463,0.7919954100813235,0.791365859225642,0.6149134768877957,0.7926764584473263,0.7920479364188315,0.6178455857756018,0.6612016518984707,0.6605196944893664,0.47988632683089266,0.6489462238665674,0.6482315250053116,0.4562355416832998,0.9850746268656716,0.990990990990991,2.6587205630716347e-05,0.34774351119995117
3,0.0,0.0,0.25,0.0,8,22,3,3,0.3000960427427214,0.30006657630309463,0.7919954100813236,0.7913658592256422,0.6149134768877957,0.7926764584473263,0.7920479364188315,0.6178455857756018,0.6612016518984709,0.6605196944893666,0.47988632683089266,0.6489462238665674,0.6482315250053116,0.4562355416832998,0.9850746268656716,0.990990990990991,2.6587205630717106e-05,0.2242441177368164
3,0.0,0.0,0.25,0.0,9,25,3,3,0.2958169263669709,0.29549993660125556,0.7903747757157535,0.7897394336368198,0.6111150880111534,0.7849276230002521,0.7842712471813089,0.5998687124749003,0.6744795284020028,0.6738230938521524,0.5135291189465606,0.6670370059186,0.6663531018504028,0.5086807911004654,0.9923664122137404,0.9958938530367101,1.0411539276593534e-05,0.14702415466308594
3,0.0,0.0,0.25,0.25,0,18,4,4,0.30330959509333777,0.30324649544915616,0.908286786541069,0.9079097241974984,0.7915753497024844,0.9083491277292126,0.907971490705844,0.7934094346634827,0.8275657449881185,0.8271091218083316,0.6463279830892504,0.8174624962315958,0.8169738155354499,0.6216283231336616,0.9850746268656716,0.990990990990991,4.1109341104095276e-05,0.09476661682128906
3,0.0,0.0,0.25,0.25,1,24,3,3,0.3034411497477427,0.3031720513147306,0.7919171422000004,0.7912873128296978,0.6146580667163571,0.7916267295012033,0.7909944647108239,0.6144266258107057,0.6767309907196808,0.6760802349471642,0.5172806047229517,0.676923515689911,0.6762649947927467,0.5243675728058969,0.9850746268656716,0.990990990990991,2.651864515358735e-05,0.5234897136688232
3,0.0,0.0,0.25,0.25,2,20,3,3,0.2938321050902911,0.2936534650303343,0.7903227834399137,0.7896872559207784,0.6109458131619562,0.7849276230002521,0.7842712471813089,0.5998687124749003,0.6587311938292049,0.6580429617251703,0.4757043116569948,0.6372585608267675,0.6365134920042134,0.43702870926961385,0.9928057553956835,0.9971942446043166,3.982583738058355e-06,0.4693272113800049
3,0.0,0.0,0.25,0.25,3,14,5,5,0.29615108835549186,0.2959491323549751,1.0,1.0,1.0,1.0,1.0,1.0,0.739964857200733,0.7391430675807577,0.476493102656082,0.7303232410180941,0.7294623299636518,0.45744797462502,0.9850746268656716,0.990990990990991,4.210900827041064e-05,0.10020852088928223
3,0.0,0.0,0.25,0.25,4,26,3,3,0.31989001230886466,0.3198814607267488,0.7382712632211267,0.7374429749388643,0.4728567797325691,0.7375733655715295,0.7367405406672014,0.4724246305454723,0.5972831916700859,0.5964229904379739,0.35212464349252864,0.5960555189006077,0.595180939197939,0.35653127194845763,0.9850746268656716,0.990990990990991,2.41326954355587e-05,0.6109766960144043
3,0.0,0.0,0.25,0.25,5,22,4,4,0.2878514609258369,0.28771988979018587,0.9069960203513316,0.9066131841674229,0.7868715044443074,0.9116055475593928,0.9112424542131328,0.8049349549879696,0.5886439109427256,0.5875528978883743,0.32179929612451813,0.5843445647456531,0.5832362201059156,0.31666379824114854,0.9861111111111112,0.991689363782387,2.4922931670610373e-05,0.15987133979797363
3,0.0,0.0,0.25,0.25,6,32,3,3,0.2795135602151513,0.27923837447429173,0.7914333662242105,0.7908018077543368,0.6136596154716961,0.7921997857472497,0.7915695648752535,0.6162892627615703,0.6715616939307455,0.6709001681557081,0.5055578507455073,0.6705723119966838,0.6699012798556625,0.5090921424894774,0.9924242424242424,0.9959326415022617,1.0471011959706624e-05,0.7220172882080078
3,0.0,0.0,0.25,0.25,7,19,4,4,0.30225652517010054,0.30219976768382173,0.9062134325366954,0.9058270894842647,0.7840181975146335,0.9059896953135614,0.9056014712345598,0.78488266182146,0.5873387821333589,0.5862432727316306,0.31946428176436936,0.5748290461154254,0.5736875181321726,0.30027918183731894,0.9861111111111112,0.991689363782387,2.4845560908007443e-05,0.172593355178833
3,0.0,0.0,0.25,0.25,8,23,2,2,0.30254059460160804,0.3025405946016079,0.5933918153386777,0.5926772493795246,0.3814880303054271,0.5976802337166613,0.5969738544387009,0.39109438552078163,0.35106802469867254,0.3502652674629063,0.19014367174674995,0.3381718605862629,0.3373449913477328,0.17299042327272104,0.9928057553956835,0.9971942446043166,2.982916571742881e-06,0.452103853225708
3,0.0,0.0,0.25,0.25,9,17,3,3,0.3034411497477426,0.3031720513147306,0.7919171422000004,0.7912873128296978,0.6146580667163571,0.7916267295012033,0.7909944647108239,0.6144266258107057,0.6767309907196808,0.6760802349471642,0.5172806047229517,0.676923515689911,0.6762649947927467,0.5243675728058969,0.9850746268656716,0.990990990990991,2.6518645153587785e-05,0.27172374725341797
3,0.0,0.0,0.25,0.5,0,41,3,3,0.3198900123088649,0.31988146072674917,0.7382712632211267,0.7374429749388643,0.4728567797325691,0.7375733655715297,0.7367405406672015,0.4724246305454723,0.5972831916700859,0.5964229904379739,0.35212464349252864,0.5960555189006077,0.5951809391979391,0.35653127194845763,0.9850746268656716,0.990990990990991,2.4132695435558592e-05,1.0199596881866455
3,0.0,0.0,0.25,0.5,1,109,3,3,0.315870927618557,0.31601918829077646,0.739964857200733,0.7391430675807574,0.476493102656082,0.7303232410180941,0.7294623299636516,0.45744797462502,1.0000000000000002,1.0000000000000002,1.0,1.0,1.0,1.0,0.9850746268656716,0.990990990990991,2.4151465307497644e-05,3.4306752681732178
3,0.0,0.0,0.25,0.5,2,32,3,3,0.2785744355817691,0.2783501041122962,0.7913824111123083,0.7907506711775147,0.6134933585107952,0.7926764584473263,0.7920479364188315,0.6178455857756018,0.38974648485889546,0.3885172694966725,0.1640355012803576,0.3763081967306326,0.3750384430579024,0.14631627595794314,0.9923664122137404,0.9958938530367101,1.0480099753722421e-05,0.7445483207702637
3,0.0,0.0,0.25,0.5,3,22,4,4,0.3075619917035833,0.3073762154095664,0.902462641840836,0.9020594281071008,0.7700580044778049,0.897406368541996,0.8969792788487176,0.7526454569778374,0.8332735078549995,0.8328288887203084,0.6662608393363932,0.8281626276133814,0.8276964442337124,0.6590455003918929,0.9850746268656716,0.990990990990991,2.7518312319903043e-05,0.11494040489196777
3,0.0,0.0,0.25,0.5,4,31,3,3,0.29837031231076755,0.2986255727684463,0.7920532465028122,0.791423901436366,0.6151023239096007,0.7921997857472497,0.7915695648752535,0.6162892627615703,0.6724693135155488,0.6718100790716761,0.5070805244166998,0.6705723119966838,0.6699012798556625,0.5090921424894774,0.9850746268656716,0.990990990990991,2.6657421393190984e-05,0.7624022960662842
3,0.0,0.0,0.25,0.5,5,30,3,3,0.29479873514155075,0.2948250570627073,0.7964875200702813,0.7958739447619763,0.6258352922217565,0.8021489417124285,0.8015540214626932,0.6413806962628472,0.6678252372828262,0.6671600065866087,0.4912865988346346,0.6631635923571185,0.6624852435215407,0.4806777554355714,0.9861111111111112,0.991689363782387,2.3923264504295116e-05,0.42497992515563965
3,0.0,0.0,0.25,0.5,6,15,4,4,0.30225652517010054,0.3021997676838216,0.9062134325366955,0.9058270894842648,0.7840181975146335,0.9059896953135614,0.9056014712345598,0.78488266182146,0.5873387821333589,0.5862432727316306,0.31946428176436936,0.5748290461154254,0.5736875181321726,0.30027918183731894,0.9861111111111112,0.991689363782387,2.4845560908007876e-05,0.09785676002502441
3,0.0,0.0,0.25,0.5,7,47,3,3,0.2795135602151513,0.27923837447429195,0.7914333662242105,0.7908018077543368,0.6136596154716961,0.7921997857472497,0.7915695648752535,0.6162892627615703,0.6715616939307455,0.6709001681557081,0.5055578507455073,0.6705723119966838,0.6699012798556625,0.5090921424894774,0.9924242424242424,0.9959326415022617,1.0471011959706082e-05,1.247365951538086
3,0.0,0.0,0.25,0.5,8,26,3,3,0.29218812907527586,0.2924978798475079,0.7964944021672811,0.7958808511897366,0.6258578876687111,0.8021489417124285,0.8015540214626932,0.6413806962628472,0.39880779060590493,0.3976038206731392,0.17646584903433613,0.39339458151409673,0.39217294967754845,0.17010623090404783,0.9861111111111112,0.991689363782387,2.4002568060785983e-05,0.7822306156158447
3,0.0,0.0,0.25,0.5,9,29,3,3,0.2958169263669709,0.29549993660125573,0.7903747757157535,0.7897394336368198,0.6111150880111534,0.7849276230002521,0.7842712471813089,0.5998687124749003,0.6744795284020028,0.6738230938521524,0.5135291189465606,0.6670370059186,0.6663531018504028,0.5086807911004654,0.9923664122137404,0.9958938530367101,1.0411539276593425e-05,0.7292659282684326
3,0.0,0.0,0.25,0.75,0,31,4,4,0.3033095950933377,0.3032464954491562,0.908286786541069,0.9079097241974984,0.7915753497024844,0.9083491277292126,0.907971490705844,0.7934094346634827,0.8275657449881185,0.8271091218083316,0.6463279830892504,0.8174624962315958,0.8169738155354499,0.6216283231336616,0.9850746268656716,0.990990990990991,4.110934110409517e-05,0.7375805377960205
3,0.0,0.0,0.25,0.75,1,58,10,3,0.15108819999872186,0.27266643539951835,0.6373716945842164,0.6333432630428887,0.47926180712736566,0.7921997857472497,0.7915695648752535,0.6162892627615703,0.5152193396013345,0.5118927433361758,0.32747813511343876,0.6705723119966838,0.6699012798556625,0.5090921424894774,0,0.0,inf,1.5846846103668213
3,0.0,0.0,0.25,0.75,2,54,10,3,0.166402915728855,0.3035180910720097,0.6157164295151065,0.6113107534903508,0.38740931687701347,0.7375733655715297,0.7367405406672015,0.4724246305454723,0.42569433359935205,0.4215962520287454,0.20179666166302215,0.5960555189006077,0.5951809391979391,0.35653127194845763,0,0.0,inf,1.4502630233764648
3,0.0,0.0,0.25,0.75,3,31,10,3,0.16789806713658317,0.2978856215912588,0.6777265121206572,0.674163480714513,0.5060342465652412,0.8019282820082536,0.8013325861275414,0.6406540834881669,0.3603710500812437,0.35600769047414904,0.12862792499168507,0.39299760652501203,0.3917748685998332,0.16938304041028776,0,0.0,inf,0.8826425075531006
3,0.0,0.0,0.25,0.75,4,31,10,4,0.17105733607541307,0.23794182177561451,0.6948995559230199,0.6915253478888131,0.5056813819844268,0.9059896953135614,0.9056014712345598,0.78488266182146,0.3816051860468836,0.37738507166232793,0.12810498797064124,0.5748290461154255,0.5736875181321727,0.30027918183731894,0,0.0,inf,0.8469059467315674
3,0.0,0.0,0.25,0.75,5,34,4,4,0.28430885921053173,0.28406081045250725,0.9077861546703496,0.9074068545396609,0.7897360784811976,0.9083491277292126,0.907971490705844,0.7934094346634827,0.5899610729900625,0.5888745916158099,0.32413564590320154,0.5788304759989464,0.5777029410434702,0.3072954269871484,0.9861111111111112,0.991689363782387,2.5002235227101458e-05,0.8303937911987305
3,0.0,0.0,0.25,0.75,6,40,10,3,0.1658518246628441,0.2953372252139672,0.6607138330303826,0.6569512206850961,0.49553025318268284,0.7921997857472497,0.7915695648752535,0.6162892627615703,0.5319231288880791,0.5287179843005102,0.37145690858275027,0.6705723119966838,0.6699012798556625,0.5090921424894774,0,0.0,inf,1.130751371383667
3,0.0,0.0,0.25,0.75,7,50,10,4,0.16143251629865576,0.2155458880134922,0.6395298256101039,0.635422414393142,0.3840930480753872,0.9116055475593928,0.9112424542131328,0.8049349549879696,0.45231188358659435,0.4484334062327456,0.18472259585539968,0.5843445647456531,0.5832362201059156,0.31666379824114854,0,0.0,inf,1.3843607902526855
3,0.0,0.0,0.25,0.75,8,52,10,3,0.15191450983452962,0.27346442148106614,0.6405486588850738,0.6365547117834737,0.4884559831312299,0.7921997857472497,0.7915695648752535,0.6162892627615703,0.5193718779003831,0.5160729506308708,0.35813619527336216,0.6705723119966838,0.6699012798556625,0.5090921424894774,0,0.0,inf,1.2737681865692139
3,0.0,0.0,0.25,0.75,9,22,4,4,0.30428482175404253,0.304460284679432,0.9075030477238635,0.9071224809899361,0.7887321917624809,0.9116055475593928,0.9112424542131328,0.8049349549879696,0.5894891945512666,0.5884010899777649,0.323317771505139,0.5843445647456531,0.5832362201059156,0.31666379824114854,0.9850746268656716,0.990990990990991,4.110934110409517e-05,0.4761168956756592
3,0.0,0.0,0.25,1.0,0,28,10,5,0.18478588246718275,0.29236166669146735,0.8522823303611381,0.8508132922760484,0.7606889165819609,1.0,1.0,1.0,0.6033125617703788,0.60092630194456,0.3218955127692531,0.7303232410180941,0.7294623299636517,0.45744797462502,0,0.0,inf,0.6155905723571777
3,0.0,0.0,0.25,1.0,1,38,10,4,0.15614776238461525,0.28751637301619887,0.7188502781951539,0.7159691792847956,0.5643562588301294,0.9059896953135614,0.9056014712345598,0.78488266182146,0.4893565053885788,0.4861728614366127,0.22382012587524022,0.5748290461154255,0.5736875181321727,0.30027918183731894,0,0.0,inf,1.088101863861084
3,0.0,0.0,0.25,1.0,2,119,10,3,0.11784251360227084,0.27135637672752116,0.5951615307780735,0.5908780778461723,0.44865717325313115,0.7926764584473263,0.7920479364188315,0.6178455857756018,0.2871647140893253,0.2825463120627476,0.10332139454475493,0.3763081967306326,0.3750384430579024,0.14631627595794314,0,0.0,inf,3.4012341499328613
3,0.0,0.0,0.25,1.0,3,32,10,3,0.12280875831829584,0.2707604598663176,0.6082376474128846,0.604099451674097,0.43000250671455315,0.7926764584473263,0.7920479364188315,0.6178455857756018,0.4312208039768407,0.4275432171733165,0.24201472676653077,0.6489462238665674,0.6482315250053116,0.4562355416832998,0,0.0,inf,0.8118767738342285
3,0.0,0.0,0.25,1.0,4,62,10,4,0.1677329669175653,0.29757820695109716,0.7378539433547251,0.7351693355473966,0.5981641804398876,0.9083491277292126,0.907971490705844,0.7934094346634827,0.6307414875794708,0.6284411341554944,0.39005579802712753,0.8174624962315958,0.8169738155354499,0.6216283231336616,0,0.0,inf,1.7522587776184082
3,0.0,0.0,0.25,1.0,5,54,10,4,0.17168843097708647,0.3024555516586704,0.7429168459504267,0.7402769528944859,0.5982545965480262,0.897406368541996,0.8969792788487176,0.7526454569778374,0.635957140042882,0.6336818215880153,0.39976630834733473,0.8281626276133814,0.8276964442337124,0.6590455003918929,0,0.0,inf,1.561748743057251
3,0.0,0.0,0.25,1.0,6,31,10,3,0.13472970067675125,0.2931071748033959,0.6140632473765344,0.6099872171163846,0.45035222068507824,0.7921997857472497,0.7915695648752535,0.6162892627615703,0.4824722818151129,0.47912670688658704,0.2861751258029641,0.6705723119966838,0.6699012798556625,0.5090921424894774,0,0.0,inf,0.8213357925415039
3,0.0,0.0,0.25,1.0,7,85,10,3,0.12228311158685434,0.27528906786022067,0.5963259309453794,0.5920705743823569,0.42649651794604515,0.8021489417124285,0.8015540214626932,0.6413806962628472,0.32755504838572785,0.32321796404657166,0.12103161636375817,0.39339458151409673,0.39217294967754845,0.17010623090404783,0,0.0,inf,2.4618582725524902
3,0.0,0.0,0.25,1.0,8,41,10,4,0.1697515522826165,0.302187082722651,0.7294877047716101,0.7267095060053735,0.5864225430783021,0.897406368541996,0.8969792788487176,0.7526454569778374,0.6193549414883173,0.6169754336331904,0.39783167232757816,0.8281626276133814,0.8276964442337124,0.6590455003918929,0,0.0,inf,1.1381592750549316
3,0.0,0.0,0.25,1.0,9,71,10,3,0.12187495820557145,0.2693522066354764,0.5936702180439852,0.5893760581083615,0.4172058426301902,0.7852802150932446,0.7846251091678986,0.6010060305727019,0.45707575205515527,0.4535632536042672,0.2718404032026332,0.6603075896392546,0.6596101398698013,0.4926820471129652,0,0.0,inf,1.7673115730285645
3,0.0,0.0,0.5,0.0,0,17,4,4,0.30225652517010054,0.3021997676838218,0.9062134325366955,0.9058270894842648,0.7840181975146335,0.9059896953135614,0.9056014712345598,0.78488266182146,0.5873387821333589,0.5862432727316306,0.31946428176436936,0.5748290461154254,0.5736875181321726,0.30027918183731894,0.9861111111111112,0.991689363782387,2.484556090800755e-05,0.11657047271728516
3,0.0,0.0,0.5,0.0,1,24,3,3,0.29582723972303326,0.2956706898560772,0.7904764725728852,0.7898414931742512,0.6114464079728974,0.7852802150932446,0.7846251091678986,0.6010060305727019,0.670160016759392,0.669494947133297,0.5032163592211073,0.6603075896392546,0.6596101398698013,0.4926820471129652,0.9924812030075187,0.9959708452170764,1.039364119710391e-05,0.3686380386352539
3,0.0,0.0,0.5,0.0,2,25,3,3,0.2996560916313663,0.2994088774763782,0.7894055587341606,0.7887667457732628,0.6089106796367217,0.7889606460971244,0.7883188157233192,0.6085417084158432,0.673063740866383,0.6724037268739039,0.5111861484226493,0.6729934599358478,0.672324887732388,0.5180642050574342,0.9924242424242424,0.9959326415022617,1.0332235720102775e-05,0.401080846786499
3,0.0,0.0,0.5,0.0,3,25,3,3,0.29582723972303343,0.29567068985607725,0.7904764725728854,0.7898414931742513,0.6114464079728974,0.7852802150932446,0.7846251091678986,0.6010060305727019,0.670160016759392,0.669494947133297,0.5032163592211073,0.6603075896392546,0.6596101398698013,0.4926820471129652,0.9924812030075187,0.9959708452170764,1.039364119710391e-05,0.2952384948730469
3,0.0,0.0,0.5,0.0,4,21,3,3,0.29728791127725185,0.2973073712175688,0.7964599900015984,0.7958463173618422,0.6257449183498832,0.8019282820082536,0.8013325861275414,0.6406540834881669,0.3987468780509682,0.39754273968442,0.1763531842664216,0.39299760652501203,0.3917748685998332,0.16938304041028776,0.9861111111111112,0.991689363782387,2.3845893741692185e-05,0.32647013664245605
3,0.0,0.0,0.5,0.0,5,17,4,4,0.30756199170358334,0.3073762154095662,0.902462641840836,0.9020594281071008,0.7700580044778049,0.897406368541996,0.8969792788487176,0.7526454569778374,0.8332735078549995,0.8328288887203084,0.6662608393363932,0.8281626276133814,0.8276964442337124,0.6590455003918929,0.9850746268656716,0.990990990990991,2.7518312319903043e-05,0.13916325569152832
3,0.0,0.0,0.5,0.0,6,23,3,3,0.31164303676596344,0.31171724552657604,0.7354729417434915,0.734633884876582,0.4668474983380486,0.7250071641342934,0.7241254949570672,0.44647024161769056,0.5930736488835705,0.5922017953779825,0.344374365302904,0.5768907032387738,0.5759618527970575,0.3218598099085454,0.9951219512195122,0.9980039920159679,2.3973371241192134e-06,0.17023348808288574
3,0.0,0.0,0.5,0.0,7,16,4,4,0.30225652517010054,0.3021997676838216,0.9062134325366955,0.9058270894842648,0.7840181975146335,0.9059896953135614,0.9056014712345598,0.78488266182146,0.5873387821333589,0.5862432727316306,0.31946428176436936,0.5748290461154254,0.5736875181321726,0.30027918183731894,0.9861111111111112,0.991689363782387,2.484556090800755e-05,0.07512140274047852
3,0.0,0.0,0.5,0.0,8,22,3,3,0.3129016539548131,0.31276217198390466,0.7503978476511641,0.7496157526369165,0.4999303752085892,0.7595386266093844,0.7587891678710779,0.523012647821584,0.5990802078518591,0.5982351530737282,0.3491499427476198,0.5985980779182607,0.5977499332867956,0.3492141733820439,0.9850746268656716,0.990990990990991,4.010967393777969e-05,0.28997087478637695
3,0.0,0.0,0.5,0.0,9,25,3,3,0.31989001230886505,0.31988146072674917,0.7382712632211267,0.7374429749388643,0.4728567797325691,0.7375733655715297,0.7367405406672015,0.4724246305454723,0.5972831916700859,0.5964229904379739,0.35212464349252864,0.5960555189006077,0.5951809391979391,0.35653127194845763,0.9850746268656716,0.990990990990991,2.4132695435558592e-05,0.2469801902770996
3,0.0,0.0,0.5,0.25,0,49,4,4,0.29268590417882967,0.2924940346636298,0.9032922516795583,0.9028927793128343,0.7730668342239174,0.9037907607564276,0.9033926442098374,0.7752391372397232,0.5824622892768059,0.5813499290240142,0.3104286934092968,0.5710951027994496,0.5699404978572171,0.2922549271034125,0.9850746268656716,0.990990990990991,2.758687279703258e-05,0.8893992900848389
3,0.0,0.0,0.5,0.25,1,27,3,3,0.29479873514155075,0.2948250570627073,0.7964875200702813,0.7958739447619763,0.6258352922217565,0.8021489417124285,0.8015540214626932,0.6413806962628472,0.6678252372828262,0.6671600065866087,0.4912865988346346,0.6631635923571185,0.6624852435215407,0.4806777554355714,0.9861111111111112,0.991689363782387,2.3923264504294357e-05,0.3716416358947754
3,0.0,0.0,0.5,0.25,2,109,2,2,0.30676087177327976,0.30676087177327976,0.5886439109427256,0.587918508065989,0.3721699660878811,0.5843445647456531,0.5836076786123202,0.3649394192885749,0.8305539068239395,0.8303432824176652,0.8446015258713421,0.8355924525231782,0.8353842128672957,0.8588617959976426,0.9924242424242424,0.9959326415022617,6.965388707697484e-06,2.073836326599121
3,0.0,0.0,0.5,0.25,3,26,3,3,0.3034411497477426,0.3031720513147306,0.7919171422000004,0.7912873128296978,0.6146580667163571,0.7916267295012033,0.7909944647108239,0.6144266258107057,0.6767309907196808,0.6760802349471642,0.5172806047229517,0.676923515689911,0.6762649947927467,0.5243675728058969,0.9850746268656716,0.990990990990991,2.6518645153587785e-05,0.4160177707672119
3,0.0,0.0,0.5,0.25,4,27,3,3,0.29218812907527586,0.2924978798475078,0.7964944021672811,0.7958808511897366,0.6258578876687111,0.8021489417124285,0.8015540214626932,0.6413806962628472,0.39880779060590493,0.3976038206731392,0.17646584903433613,0.39339458151409673,0.39217294967754845,0.17010623090404783,0.9861111111111112,0.991689363782387,2.400256806078544e-05,0.48386716842651367
3,0.0,0.0,0.5,0.25,5,15,4,4,0.30225652517010054,0.30219976768382173,0.9062134325366954,0.9058270894842647,0.7840181975146335,0.9059896953135614,0.9056014712345598,0.78488266182146,0.5873387821333589,0.5862432727316306,0.31946428176436936,0.5748290461154254,0.5736875181321726,0.30027918183731894,0.9861111111111112,0.991689363782387,2.484556090800766e-05,0.0996708869934082
3,0.0,0.0,0.5,0.25,6,23,3,3,0.2958169263669707,0.2954999366012556,0.7903747757157535,0.7897394336368198,0.6111150880111534,0.7849276230002521,0.7842712471813089,0.5998687124749003,0.6744795284020028,0.6738230938521524,0.5135291189465606,0.6670370059186,0.6663531018504028,0.5086807911004654,0.9923664122137404,0.9958938530367101,1.0411539276593859e-05,0.2502591609954834
3,0.0,0.0,0.5,0.25,7,31,3,3,0.2950513599127718,0.2953021663146494,0.7893604470334368,0.7887214729506181,0.6087639900510177,0.7889606460971246,0.7883188157233194,0.6085417084158432,0.3861554002614766,0.384916117660302,0.15922745135678004,0.369580369309153,0.36829146223863185,0.13669890873660492,0.9928057553956835,0.9971942446043166,3.982583738058355e-06,0.6943206787109375
3,0.0,0.0,0.5,0.25,8,26,3,3,0.29582723972303326,0.2956706898560772,0.7904764725728852,0.7898414931742512,0.6114464079728974,0.7852802150932446,0.7846251091678986,0.6010060305727019,0.670160016759392,0.669494947133297,0.5032163592211073,0.6603075896392546,0.6596101398698013,0.4926820471129652,0.9924812030075187,0.9959708452170764,1.039364119710391e-05,0.5489602088928223
3,0.0,0.0,0.5,0.25,9,29,3,3,0.2631863863175744,0.2635744348170929,0.7493486030660403,0.7485625405354869,0.4975617130635093,0.7595386266093844,0.7587891678710779,0.523012647821584,0.3142619652421476,0.31281490391764705,0.03686503302345997,0.3157999672802592,0.31435428266173526,0.04215085313814097,0.9861111111111112,0.991689363782387,2.1238474089037805e-05,0.6667063236236572
3,0.0,0.0,0.5,0.5,0,42,2,2,0.30676087177327976,0.30676087177327976,0.5886439109427256,0.587918508065989,0.3721699660878811,0.5843445647456531,0.5836076786123202,0.3649394192885749,0.8305539068239395,0.8303432824176652,0.8446015258713421,0.8355924525231782,0.8353842128672957,0.8588617959976426,0.9924242424242424,0.9959326415022617,6.965388707697484e-06,0.8718390464782715
3,0.0,0.0,0.5,0.5,1,109,3,3,0.29505135991277176,0.2953021663146494,0.7893604470334368,0.7887214729506181,0.6087639900510177,0.7889606460971246,0.7883188157233194,0.6085417084158432,0.3861554002614766,0.384916117660302,0.15922745135678004,0.36958036930915306,0.3682914622386319,0.13669890873660492,0.9928057553956835,0.9971942446043166,3.982583738058355e-06,2.216766119003296
3,0.0,0.0,0.5,0.5,2,48,4,4,0.28999564489917856,0.28967696566936385,0.9041296431413824,0.9037339420232676,0.7760883163884392,0.9000920107272863,0.8996771460213145,0.7622414951112423,0.8316380064779841,0.8311899265252475,0.6606232811996562,0.8255305231223697,0.8250587365522001,0.6500663075088151,0.9850746268656716,0.990990990990991,2.7657088559506675e-05,1.2137255668640137
3,0.0,0.0,0.5,0.5,3,34,4,4,0.28999564489917856,0.28967696566936385,0.9041296431413824,0.9037339420232676,0.7760883163884392,0.9000920107272863,0.8996771460213145,0.7622414951112423,0.8316380064779839,0.8311899265252473,0.6606232811996562,0.8255305231223697,0.8250587365522001,0.6500663075088151,0.9850746268656716,0.990990990990991,2.7657088559506892e-05,0.5974879264831543
3,0.0,0.0,0.5,0.5,4,57,3,3,0.2938321050902911,0.2936534650303344,0.7903227834399137,0.7896872559207784,0.6109458131619562,0.7849276230002521,0.7842712471813089,0.5998687124749003,0.6587311938292049,0.6580429617251703,0.4757043116569948,0.6372585608267675,0.6365134920042134,0.43702870926961385,0.9928057553956835,0.9971942446043166,3.982583738058355e-06,1.546257734298706
3,0.0,0.0,0.5,0.5,5,37,3,3,0.2996560916313663,0.2994088774763782,0.7894055587341606,0.7887667457732628,0.6089106796367217,0.7889606460971244,0.7883188157233192,0.6085417084158432,0.673063740866383,0.6724037268739039,0.5111861484226493,0.6729934599358478,0.672324887732388,0.5180642050574342,0.9924242424242424,0.9959326415022617,1.0332235720102775e-05,0.9565424919128418
3,0.0,0.0,0.5,0.5,6,23,4,4,0.30428482175404264,0.30446028467943204,0.9075030477238635,0.9071224809899361,0.7887321917624809,0.9116055475593928,0.9112424542131328,0.8049349549879696,0.5894891945512665,0.5884010899777646,0.323317771505139,0.5843445647456531,0.5832362201059156,0.31666379824114854,0.9850746268656716,0.990990990990991,4.110934110409517e-05,0.49692749977111816
3,0.0,0.0,0.5,0.5,7,37,4,4,0.30330959509333777,0.30324649544915616,0.908286786541069,0.9079097241974984,0.7915753497024844,0.9083491277292126,0.907971490705844,0.7934094346634827,0.8275657449881185,0.8271091218083316,0.6463279830892504,0.8174624962315958,0.8169738155354499,0.6216283231336616,0.9850746268656716,0.990990990990991,4.110934110409517e-05,0.641578197479248
3,0.0,0.0,0.5,0.5,8,22,3,3,0.29218812907527586,0.2924978798475077,0.7964944021672811,0.7958808511897366,0.6258578876687111,0.8021489417124285,0.8015540214626932,0.6413806962628472,0.39880779060590493,0.3976038206731392,0.17646584903433613,0.39339458151409673,0.39217294967754845,0.17010623090404783,0.9861111111111112,0.991689363782387,2.400256806078544e-05,0.30181097984313965
3,0.0,0.0,0.5,0.5,9,24,3,3,0.29965609163136636,0.2994088774763782,0.7894055587341606,0.7887667457732628,0.6089106796367217,0.7889606460971244,0.7883188157233192,0.6085417084158432,0.673063740866383,0.6724037268739039,0.5111861484226493,0.6729934599358477,0.6723248877323879,0.5180642050574342,0.9924242424242424,0.9959326415022617,1.0332235720102775e-05,0.3821842670440674
3,0.0,0.0,0.5,0.75,0,20,4,4,0.30225652517010054,0.3021997676838216,0.9062134325366954,0.9058270894842647,0.7840181975146335,0.9059896953135614,0.9056014712345598,0.78488266182146,0.5873387821333589,0.5862432727316306,0.31946428176436936,0.5748290461154255,0.5736875181321727,0.30027918183731894,0.9861111111111112,0.991689363782387,2.4845560908007443e-05,0.11168813705444336
3,0.0,0.0,0.5,0.75,1,40,4,4,0.3075619917035833,0.3073762154095663,0.902462641840836,0.9020594281071008,0.7700580044778049,0.897406368541996,0.8969792788487176,0.7526454569778374,0.8332735078549995,0.8328288887203085,0.6662608393363932,0.8281626276133816,0.8276964442337125,0.6590455003918929,0.9850746268656716,0.990990990990991,2.7518312319902826e-05,0.7366132736206055
3,0.0,0.0,0.5,0.75,2,24,4,4,0.30225652517010054,0.30219976768382173,0.9062134325366955,0.9058270894842648,0.7840181975146335,0.9059896953135614,0.9056014712345598,0.78488266182146,0.5873387821333589,0.5862432727316306,0.31946428176436936,0.5748290461154254,0.5736875181321726,0.30027918183731894,0.9861111111111112,0.991689363782387,2.4845560908007876e-05,0.5847890377044678
3,0.0,0.0,0.5,0.75,3,111,10,3,0.1422873318581414,0.2864038568197454,0.6454876836826119,0.6417025328793262,0.4964360644335364,0.7849276230002521,0.7842712471813089,0.5998687124749003,0.4747730520169091,0.4713328636520243,0.2979015994053844,0.6670370059186,0.6663531018504028,0.5086807911004654,0,0.0,inf,2.361576557159424
3,0.0,0.0,0.5,0.75,4,27,4,4,0.30225652517010054,0.30219976768382173,0.9062134325366954,0.9058270894842647,0.7840181975146335,0.9059896953135614,0.9056014712345598,0.78488266182146,0.5873387821333589,0.5862432727316306,0.31946428176436936,0.5748290461154254,0.5736875181321726,0.30027918183731894,0.9861111111111112,0.991689363782387,2.4845560908007443e-05,0.1404588222503662
3,0.0,0.0,0.5,0.75,5,41,5,5,0.2961510883554918,0.29594913235497516,1.0,1.0,1.0,1.0,1.0,1.0,0.739964857200733,0.7391430675807577,0.476493102656082,0.7303232410180941,0.7294623299636517,0.45744797462502,0.9850746268656716,0.990990990990991,4.210900827041064e-05,0.7155795097351074
3,0.0,0.0,0.5,0.75,6,28,4,4,0.29268590417882967,0.2924940346636297,0.9032922516795583,0.9028927793128343,0.7730668342239174,0.9037907607564276,0.9033926442098374,0.7752391372397232,0.5824622892768059,0.5813499290240142,0.3104286934092968,0.5710951027994496,0.5699404978572171,0.2922549271034125,0.9850746268656716,0.990990990990991,2.7586872797032364e-05,0.40151381492614746
3,0.0,0.0,0.5,0.75,7,31,5,5,0.2961510883554919,0.2959491323549751,1.0,1.0,1.0,1.0,1.0,1.0,0.739964857200733,0.7391430675807577,0.476493102656082,0.7303232410180941,0.7294623299636518,0.45744797462502,0.9850746268656716,0.990990990990991,4.2109008270411075e-05,0.37108397483825684
3,0.0,0.0,0.5,0.75,8,16,4,4,0.30428482175404264,0.30446028467943204,0.9075030477238635,0.9071224809899361,0.7887321917624809,0.9116055475593928,0.9112424542131328,0.8049349549879696,0.5894891945512665,0.5884010899777646,0.323317771505139,0.5843445647456531,0.5832362201059156,0.31666379824114854,0.9850746268656716,0.990990990990991,4.1109341104095276e-05,0.09154796600341797
3,0.0,0.0,0.5,0.75,9,23,4,4,0.29137481389646563,0.2912005202031929,0.9090437908389912,0.9086701087019787,0.7943429996270311,0.9137594533047027,0.9134059329538328,0.8127690521941776,0.5920564220257112,0.5909771353447553,0.3278765860803966,0.5879863206256295,0.5868905825581722,0.3229571956914917,0.9850746268656716,0.990990990990991,4.110934110409517e-05,0.35624051094055176
3,0.0,0.0,0.5,1.0,0,63,10,3,0.08675974533219306,0.23348607778844394,0.5029239904528013,0.4977172476040033,0.2871487253889426,0.7250071641342934,0.7241254949570672,0.44647024161769056,0.33709643703193193,0.3328490991635094,0.11736773312834199,0.5768907032387738,0.5759618527970575,0.3218598099085454,0,0.0,inf,1.2428545951843262
3,0.0,0.0,0.5,1.0,1,116,10,4,0.14302756728541194,0.2811183501628786,0.7271061926765586,0.7243710785212361,0.5518566078608111,0.9116055475593928,0.9112424542131328,0.8049349549879696,0.4568712866317941,0.45357182312924216,0.19120072236721616,0.5843445647456531,0.5832362201059156,0.31666379824114854,0,0.0,inf,2.231884479522705
3,0.0,0.0,0.5,1.0,2,30,10,5,0.1714353214138177,0.2923242024874352,0.8420358240564292,0.840489746703121,0.726709346418887,1.0,1.0,1.0,0.5948399850046874,0.5924473077921087,0.30278270024401177,0.7303232410180941,0.7294623299636517,0.45744797462502,0,0.0,inf,0.5012855529785156
3,0.0,0.0,0.5,1.0,3,1000,10,4,0.14564406385325482,0.29110787164192464,0.6963270222095016,0.6932759959757682,0.5293345761726523,0.897406368541996,0.8969792788487176,0.7526454569778374,0.573566417369886,0.5709682313120196,0.33961742724024624,0.8281626276133816,0.8276964442337125,0.6590455003918929,0,0.0,inf,21.351947784423828
3,0.0,0.0,0.5,1.0,4,35,10,3,0.12031249891859198,0.29154068401598177,0.6212810219622024,0.617396962039889,0.44839510739748206,0.7926764584473263,0.7920479364188315,0.6178455857756018,0.45308558689120876,0.44967041830880733,0.25738752033439555,0.6489462238665674,0.6482315250053116,0.4562355416832998,0,0.0,inf,0.8256466388702393
3,0.0,0.0,0.5,1.0,5,28,10,4,0.15232603389917812,0.2935647609869107,0.7337618200917074,0.7310940310573472,0.5684221352495941,0.9116055475593928,0.9112424542131328,0.8049349549879696,0.4616971006054403,0.4584278577703819,0.1999484996173932,0.5843445647456531,0.5832362201059156,0.31666379824114854,0,0.0,inf,0.5408096313476562
3,0.0,0.0,0.5,1.0,6,35,10,4,0.1381433967581687,0.2773672553995171,0.7117712753460083,0.7088838174557824,0.5357907117268483,0.9083491277292126,0.907971490705844,0.7934094346634827,0.5717872302348559,0.5691873391072243,0.32943224729809445,0.8174624962315958,0.8169738155354499,0.6216283231336616,0,0.0,inf,0.6840698719024658
3,0.0,0.0,0.5,1.0,7,1000,10,4,0.14246598728784235,0.28641876724347365,0.6947487410627278,0.6916816533311573,0.5254221753298679,0.897406368541996,0.8969792788487176,0.7526454569778374,0.6225927174801543,0.6202930562019777,0.36787260833407887,0.8281626276133816,0.8276964442337125,0.6590455003918929,0,0.0,inf,21.557581186294556
3,0.0,0.0,0.5,1.0,8,54,10,2,0.08344575652798442,0.29051475140686145,0.46158029243065163,0.4558622915073855,0.2931623086757954,0.5879077429223252,0.5871790535706989,0.3717161405198315,0.24365199527835932,0.23872539775493876,0.08707390958337857,0.3583049328090519,0.3574951225917129,0.21372048023913012,0,0.0,inf,1.6948339939117432
3,0.0,0.0,0.5,1.0,9,45,10,4,0.1418354042219533,0.2903568859518139,0.6937444214568407,0.6906736409678342,0.5205137684882384,0.9059896953135614,0.9056014712345598,0.78488266182146,0.4597099453088409,0.45642604592699465,0.19797725808714403,0.5748290461154255,0.5736875181321727,0.30027918183731894,0,0.0,inf,1.3391177654266357
3,0.0,0.0,0.75,0.0,0,53,10,4,0.17334868502084758,0.20641483358335108,0.6854558037816177,0.6817825015983063,0.5208366597255476,0.9037907607564276,0.9033926442098374,0.7752391372397232,0.3488130490976769,0.3440814097571556,0.1246554559527083,0.5710951027994496,0.5699404978572171,0.2922549271034125,0,0.0,inf,1.7765789031982422
3,0.0,0.0,0.75,0.0,1,112,10,4,0.1885873630307017,0.23136016044355956,0.7082673283857803,0.7048698938577577,0.5368759048572829,0.897406368541996,0.8969792788487176,0.7526454569778374,0.5686177336297723,0.5654940737067271,0.4116718860477057,0.8281626276133814,0.8276964442337124,0.6590455003918929,0,0.0,inf,3.4938676357269287
3,0.0,0.0,0.75,0.0,2,50,10,3,0.18712026774466395,0.294681010756825,0.6690616777710153,0.6651995518610136,0.512850530802257,0.792676458447326,0.7920479364188314,0.6178455857756018,0.5088005495010384,0.5052344334932255,0.33051399673061255,0.6489462238665673,0.6482315250053114,0.4562355416832998,0,0.0,inf,1.1171436309814453
3,0.0,0.0,0.75,0.0,3,25,10,3,0.19159185345766264,0.2980757516264218,0.6893987711815929,0.6857824625153692,0.5280135225302468,0.8019282820082536,0.8013325861275414,0.6406540834881669,0.3550058267063133,0.3503367938719293,0.13195544338924914,0.39299760652501203,0.3917748685998332,0.16938304041028776,0,0.0,inf,0.760183572769165
3,0.0,0.0,0.75,0.0,4,40,10,3,0.18510258381981134,0.2898818870475994,0.668024575826033,0.6641446252316252,0.5111650343634044,0.7889606460971246,0.7883188157233194,0.6085417084158432,0.3375001741296981,0.3326815684243548,0.11792518323537082,0.36958036930915306,0.3682914622386319,0.13669890873660492,0,0.0,inf,1.505967140197754
3,0.0,0.0,0.75,0.0,5,29,10,3,0.19063349317246658,0.29805022124646924,0.692296492349673,0.6887139216509788,0.5271584125993284,0.8019282820082536,0.8013325861275414,0.6406540834881669,0.35864288604404904,0.3540001814311771,0.13131923365851714,0.39299760652501203,0.3917748685998332,0.16938304041028776,0,0.0,inf,1.529693603515625
3,0.0,0.0,0.75,0.0,6,30,10,3,0.1807895451016856,0.2882791824673395,0.6612223069268395,0.6572615118191469,0.49921673656919135,0.7889606460971246,0.7883188157233194,0.6085417084158432,0.3178972431915714,0.3129339563766839,0.10769723294951754,0.36958036930915306,0.3682914622386319,0.13669890873660492,0,0.0,inf,1.542142629623413
3,0.0,0.0,0.75,0.0,7,26,4,4,0.2869099494121842,0.28655480444348697,0.9019138104143678,0.901508118740358,0.76805910791063,0.8974063685419958,0.8969792788487174,0.7526454569778374,0.5801585390045755,0.5790381841833446,0.30625770311642325,0.5602281539441709,0.5590350821308032,0.2730752262032187,0.9928057553956835,0.9971942446043166,4.98225090437383e-06,0.6572725772857666
3,0.0,0.0,0.75,0.0,8,21,4,4,0.30756199170358334,0.3073762154095663,0.902462641840836,0.9020594281071008,0.7700580044778049,0.897406368541996,0.8969792788487176,0.7526454569778374,0.8332735078549995,0.8328288887203085,0.6662608393363932,0.8281626276133814,0.8276964442337124,0.6590455003918929,0.9850746268656716,0.990990990990991,2.7518312319903043e-05,0.1670372486114502
3,0.0,0.0,0.75,0.0,9,45,10,3,0.18349231497864327,0.2885973575465627,0.6634826875393319,0.6595483195094977,0.5040526627371558,0.7889606460971246,0.7883188157233194,0.6085417084158432,0.3207372908554835,0.3157946695062949,0.11133053926763915,0.369580369309153,0.36829146223863185,0.13669890873660492,0,0.0,inf,1.2665472030639648
3,0.0,0.0,0.75,0.25,0,59,4,4,0.29137481389646575,0.2912005202031929,0.9090437908389912,0.9086701087019787,0.7943429996270311,0.9137594533047027,0.9134059329538328,0.8127690521941776,0.5920564220257112,0.5909771353447553,0.3278765860803966,0.5879863206256295,0.5868905825581722,0.3229571956914917,0.9850746268656716,0.990990990990991,4.1109341104095276e-05,1.70973539352417
3,0.0,0.0,0.75,0.25,1,40,10,3,0.1629136468625692,0.292489811792979,0.653273956618114,0.649428017705408,0.4953224347823364,0.7849276230002521,0.7842712471813089,0.5998687124749003,0.489769591378736,0.4862748911284319,0.3090010547659931,0.6670370059186,0.6663531018504028,0.5086807911004654,0,0.0,inf,1.0658342838287354
3,0.0,0.0,0.75,0.25,2,36,10,4,0.16963349834836075,0.23821244362417432,0.6984633296563193,0.6951277365355029,0.5076539360771614,0.9059896953135614,0.9056014712345598,0.78488266182146,0.3815300081396837,0.37730813584285106,0.1280705524470361,0.5748290461154255,0.5736875181321727,0.30027918183731894,0,0.0,inf,0.9154236316680908
3,0.0,0.0,0.75,0.25,3,36,10,3,0.16315456953258026,0.30018614748255334,0.6337464783019978,0.6295667892822507,0.396033029044449,0.7481612335885639,0.7473688711868739,0.49755280006294755,0.4506065383658949,0.44670859441407496,0.18427750020094713,0.5810891359137416,0.5801926807359072,0.3179041264978014,0,0.0,inf,0.9410414695739746
3,0.0,0.0,0.75,0.25,4,32,10,3,0.1646305290971529,0.29743118505043126,0.6600167740084139,0.6562466701978082,0.49575313072424293,0.792676458447326,0.7920479364188314,0.6178455857756018,0.4909374170711836,0.4874518934092846,0.28878370491942135,0.6489462238665673,0.6482315250053114,0.4562355416832998,0,0.0,inf,0.8627445697784424
3,0.0,0.0,0.75,0.25,5,28,10,3,0.16680001075573764,0.30031070360031126,0.6655034995139015,0.6617970774390345,0.5008194499661461,0.7916267295012033,0.7909944647108239,0.6144266258107057,0.5062038354597129,0.5028260390170098,0.3160491383251734,0.676923515689911,0.6762649947927467,0.5243675728058969,0,0.0,inf,0.7069227695465088
3,0.0,0.0,0.75,0.25,6,29,10,3,0.16431416360232387,0.3073083805243733,0.6327723519523394,0.6285880329867024,0.39084725373009915,0.7595386266093844,0.7587891678710779,0.523012647821584,0.4425144205639057,0.43856666795724486,0.1938814510033564,0.5985980779182607,0.5977499332867956,0.3492141733820439,0,0.0,inf,0.7615046501159668
3,0.0,0.0,0.75,0.25,7,111,10,3,0.16458963328024193,0.29082364539014904,0.6557715073772916,0.6519563321378726,0.495769336979462,0.7921997857472497,0.7915695648752535,0.6162892627615703,0.5378476688624557,0.5346853915801488,0.36070980167915745,0.6705723119966838,0.6699012798556625,0.5090921424894774,0,0.0,inf,3.3598480224609375
3,0.0,0.0,0.75,0.25,8,32,10,4,0.17399117838048134,0.24925691230297772,0.704655639128191,0.7013945255197201,0.5251663564063157,0.897406368541996,0.8969792788487176,0.7526454569778374,0.5600301855792135,0.5570335715305197,0.38744716083398484,0.8281626276133816,0.8276964442337125,0.6590455003918929,0,0.0,inf,0.8749380111694336
3,0.0,0.0,0.75,0.25,9,19,4,4,0.3022565251701005,0.3021997676838216,0.9062134325366955,0.9058270894842648,0.7840181975146335,0.9059896953135614,0.9056014712345598,0.78488266182146,0.5873387821333589,0.5862432727316306,0.31946428176436936,0.5748290461154254,0.5736875181321726,0.30027918183731894,0.9861111111111112,0.991689363782387,2.4845560908007117e-05,0.10510802268981934
3,0.0,0.0,0.75,0.5,0,23,4,4,0.29137481389646563,0.2912005202031929,0.9090437908389912,0.9086701087019787,0.7943429996270311,0.9137594533047027,0.9134059329538328,0.8127690521941776,0.5920564220257112,0.5909771353447553,0.3278765860803966,0.5879863206256295,0.5868905825581722,0.3229571956914917,0.9850746268656716,0.990990990990991,4.110934110409517e-05,0.4803304672241211
3,0.0,0.0,0.75,0.5,1,218,10,4,0.14869384799481142,0.23698803162772114,0.6795643639328549,0.6761465678689331,0.4770153458040929,0.9083491277292126,0.907971490705844,0.7934094346634827,0.5144808164502185,0.5113047017412419,0.3025493808829685,0.8174624962315958,0.8169738155354499,0.6216283231336616,0,0.0,inf,5.478271484375
3,0.0,0.0,0.75,0.5,2,44,4,4,0.30756199170358317,0.3073762154095662,0.902462641840836,0.9020594281071008,0.7700580044778049,0.897406368541996,0.8969792788487176,0.7526454569778374,0.8332735078549995,0.8328288887203085,0.6662608393363932,0.8281626276133816,0.8276964442337125,0.6590455003918929,0.9850746268656716,0.990990990990991,2.7518312319903043e-05,1.1720211505889893
3,0.0,0.0,0.75,0.5,3,36,4,4,0.2878514609258369,0.287719889790186,0.9069960203513316,0.9066131841674229,0.7868715044443074,0.9116055475593928,0.9112424542131328,0.8049349549879696,0.5886439109427256,0.5875528978883743,0.32179929612451813,0.5843445647456531,0.5832362201059156,0.31666379824114854,0.9861111111111112,0.991689363782387,2.4922931670610373e-05,1.2463774681091309
3,0.0,0.0,0.75,0.5,4,49,2,2,0.30254059460160804,0.3025405946016079,0.5933918153386777,0.5926772493795246,0.3814880303054271,0.5976802337166613,0.5969738544387009,0.39109438552078163,0.35106802469867254,0.3502652674629063,0.19014367174674995,0.3381718605862629,0.3373449913477328,0.17299042327272104,0.9928057553956835,0.9971942446043166,2.982916571742881e-06,1.2544794082641602
3,0.0,0.0,0.75,0.5,5,48,10,3,0.13313075450564774,0.27039621731254215,0.6308475333105847,0.626888237341278,0.46001260334009936,0.7916267295012034,0.790994464710824,0.6144266258107057,0.33639612135192726,0.3320255315350192,0.10747248656863588,0.37440901171420427,0.3731338810288384,0.14279638485309123,0,0.0,inf,1.359827995300293
3,0.0,0.0,0.75,0.5,6,56,4,4,0.28785146092583686,0.28771988979018587,0.9069960203513316,0.9066131841674229,0.7868715044443074,0.9116055475593928,0.9112424542131328,0.8049349549879696,0.5886439109427256,0.5875528978883743,0.32179929612451813,0.5843445647456531,0.5832362201059156,0.31666379824114854,0.9861111111111112,0.991689363782387,2.492293167061059e-05,1.4701261520385742
3,0.0,0.0,0.75,0.5,7,34,4,3,0.24991102429616932,0.299793104909018,0.7447441051554345,0.7436724408958388,0.5929612667412468,0.7889606460971244,0.7883188157233192,0.6085417084158432,0.6029129160360168,0.6018330308441828,0.3698513819438109,0.6729934599358477,0.6723248877323879,0.5180642050574342,0,0.0,inf,0.49371767044067383
3,0.0,0.0,0.75,0.5,8,70,4,4,0.3042848217540427,0.30446028467943204,0.9075030477238635,0.9071224809899361,0.7887321917624809,0.9116055475593928,0.9112424542131328,0.8049349549879696,0.5894891945512666,0.5884010899777649,0.323317771505139,0.5843445647456531,0.5832362201059156,0.31666379824114854,0.9850746268656716,0.990990990990991,4.110934110409517e-05,2.018235206604004
3,0.0,0.0,0.75,0.5,9,90,10,4,0.1528931249678076,0.24458255797038123,0.6956612309820281,0.692420217716415,0.4912732132567489,0.9059896953135614,0.9056014712345598,0.78488266182146,0.38999207579438666,0.3860092296496596,0.12714041831911824,0.5748290461154254,0.5736875181321726,0.30027918183731894,0,0.0,inf,2.8520355224609375
3,0.0,0.0,0.75,0.75,0,32,10,3,0.12726345717054624,0.30333249321662303,0.6364397417797771,0.6325795601599635,0.39408828152135644,0.7595386266093844,0.7587891678710779,0.523012647821584,0.4233378799849044,0.4195818393374405,0.15397407528941623,0.5985980779182607,0.5977499332867956,0.3492141733820439,0,0.0,inf,0.8554298877716064
3,0.0,0.0,0.75,0.75,1,64,10,3,0.12503232012162188,0.29042387459611263,0.6460810825196239,0.6424188886861717,0.47151375595186656,0.7849276230002521,0.7842712471813089,0.5998687124749003,0.4631203122339441,0.45973173757983243,0.24422996147312484,0.6670370059186,0.6663531018504028,0.5086807911004654,0,0.0,inf,1.8458127975463867
3,0.0,0.0,0.75,0.75,2,25,4,4,0.3033095950933378,0.30324649544915616,0.908286786541069,0.9079097241974984,0.7915753497024844,0.9083491277292126,0.907971490705844,0.7934094346634827,0.8275657449881185,0.8271091218083316,0.6463279830892504,0.8174624962315958,0.8169738155354499,0.6216283231336616,0.9850746268656716,0.990990990990991,4.110934110409517e-05,0.594144344329834
3,0.0,0.0,0.75,0.75,3,16,4,3,0.24898610043350958,0.32029709456408684,0.7159941435462583,0.7147884772649268,0.5341499927284542,0.7375733655715297,0.7367405406672015,0.4724246305454723,0.5208062490058261,0.519484092301094,0.2877930997977992,0.5960555189006077,0.5951809391979391,0.35653127194845763,0,0.0,inf,0.13212299346923828
3,0.0,0.0,0.75,0.75,4,16,4,4,0.30225652517010054,0.30219976768382173,0.9062134325366954,0.9058270894842647,0.7840181975146335,0.9059896953135614,0.9056014712345598,0.78488266182146,0.5873387821333589,0.5862432727316306,0.31946428176436936,0.5748290461154254,0.5736875181321726,0.30027918183731894,0.9861111111111112,0.991689363782387,2.484556090800766e-05,0.09961128234863281
3,0.0,0.0,0.75,0.75,5,26,4,3,0.2275338443654277,0.30012458306603523,0.746345899311233,0.7452907320749065,0.6029787170433042,0.7926764584473263,0.7920479364188315,0.6178455857756018,0.6166889094370146,0.6156586241035346,0.4962833253188037,0.6489462238665674,0.6482315250053116,0.4562355416832998,0,0.0,inf,0.2955470085144043
3,0.0,0.0,0.75,0.75,6,39,10,3,0.12456455021932178,0.2930957696001557,0.6521918261637298,0.6485984960810464,0.46759347936227036,0.8021489417124285,0.8015540214626932,0.6413806962628472,0.35025739906449777,0.34616425504062964,0.12241085395647994,0.39339458151409673,0.39217294967754845,0.17010623090404783,0,0.0,inf,1.0641355514526367
3,0.0,0.0,0.75,0.75,7,40,4,4,0.2926859041788298,0.2924940346636297,0.9032922516795583,0.9028927793128343,0.7730668342239174,0.9037907607564276,0.9033926442098374,0.7752391372397232,0.5824622892768059,0.5813499290240142,0.3104286934092968,0.5710951027994496,0.5699404978572171,0.2922549271034125,0.9850746268656716,0.990990990990991,2.7586872797032147e-05,1.198885202407837
3,0.0,0.0,0.75,0.75,8,47,10,3,0.13036113852918957,0.29544056323605716,0.6902547050155524,0.6870541021439611,0.513385585884337,0.8021489417124285,0.8015540214626932,0.6413806962628472,0.5123341704665907,0.5092614504737119,0.25770947007642,0.6631635923571185,0.6624852435215407,0.4806777554355714,0,0.0,inf,1.4130525588989258
3,0.0,0.0,0.75,0.75,9,21,10,3,0.12096752107274757,0.28988065058336937,0.6429957882854327,0.6393022180965227,0.4703452195729523,0.7889606460971246,0.7883188157233194,0.6085417084158432,0.3554309059391307,0.35136338159457153,0.12694996928532254,0.369580369309153,0.36829146223863185,0.13669890873660492,0,0.0,inf,0.5079917907714844
3,0.0,0.0,0.75,1.0,0,120,10,4,0.12271131569121901,0.27145874814983434,0.676780255532525,0.6735837669832817,0.5019498524913865,0.9000920107272863,0.8996771460213145,0.7622414951112423,0.589559678033415,0.5871047967336395,0.3381070646642673,0.8255305231223697,0.8250587365522001,0.6500663075088151,0,0.0,inf,3.855097770690918
3,0.0,0.0,0.75,1.0,1,24,10,4,0.12293745673735425,0.2582104029011811,0.669280286057601,0.6660224691287758,0.49856261715058386,0.9116055475593928,0.9112424542131328,0.8049349549879696,0.43397570484278203,0.43060623947188564,0.17471221729305186,0.5843445647456531,0.5832362201059156,0.31666379824114854,0,0.0,inf,0.7874264717102051
3,0.0,0.0,0.75,1.0,2,110,10,3,0.10050447660057382,0.2828128008619234,0.6042344562002425,0.6002732150836949,0.42107571343645134,0.7849276230002521,0.7842712471813089,0.5998687124749003,0.4420314154318187,0.4386461474523709,0.22813281322773932,0.6670370059186,0.6663531018504028,0.5086807911004654,0,0.0,inf,4.846906661987305
3,0.0,0.0,0.75,1.0,3,82,10,5,0.1597032582299716,0.2932225475557167,0.829514250220053,0.8278664489346005,0.691652038545542,1.0,1.0,1.0,0.5958398907681582,0.5934877524305398,0.28582964425880514,0.7303232410180941,0.7294623299636518,0.45744797462502,0,0.0,inf,2.145575761795044
3,0.0,0.0,0.75,1.0,4,49,10,3,0.0989788936236445,0.2756406656835149,0.6042200672565514,0.6002628895722781,0.4136729723837878,0.8021489417124285,0.8015540214626932,0.6413806962628472,0.3052037838736392,0.30099375271670986,0.10188983446820578,0.39339458151409673,0.39217294967754845,0.17010623090404783,0,0.0,inf,1.3974039554595947
3,0.0,0.0,0.75,1.0,5,38,10,4,0.135345687259198,0.284027764647632,0.710338202267888,0.7074832731530576,0.5368346249420313,0.9059896953135614,0.9056014712345598,0.78488266182146,0.4381307027368998,0.43478377299588344,0.18472457041475718,0.5748290461154254,0.5736875181321726,0.30027918183731894,0,0.0,inf,0.7002556324005127
3,0.0,0.0,0.75,1.0,6,120,10,4,0.13965576031239085,0.2958228531317465,0.7130874157037443,0.7102630145525837,0.5388002530160548,0.9083491277292126,0.907971490705844,0.7934094346634827,0.6089008429897022,0.6065745470124229,0.3295085926590302,0.8174624962315958,0.8169738155354499,0.6216283231336616,0,0.0,inf,2.5313913822174072
3,0.0,0.0,0.75,1.0,7,41,10,5,0.15875813330576888,0.2921290545137999,0.8316930992989301,0.8300663573120853,0.6913261676154369,1.0,1.0,1.0,0.5855188621200454,0.5831066572726147,0.2832526776593806,0.7303232410180941,0.7294623299636517,0.45744797462502,0,0.0,inf,0.6765825748443604
3,0.0,0.0,0.75,1.0,8,33,10,4,0.13131013007860184,0.28311572436609383,0.6961921429119111,0.6931963831563539,0.5118132697614706,0.897406368541996,0.8969792788487176,0.7526454569778374,0.559985952128356,0.5573634063308625,0.3061058193495723,0.8281626276133814,0.8276964442337124,0.6590455003918929,0,0.0,inf,0.7573509216308594
3,0.0,0.0,0.75,1.0,9,85,10,3,0.09541594017065337,0.2728479243434563,0.6132212296480336,0.609351379969129,0.41671690046107773,0.7916267295012033,0.7909944647108239,0.6144266258107057,0.4310924943474227,0.4276424071035603,0.20916284473521624,0.676923515689911,0.6762649947927467,0.5243675728058969,0,0.0,inf,2.1501693725585938
3,0.0,0.0,1.0,0.0,0,23,10,4,0.16589205315752503,0.28047392504214297,0.7523286980212408,0.7497204050403781,0.6371994458837908,0.9083491277292126,0.907971490705844,0.7934094346634827,0.46904647267716015,0.4656300926429153,0.23392121531082685,0.5788304759989464,0.5777029410434702,0.3072954269871484,0,0.0,inf,0.35819292068481445
3,0.0,0.0,1.0,0.0,1,38,10,4,0.16845107855235628,0.27873356633232516,0.7230165996440614,0.7200995712690843,0.5850799453832748,0.9116055475593928,0.9112424542131328,0.8049349549879696,0.43397154279623423,0.43032941233762595,0.19978006067339607,0.5843445647456531,0.5832362201059156,0.31666379824114854,0,0.0,inf,0.7191605567932129
3,0.0,0.0,1.0,0.0,2,39,10,4,0.18764586601280067,0.3064500366367587,0.765824721680228,0.7633519620492537,0.6245178778726945,0.897406368541996,0.8969792788487176,0.7526454569778374,0.65362951449525,0.6513935424709484,0.4369859399222413,0.8281626276133814,0.8276964442337124,0.6590455003918929,0,0.0,inf,0.6258859634399414
3,0.0,0.0,1.0,0.0,3,24,10,4,0.18823302316127322,0.3064590645361114,0.7658247216802275,0.7633519620492534,0.6245178778726945,0.897406368541996,0.8969792788487176,0.7526454569778374,0.65362951449525,0.6513935424709484,0.4369859399222413,0.8281626276133816,0.8276964442337125,0.6590455003918929,0,0.0,inf,0.44727468490600586
3,0.0,0.0,1.0,0.0,4,27,10,3,0.15028131541525228,0.288551914934268,0.6388447532705436,0.6348928752265258,0.49188101033310466,0.8021489417124285,0.8015540214626932,0.6413806962628472,0.3302183412528485,0.32570539075936544,0.12566758049386081,0.39339458151409673,0.39217294967754845,0.17010623090404783,0,0.0,inf,0.6753301620483398
3,0.0,0.0,1.0,0.0,5,21,10,5,0.17356908691740724,0.2529480308248141,0.776157844208866,0.7738853219435702,0.6800543294042745,1.0,1.0,1.0,0.5151092107484199,0.5121227636870306,0.2712928562323845,0.7303232410180941,0.7294623299636517,0.45744797462502,0,0.0,inf,0.49614834785461426
3,0.0,0.0,1.0,0.0,6,91,10,3,0.12101171144773193,0.26507237256709804,0.5237294907922176,0.5184024242379545,0.31578006453778246,0.7375733655715297,0.7367405406672015,0.4724246305454723,0.3707956247068846,0.36643968443059094,0.18889260331477384,0.5960555189006077,0.5951809391979391,0.35653127194845763,0,0.0,inf,2.497915029525757
3,0.0,0.0,1.0,0.0,7,36,10,4,0.1915302843965828,0.3065694108830596,0.7765767612281763,0.7742175371058843,0.6361655499477841,0.897406368541996,0.8969792788487176,0.7526454569778374,0.6536295144952501,0.6513935424709485,0.4369859399222413,0.8281626276133816,0.8276964442337125,0.6590455003918929,0,0.0,inf,0.6632721424102783
3,0.0,0.0,1.0,0.0,8,46,10,4,0.15741483894554165,0.22343785927734064,0.6402608439592231,0.6362474804860078,0.4270258320075116,0.9059896953135614,0.9056014712345598,0.78488266182146,0.31649935902776327,0.31178252025706055,0.058596186955092916,0.5748290461154254,0.5736875181321726,0.30027918183731894,0,0.0,inf,0.8169007301330566
3,0.0,0.0,1.0,0.0,9,28,10,2,0.10382264798942968,0.28440459159397513,0.4555658727755576,0.44923532320853515,0.26354092470531926,0.5960908120545209,0.5953808212273226,0.38786077858471907,0.34047055160858425,0.33568319587589324,0.145095665742434,0.3630009071665581,0.3622037553645316,0.22135304847415632,0,0.0,inf,0.471393346786499
3,0.0,0.0,1.0,0.25,0,46,10,4,0.16970278011100523,0.2972183498334674,0.7406048859010662,0.7379479535473477,0.6036492725577589,0.9083491277292126,0.907971490705844,0.7934094346634827,0.621290287809819,0.6189305236859761,0.38957481518804193,0.8174624962315958,0.8169738155354499,0.6216283231336616,0,0.0,inf,0.8100273609161377
3,0.0,0.0,1.0,0.25,1,54,10,4,0.14778493845786422,0.27350098368809117,0.6877775591141054,0.6845739826388085,0.5358588074787587,0.9000920107272863,0.8996771460213145,0.7622414951112423,0.6289815157645361,0.6266648112500257,0.39633738486825776,0.8255305231223697,0.8250587365522001,0.6500663075088151,0,0.0,inf,1.0078608989715576
3,0.0,0.0,1.0,0.25,2,45,10,4,0.1240197898304342,0.20795107993917056,0.6400483987617457,0.636244546419905,0.43121652507424124,0.9083491277292126,0.907971490705844,0.7934094346634827,0.46631843898626063,0.46286593176986274,0.2548845513812993,0.8174624962315958,0.8169738155354499,0.6216283231336616,0,0.0,inf,0.8609797954559326
3,0.0,0.0,1.0,0.25,3,32,10,3,0.12411429245316313,0.2717717179793932,0.6219530424943102,0.6179669862940771,0.4356422201792221,0.8021489417124285,0.8015540214626932,0.6413806962628472,0.45074629082240397,0.447202833871468,0.2495040235958173,0.6631635923571185,0.6624852435215407,0.4806777554355714,0,0.0,inf,0.5880334377288818
3,0.0,0.0,1.0,0.25,4,58,10,3,0.11824619422255297,0.2720784508643181,0.5645937509292476,0.5599958926192738,0.40422127990419376,0.7921997857472497,0.7915695648752535,0.6162892627615703,0.44098125732894233,0.4373680744192269,0.2610704355668194,0.6705723119966838,0.6699012798556625,0.5090921424894774,0,0.0,inf,1.2277908325195312
3,0.0,0.0,1.0,0.25,5,45,10,4,0.15518711263929202,0.29234672964709213,0.7012138495402338,0.6981460044822096,0.5403595699969159,0.897406368541996,0.8969792788487176,0.7526454569778374,0.582178478368481,0.5795673246210363,0.3658190589903942,0.8281626276133816,0.8276964442337125,0.6590455003918929,0,0.0,inf,0.8830254077911377
3,0.0,0.0,1.0,0.25,6,26,10,4,0.16978443414326447,0.2988718493330455,0.7392508429521637,0.7365796364684748,0.5989370567503152,0.9116055475593928,0.9112424542131328,0.8049349549879696,0.4796579110599074,0.47641502775813593,0.21746166298726094,0.5843445647456531,0.5832362201059156,0.31666379824114854,0,0.0,inf,0.4600656032562256
3,0.0,0.0,1.0,0.25,7,33,10,4,0.12784166287899937,0.22031230639366284,0.6239646070479403,0.6199999429762314,0.4310112822286394,0.9083491277292126,0.907971490705844,0.7934094346634827,0.5065004993395548,0.503316914581924,0.2899751681666614,0.8174624962315958,0.8169738155354499,0.6216283231336616,0,0.0,inf,0.5706071853637695
3,0.0,0.0,1.0,0.25,8,39,10,3,0.12401332651923754,0.2853652530296116,0.5449751430683664,0.5400726130825376,0.3439755106116398,0.7375733655715295,0.7367405406672014,0.4724246305454723,0.38273549087025527,0.37864638558523045,0.17155969100987495,0.5960555189006077,0.595180939197939,0.35653127194845763,0,0.0,inf,0.787266731262207
3,0.0,0.0,1.0,0.25,9,34,10,4,0.15839022912219636,0.2926800174972852,0.7167744379785247,0.7138739678413993,0.5578389307512424,0.9083491277292126,0.907971490705844,0.7934094346634827,0.6348180232536785,0.6325430751746404,0.3913815914370932,0.8174624962315958,0.8169738155354499,0.6216283231336616,0,0.0,inf,1.1251537799835205
3,0.0,0.0,1.0,0.5,0,38,10,3,0.11623395923574041,0.2888357235096404,0.5844044638284216,0.5801379278639617,0.4188605680016074,0.789789857030486,0.789150994948784,0.6112350182388241,0.2963603667542325,0.29196119364608153,0.09839335496471381,0.3710829725937891,0.3697983388154702,0.1394956227629166,0,0.0,inf,0.9687027931213379
3,0.0,0.0,1.0,0.5,1,30,10,5,0.17183108229704394,0.2923894847282122,0.8420358240564292,0.840489746703121,0.726709346418887,1.0,1.0,1.0,0.5948399850046874,0.5924473077921087,0.30278270024401177,0.7303232410180941,0.7294623299636518,0.45744797462502,0,0.0,inf,0.6798303127288818
3,0.0,0.0,1.0,0.5,2,116,10,4,0.15310584960689924,0.295605338912578,0.7316418907409646,0.7289532988136669,0.57203265341266,0.9083491277292126,0.907971490705844,0.7934094346634827,0.6204717038222464,0.6181671919710393,0.35843526795050773,0.8174624962315958,0.8169738155354499,0.6216283231336616,0,0.0,inf,2.8077139854431152
3,0.0,0.0,1.0,0.5,3,46,10,3,0.1171511488339182,0.28797900699417517,0.603445684656335,0.5993851379234073,0.43350726738091216,0.8019282820082536,0.8013325861275414,0.6406540834881669,0.3187152139511134,0.31446912396082644,0.10980023848413731,0.39299760652501203,0.3917748685998332,0.16938304041028776,0,0.0,inf,1.0649378299713135
3,0.0,0.0,1.0,0.5,4,38,10,4,0.11395483044910698,0.2210471593888355,0.6197094701519696,0.6158158526214511,0.41723037010239106,0.9116055475593928,0.9112424542131328,0.8049349549879696,0.35668207955133496,0.3526731114980559,0.12091863565604487,0.5843445647456531,0.5832362201059156,0.31666379824114854,0,0.0,inf,0.9679906368255615
3,0.0,0.0,1.0,0.5,5,112,10,4,0.1410716303476031,0.28326826610915323,0.7140902156121459,0.7112257195959439,0.5649446954448338,0.9137594533047027,0.9134059329538328,0.8127690521941776,0.44347140271848423,0.4400920590322752,0.198102180376059,0.5879863206256295,0.5868905825581722,0.3229571956914917,0,0.0,inf,4.6214447021484375
3,0.0,0.0,1.0,0.5,6,41,10,5,0.14268541186018177,0.22934789755674584,0.7521511483015167,0.7496700446581633,0.5772121130073327,1.0,1.0,1.0,0.6198788633241541,0.617573009293931,0.3557521034260478,0.7303232410180941,0.7294623299636517,0.45744797462502,0,0.0,inf,2.0079433917999268
3,0.0,0.0,1.0,0.5,7,32,10,5,0.17222922051732997,0.29351563239106404,0.8422497622671024,0.8407057788380689,0.7258643729177566,1.0,1.0,1.0,0.6043313437181349,0.6019947178355731,0.30439249775386346,0.7303232410180941,0.7294623299636517,0.45744797462502,0,0.0,inf,1.0112888813018799
3,0.0,0.0,1.0,0.5,8,37,10,4,0.13865632440203496,0.2795200257754751,0.7072964040681501,0.7043633196743738,0.5319614362995074,0.9116055475593928,0.9112424542131328,0.8049349549879696,0.4239023416740652,0.4204034192519227,0.1762871845191725,0.5843445647456531,0.5832362201059156,0.31666379824114854,0,0.0,inf,1.4411017894744873
3,0.0,0.0,1.0,0.5,9,37,10,4,0.12322464311428798,0.22680490298474618,0.6246775492078651,0.6208244598572787,0.43334840589870816,0.9059896953135614,0.9056014712345598,0.78488266182146,0.3427781351104954,0.3386691670855222,0.10897993747006857,0.5748290461154254,0.5736875181321726,0.30027918183731894,0,0.0,inf,1.4376246929168701
3,0.0,0.0,1.0,0.75,0,1000,10,4,0.11704165166857901,0.24554501369309736,0.6494633177600488,0.6459660673355075,0.4513044271861629,0.9116055475593928,0.9112424542131328,0.8049349549879696,0.4904829504826313,0.48740359262732313,0.2290854077903283,0.5843445647456531,0.5832362201059156,0.31666379824114854,0,0.0,inf,22.26634168624878
3,0.0,0.0,1.0,0.75,1,31,10,4,0.13958761460010174,0.28705200733382774,0.741135862115231,0.7385851198288924,0.5617316512670196,0.9059896953135614,0.9056014712345598,0.78488266182146,0.4795656664300471,0.4764664888344791,0.2017432475757797,0.5748290461154254,0.5736875181321726,0.30027918183731894,0,0.0,inf,0.6624212265014648
3,0.0,0.0,1.0,0.75,2,24,10,4,0.13826066141959015,0.2893086874125342,0.7284070566206091,0.725733463812509,0.5483804076418209,0.9083491277292126,0.907971490705844,0.7934094346634827,0.6089008429897022,0.6065745470124229,0.3295085926590302,0.8174624962315958,0.8169738155354499,0.6216283231336616,0,0.0,inf,0.3694908618927002
3,0.0,0.0,1.0,0.75,3,27,10,4,0.13369628446498832,0.2833214490425482,0.7328027092042855,0.730172387716082,0.5391561280021532,0.9083491277292126,0.907971490705844,0.7934094346634827,0.6089008429897022,0.6065745470124229,0.3295085926590302,0.8174624962315958,0.8169738155354499,0.6216283231336616,0,0.0,inf,0.46696949005126953
3,0.0,0.0,1.0,0.75,4,25,10,5,0.15956691476139295,0.2922592387129312,0.832623472360568,0.8310057227377706,0.6936961380162013,1.0,1.0,1.0,0.5866452743205457,0.5842396249872793,0.28465510846178854,0.7303232410180941,0.7294623299636518,0.45744797462502,0,0.0,inf,0.40099191665649414
3,0.0,0.0,1.0,0.75,5,54,10,4,0.1202523491338761,0.26020210296811286,0.6550598395942262,0.651655726979746,0.480237554906041,0.9037907607564276,0.9033926442098374,0.7752391372397232,0.3681454563677609,0.3643758377783565,0.14859647694798686,0.5710951027994496,0.5699404978572171,0.2922549271034125,0,0.0,inf,1.0774474143981934
3,0.0,0.0,1.0,0.75,6,35,10,4,0.13110042073415004,0.2822332096937004,0.7134825189893093,0.71066200728126,0.5196826487628545,0.9083491277292126,0.907971490705844,0.7934094346634827,0.6089008429897023,0.606574547012423,0.3295085926590302,0.8174624962315958,0.8169738155354499,0.6216283231336616,0,0.0,inf,0.5540978908538818
3,0.0,0.0,1.0,0.75,7,41,10,4,0.12192980004465881,0.275388556906636,0.6948372671882593,0.6918267627280053,0.5210808929026334,0.8974063685419958,0.8969792788487174,0.7526454569778374,0.42861930536686965,0.42521190963578476,0.17557726225563183,0.5602281539441709,0.5590350821308032,0.2730752262032187,0,0.0,inf,0.9161276817321777
3,0.0,0.0,1.0,0.75,8,39,10,3,0.09612797954407516,0.28055793577188115,0.552175261746984,0.5476285609290965,0.3374816155608896,0.7595386266093844,0.7587891678710779,0.523012647821584,0.37964527707401113,0.37581594691175335,0.1510114722067167,0.5985980779182607,0.5977499332867956,0.3492141733820439,0,0.0,inf,0.695793628692627
3,0.0,0.0,1.0,0.75,9,34,10,5,0.15992243677728532,0.2935772119939923,0.8361457207506947,0.8345620148261679,0.6952662434067077,1.0,1.0,1.0,0.5964089953539429,0.5940601691015197,0.2865483900450392,0.7303232410180941,0.7294623299636518,0.45744797462502,0,0.0,inf,0.6244285106658936
3,0.0,0.0,1.0,1.0,0,59,10,4,0.12556188875434543,0.2968268442178752,0.7315309973430104,0.7289384748165529,0.5371314191494473,0.9083491277292126,0.907971490705844,0.7934094346634827,0.5895615061077374,0.587174915439664,0.2892835826495709,0.8174624962315958,0.8169738155354499,0.6216283231336616,0,0.0,inf,1.0699820518493652
3,0.0,0.0,1.0,1.0,1,34,10,4,0.11048633637503938,0.282635814572458,0.739741826480661,0.7372294562064009,0.5547254670992937,0.9116055475593928,0.9112424542131328,0.8049349549879696,0.4952821916245485,0.49234859733386666,0.20834312806096886,0.5843445647456531,0.5832362201059156,0.31666379824114854,0,0.0,inf,0.5966870784759521
3,0.0,0.0,1.0,1.0,2,28,10,2,0.052817201987944554,0.2953123502916781,0.5071755189707006,0.5022859129482905,0.27209678084133115,0.5960908120545209,0.5953808212273226,0.38786077858471907,0.3695089240627635,0.3657225838312056,0.13040678119127147,0.3630009071665581,0.3622037553645316,0.22135304847415632,0,0.0,inf,0.4313070774078369
3,0.0,0.0,1.0,1.0,3,35,10,5,0.14678891413681783,0.28852959881757534,0.8169849475911318,0.815235368626644,0.6573708801725194,1.0,1.0,1.0,0.5705928356055858,0.5681256106707702,0.26504940183762443,0.7303232410180941,0.7294623299636518,0.45744797462502,0,0.0,inf,0.7762329578399658
3,0.0,0.0,1.0,1.0,4,25,10,3,0.0919943371747103,0.2976359530279456,0.6332207214471558,0.6296417165012076,0.4140485736969352,0.7916267295012033,0.7909944647108239,0.6144266258107057,0.47629313000302703,0.47320997566844286,0.2204836379371938,0.676923515689911,0.6762649947927467,0.5243675728058969,0,0.0,inf,0.5992660522460938
3,0.0,0.0,1.0,1.0,5,50,10,5,0.146923168656983,0.2903883581767153,0.8101717127205769,0.808357000903612,0.6496365205945078,1.0,1.0,1.0,0.5861810844477202,0.5838034241951512,0.2681225618122589,0.7303232410180941,0.7294623299636517,0.45744797462502,0,0.0,inf,0.9004542827606201
3,0.0,0.0,1.0,1.0,6,38,10,5,0.1470033549948654,0.29047108555598056,0.8123314095091058,0.8105373438631588,0.655444813974104,1.0,1.0,1.0,0.5870508427169305,0.5846781797943247,0.26926402123140886,0.7303232410180941,0.7294623299636518,0.45744797462502,0,0.0,inf,0.6945352554321289
3,0.0,0.0,1.0,1.0,7,38,10,5,0.1478635407136526,0.29065060117070735,0.8116115746362557,0.8098106275456687,0.6534886529913385,1.0,1.0,1.0,0.5861810844477202,0.5838034241951512,0.2681225618122589,0.7303232410180941,0.7294623299636518,0.45744797462502,0,0.0,inf,0.6569709777832031
3,0.0,0.0,1.0,1.0,8,110,10,5,0.14787371196264046,0.2912048678052994,0.8173896866956759,0.8156439769376501,0.6569495531916161,1.0,1.0,1.0,0.5870508427169303,0.5846781797943246,0.26926402123140886,0.7303232410180941,0.7294623299636518,0.45744797462502,0,0.0,inf,2.372570753097534
3,0.0,0.0,1.0,1.0,9,1000,10,4,0.10656403380563469,0.2774393344414824,0.7049569024386645,0.7021090636353383,0.5225406220804253,0.9083491277292126,0.907971490705844,0.7934094346634827,0.43809506532305015,0.43482952288134197,0.18309610433435314,0.5788304759989464,0.5777029410434702,0.3072954269871484,0,0.0,inf,20.537989377975464
3,0.0,0.25,0.0,0.0,0,23,3,3,0.3129016539548131,0.31276217198390466,0.7503978476511641,0.7496157526369165,0.4999303752085892,0.7595386266093844,0.7587891678710779,0.523012647821584,0.5990802078518591,0.5982351530737282,0.3491499427476198,0.5985980779182607,0.5977499332867956,0.3492141733820439,0.9850746268656716,0.990990990990991,4.010967393777969e-05,0.31836700439453125
3,0.0,0.25,0.0,0.0,1,16,4,4,0.30756199170358334,0.3073762154095664,0.902462641840836,0.9020594281071008,0.7700580044778049,0.897406368541996,0.8969792788487176,0.7526454569778374,0.8332735078549995,0.8328288887203084,0.6662608393363932,0.8281626276133816,0.8276964442337125,0.6590455003918929,0.9850746268656716,0.990990990990991,2.7518312319902826e-05,0.0978848934173584
3,0.0,0.25,0.0,0.0,2,20,3,3,0.3129016539548131,0.31276217198390466,0.7503978476511641,0.7496157526369165,0.4999303752085892,0.7595386266093844,0.7587891678710779,0.523012647821584,0.5990802078518591,0.5982351530737282,0.3491499427476198,0.5985980779182607,0.5977499332867956,0.3492141733820439,0.9850746268656716,0.990990990990991,4.010967393777969e-05,0.1357731819152832
3,0.0,0.25,0.0,0.0,3,20,3,3,0.29479873514155075,0.2948250570627073,0.7964875200702813,0.7958739447619763,0.6258352922217565,0.8021489417124285,0.8015540214626932,0.6413806962628472,0.6678252372828262,0.6671600065866087,0.4912865988346346,0.6631635923571185,0.6624852435215407,0.4806777554355714,0.9861111111111112,0.991689363782387,2.392326450429479e-05,0.13482141494750977
3,0.0,0.25,0.0,0.0,4,16,3,3,0.2996560916313663,0.2994088774763782,0.7894055587341606,0.7887667457732628,0.6089106796367217,0.7889606460971244,0.7883188157233192,0.6085417084158432,0.673063740866383,0.6724037268739039,0.5111861484226493,0.6729934599358478,0.672324887732388,0.5180642050574342,0.9924242424242424,0.9959326415022617,1.0332235720102775e-05,0.1009066104888916
3,0.0,0.25,0.0,0.0,5,17,4,4,0.30428482175404253,0.304460284679432,0.9075030477238635,0.9071224809899361,0.7887321917624809,0.9116055475593928,0.9112424542131328,0.8049349549879696,0.5894891945512665,0.5884010899777646,0.323317771505139,0.5843445647456531,0.5832362201059156,0.31666379824114854,0.9850746268656716,0.990990990990991,4.1109341104095276e-05,0.10253524780273438
3,0.0,0.25,0.0,0.0,6,19,3,3,0.30811888854449265,0.3080530431682622,0.7461107003054039,0.7453123569877191,0.4903684174293556,0.7548712966501103,0.7541043224033086,0.5123044922655382,0.30837403356339693,0.30690934276932436,0.028280719650197416,0.307184590216507,0.3057130460362364,0.02947307308205422,0.9861111111111112,0.991689363782387,2.1197209195445072e-05,0.1592731475830078
3,0.0,0.25,0.0,0.0,7,18,3,3,0.2947987351415507,0.2948250570627074,0.7964875200702813,0.7958739447619763,0.6258352922217565,0.8021489417124285,0.8015540214626932,0.6413806962628472,0.6678252372828262,0.6671600065866087,0.4912865988346346,0.6631635923571185,0.6624852435215407,0.4806777554355714,0.9861111111111112,0.991689363782387,2.39232645042949e-05,0.1834726333618164
3,0.0,0.25,0.0,0.0,8,15,4,4,0.3042848217540427,0.30446028467943204,0.9075030477238635,0.9071224809899361,0.7887321917624809,0.9116055475593928,0.9112424542131328,0.8049349549879696,0.5894891945512666,0.5884010899777649,0.323317771505139,0.5843445647456531,0.5832362201059156,0.31666379824114854,0.9850746268656716,0.990990990990991,4.110934110409517e-05,0.1753079891204834
3,0.0,0.25,0.0,0.0,9,11,4,4,0.3022565251701005,0.30219976768382173,0.9062134325366955,0.9058270894842648,0.7840181975146335,0.9059896953135614,0.9056014712345598,0.78488266182146,0.5873387821333589,0.5862432727316306,0.31946428176436936,0.5748290461154254,0.5736875181321726,0.30027918183731894,0.9861111111111112,0.991689363782387,2.484556090800766e-05,0.06532573699951172
3,0.0,0.25,0.0,0.25,0,32,3,3,0.3129016539548131,0.31276217198390466,0.7503978476511641,0.7496157526369165,0.4999303752085892,0.7595386266093844,0.7587891678710779,0.523012647821584,0.5990802078518591,0.5982351530737282,0.3491499427476198,0.5985980779182607,0.5977499332867956,0.3492141733820439,0.9850746268656716,0.990990990990991,4.010967393777969e-05,0.6062412261962891
3,0.0,0.25,0.0,0.25,1,18,4,4,0.3022565251701005,0.30219976768382173,0.9062134325366955,0.9058270894842648,0.7840181975146335,0.9059896953135614,0.9056014712345598,0.78488266182146,0.5873387821333589,0.5862432727316306,0.31946428176436936,0.5748290461154254,0.5736875181321726,0.30027918183731894,0.9861111111111112,0.991689363782387,2.484556090800766e-05,0.1884140968322754
3,0.0,0.25,0.0,0.25,2,27,3,3,0.3000960427427212,0.30006657630309463,0.7919954100813236,0.7913658592256422,0.6149134768877957,0.7926764584473263,0.7920479364188315,0.6178455857756018,0.6612016518984709,0.6605196944893666,0.47988632683089266,0.6489462238665674,0.6482315250053116,0.4562355416832998,0.9850746268656716,0.990990990990991,2.6587205630717106e-05,0.5917432308197021
3,0.0,0.25,0.0,0.25,3,110,3,3,0.3000960427427212,0.30006657630309463,0.7919954100813236,0.7913658592256422,0.6149134768877957,0.7926764584473263,0.7920479364188315,0.6178455857756018,0.6612016518984709,0.6605196944893666,0.47988632683089266,0.6489462238665674,0.6482315250053116,0.4562355416832998,0.9850746268656716,0.990990990990991,2.6587205630716673e-05,1.7129974365234375
3,0.0,0.25,0.0,0.25,4,18,3,3,0.2987750648280686,0.2987518965320957,0.7894563009729061,0.7888176692314446,0.6090757458430014,0.789789857030486,0.789150994948784,0.6112350182388241,0.3863257306839773,0.3850869244565344,0.15954531534117092,0.3710829725937891,0.3697983388154702,0.1394956227629166,0.9924812030075187,0.9959708452170764,1.0323425434629382e-05,0.24476361274719238
3,0.0,0.25,0.0,0.25,5,15,4,4,0.3042848217540427,0.30446028467943215,0.9075030477238635,0.9071224809899361,0.7887321917624809,0.9116055475593928,0.9112424542131328,0.8049349549879696,0.5894891945512665,0.5884010899777646,0.323317771505139,0.5843445647456531,0.5832362201059156,0.31666379824114854,0.9850746268656716,0.990990990990991,4.110934110409517e-05,0.1419377326965332
3,0.0,0.25,0.0,0.25,6,25,3,3,0.31989001230886466,0.3198814607267488,0.7382712632211267,0.7374429749388643,0.4728567797325691,0.7375733655715295,0.7367405406672014,0.4724246305454723,0.5972831916700859,0.5964229904379739,0.35212464349252864,0.5960555189006077,0.595180939197939,0.35653127194845763,0.9850746268656716,0.990990990990991,2.4132695435558375e-05,0.517540454864502
3,0.0,0.25,0.0,0.25,7,15,4,4,0.30225652517010065,0.30219976768382173,0.9062134325366954,0.9058270894842647,0.7840181975146335,0.9059896953135614,0.9056014712345598,0.78488266182146,0.5873387821333589,0.5862432727316306,0.31946428176436936,0.5748290461154254,0.5736875181321726,0.30027918183731894,0.9861111111111112,0.991689363782387,2.484556090800766e-05,0.15186309814453125
3,0.0,0.25,0.0,0.25,8,20,3,3,0.2972879112772519,0.297307371217569,0.7964599900015984,0.7958463173618422,0.6257449183498832,0.8019282820082536,0.8013325861275414,0.6406540834881669,0.3987468780509682,0.39754273968442,0.1763531842664216,0.39299760652501203,0.3917748685998332,0.16938304041028776,0.9861111111111112,0.991689363782387,2.3845893741692185e-05,0.22949934005737305
3,0.0,0.25,0.0,0.25,9,41,3,3,0.3129016539548131,0.31276217198390466,0.7503978476511641,0.7496157526369165,0.4999303752085892,0.7595386266093844,0.7587891678710779,0.523012647821584,0.5990802078518591,0.5982351530737282,0.3491499427476198,0.5985980779182607,0.5977499332867956,0.3492141733820439,0.9850746268656716,0.990990990990991,4.01096739377798e-05,0.6684207916259766
3,0.0,0.25,0.0,0.5,0,35,3,3,0.29728791127725174,0.2973073712175688,0.7964599900015984,0.7958463173618422,0.6257449183498832,0.8019282820082536,0.8013325861275414,0.6406540834881669,0.3987468780509682,0.39754273968442,0.1763531842664216,0.39299760652501203,0.3917748685998332,0.16938304041028776,0.9861111111111112,0.991689363782387,2.3845893741692077e-05,0.8319954872131348
3,0.0,0.25,0.0,0.5,1,17,4,4,0.3075619917035831,0.3073762154095661,0.902462641840836,0.9020594281071008,0.7700580044778049,0.897406368541996,0.8969792788487176,0.7526454569778374,0.8332735078549995,0.8328288887203084,0.6662608393363932,0.8281626276133816,0.8276964442337125,0.6590455003918929,0.9850746268656716,0.990990990990991,2.751831231990326e-05,0.15723705291748047
3,0.0,0.25,0.0,0.5,2,20,4,4,0.3075619917035833,0.3073762154095663,0.902462641840836,0.9020594281071008,0.7700580044778049,0.897406368541996,0.8969792788487176,0.7526454569778374,0.8332735078549994,0.8328288887203081,0.6662608393363932,0.8281626276133814,0.8276964442337124,0.6590455003918929,0.9850746268656716,0.990990990990991,2.751831231990326e-05,0.16748666763305664
3,0.0,0.25,0.0,0.5,3,111,3,3,0.2795135602151513,0.27923837447429173,0.7914333662242105,0.7908018077543368,0.6136596154716961,0.7921997857472497,0.7915695648752535,0.6162892627615703,0.6715616939307455,0.6709001681557081,0.5055578507455073,0.6705723119966838,0.6699012798556625,0.5090921424894774,0.9924242424242424,0.9959326415022617,1.047101195970619e-05,3.202272415161133
3,0.0,0.25,0.0,0.5,4,27,3,3,0.30811888854449265,0.3080530431682622,0.7461107003054039,0.7453123569877191,0.4903684174293556,0.7548712966501103,0.7541043224033086,0.5123044922655382,0.30837403356339693,0.30690934276932436,0.028280719650197416,0.307184590216507,0.3057130460362364,0.02947307308205422,0.9861111111111112,0.991689363782387,2.1197209195445072e-05,0.5714337825775146
3,0.0,0.25,0.0,0.5,5,32,3,3,0.31989001230886466,0.3198814607267488,0.7382712632211267,0.7374429749388643,0.4728567797325691,0.7375733655715295,0.7367405406672014,0.4724246305454723,0.5972831916700859,0.5964229904379739,0.35212464349252864,0.5960555189006077,0.595180939197939,0.35653127194845763,0.9850746268656716,0.990990990990991,2.4132695435558375e-05,0.7375178337097168
3,0.0,0.25,0.0,0.5,6,109,3,3,0.29582723972303326,0.295670689856077,0.7904764725728854,0.7898414931742513,0.6114464079728974,0.7852802150932446,0.7846251091678986,0.6010060305727019,0.670160016759392,0.669494947133297,0.5032163592211073,0.6603075896392546,0.6596101398698013,0.4926820471129652,0.9924812030075187,0.9959708452170764,1.0393641197103368e-05,3.0959854125976562
3,0.0,0.25,0.0,0.5,7,25,2,2,0.2818245717161818,0.28182457171618175,0.5894237140038193,0.5887000950405018,0.37368136332854246,0.590322057951245,0.589598903605611,0.3763936641634434,0.3583344862751315,0.35753751536204764,0.20465141003212647,0.3533996256199779,0.3525856451188521,0.204067150489,0.9924812030075187,0.9959708452170764,6.907110300707702e-06,0.5630536079406738
3,0.0,0.25,0.0,0.5,8,36,3,3,0.3129016539548131,0.31276217198390466,0.7503978476511641,0.7496157526369165,0.4999303752085892,0.7595386266093844,0.7587891678710779,0.523012647821584,0.5990802078518591,0.5982351530737282,0.3491499427476198,0.5985980779182607,0.5977499332867956,0.3492141733820439,0.9850746268656716,0.990990990990991,4.01096739377798e-05,0.8085203170776367
3,0.0,0.25,0.0,0.5,9,31,3,3,0.3129016539548131,0.31276217198390466,0.7503978476511641,0.7496157526369165,0.4999303752085892,0.7595386266093844,0.7587891678710779,0.523012647821584,0.5990802078518591,0.5982351530737282,0.3491499427476198,0.5985980779182607,0.5977499332867956,0.3492141733820439,0.9850746268656716,0.990990990990991,4.010967393777969e-05,0.7120261192321777
3,0.0,0.25,0.0,0.75,0,29,10,3,0.1671014424285829,0.29613764814437593,0.6746630952134246,0.6710524077940396,0.5064785629961865,0.7889606460971244,0.7883188157233192,0.6085417084158432,0.5284732255318925,0.5252414099035458,0.3208243787245818,0.6729934599358478,0.672324887732388,0.5180642050574342,0,0.0,inf,0.7489545345306396
3,0.0,0.25,0.0,0.75,1,34,2,2,0.30254059460160804,0.3025405946016079,0.5933918153386777,0.5926772493795246,0.3814880303054271,0.5976802337166613,0.5969738544387009,0.39109438552078163,0.35106802469867254,0.3502652674629063,0.19014367174674995,0.3381718605862629,0.3373449913477328,0.17299042327272104,0.9928057553956835,0.9971942446043166,2.982916571742881e-06,0.8294134140014648
3,0.0,0.25,0.0,0.75,2,99,4,4,0.28999564489917856,0.28967696566936385,0.9041296431413824,0.9037339420232676,0.7760883163884392,0.9000920107272863,0.8996771460213145,0.7622414951112423,0.8316380064779839,0.8311899265252473,0.6606232811996562,0.8255305231223697,0.8250587365522001,0.6500663075088151,0.9850746268656716,0.990990990990991,2.7657088559506892e-05,2.8624660968780518
3,0.0,0.25,0.0,0.75,3,35,4,4,0.3075619917035831,0.3073762154095662,0.902462641840836,0.9020594281071008,0.7700580044778049,0.897406368541996,0.8969792788487176,0.7526454569778374,0.8332735078549995,0.8328288887203085,0.6662608393363932,0.8281626276133816,0.8276964442337125,0.6590455003918929,0.9850746268656716,0.990990990990991,2.751831231990326e-05,0.7974450588226318
3,0.0,0.25,0.0,0.75,4,15,3,3,0.29603666157786024,0.2951182205228968,0.7551573612261447,0.7544193366597847,0.5981229328821509,0.7916267295012033,0.7909944647108239,0.6144266258107057,0.6163846317349722,0.6156165996114291,0.47701140713550955,0.676923515689911,0.6762649947927467,0.5243675728058969,0.7951807228915663,0.8666024096385543,0.007520363985414995,0.1865227222442627
3,0.0,0.25,0.0,0.75,5,73,4,4,0.3075619917035833,0.30737621540956617,0.902462641840836,0.9020594281071008,0.7700580044778049,0.897406368541996,0.8969792788487176,0.7526454569778374,0.8332735078549995,0.8328288887203085,0.6662608393363932,0.8281626276133816,0.8276964442337125,0.6590455003918929,0.9850746268656716,0.990990990990991,2.7518312319902826e-05,1.8271081447601318
3,0.0,0.25,0.0,0.75,6,43,10,4,0.1727243928436377,0.2425272453895473,0.7014804211814046,0.6981892784369607,0.5140536696181163,0.9083491277292126,0.907971490705844,0.7934094346634827,0.5478480402544421,0.5447742563387639,0.3546490793040715,0.8174624962315958,0.8169738155354499,0.6216283231336616,0,0.0,inf,1.2061328887939453
3,0.0,0.25,0.0,0.75,7,35,10,3,0.16255423386413395,0.29645789550435386,0.6496309362944187,0.6457454169516182,0.48342041482270864,0.7921997857472497,0.7915695648752535,0.6162892627615703,0.5194467805401859,0.516156204471491,0.3629267723078334,0.6705723119966838,0.6699012798556625,0.5090921424894774,0,0.0,inf,0.8220603466033936
3,0.0,0.25,0.0,0.75,8,24,10,3,0.16645796935303978,0.29608653780617944,0.6682386771448194,0.6645566895896187,0.5057434503425676,0.7889606460971244,0.7883188157233192,0.6085417084158432,0.5284732255318926,0.5252414099035461,0.3208243787245818,0.6729934599358477,0.6723248877323879,0.5180642050574342,0,0.0,inf,0.527127742767334
3,0.0,0.25,0.0,0.75,9,28,10,3,0.16628104415900624,0.30115674011452453,0.6717030696847827,0.6680644681374722,0.5009086801865347,0.7916267295012033,0.7909944647108239,0.6144266258107057,0.5147640169377726,0.5114437930069162,0.3194756100251306,0.676923515689911,0.6762649947927467,0.5243675728058969,0,0.0,inf,0.6745553016662598
3,0.0,0.25,0.0,1.0,0,1000,10,4,0.15452877724267242,0.2836487752192908,0.7045626942481047,0.7015367580403733,0.5557503922360488,0.9116055475593928,0.9112424542131328,0.8049349549879696,0.4577921211673619,0.4544138202454098,0.20324513032072572,0.5843445647456531,0.5832362201059156,0.31666379824114854,0,0.0,inf,21.459595918655396
3,0.0,0.25,0.0,1.0,1,68,10,2,0.08728813526258414,0.2661020166014693,0.45740235948283947,0.451410568419991,0.29191483232812326,0.5976802337166615,0.596973854438701,0.39109438552078163,0.2692951781990824,0.26430834560375366,0.12578147871546863,0.3744859085626843,0.37370440906202124,0.24301078601602297,0,0.0,inf,1.981215238571167
3,0.0,0.25,0.0,1.0,2,32,10,3,0.12502779666338376,0.28099911805688155,0.6051195094975291,0.6009450019335973,0.43363999261538627,0.7889606460971244,0.7883188157233192,0.6085417084158432,0.49410118592181235,0.4908269397116541,0.29415719900801085,0.6729934599358478,0.672324887732388,0.5180642050574342,0,0.0,inf,0.8773117065429688
3,0.0,0.25,0.0,1.0,3,130,10,5,0.14028769300523825,0.2117414143944371,0.7112640416215785,0.7083088088393705,0.5553295512336247,1.0,1.0,1.0,0.42676086786696443,0.4231922480808345,0.18624674771349786,0.7303232410180941,0.7294623299636518,0.45744797462502,0,0.0,inf,2.8018391132354736
3,0.0,0.25,0.0,1.0,4,39,10,5,0.1581436970592728,0.23093017474375976,0.7636012271181308,0.7611848682429577,0.6173977989143573,1.0,1.0,1.0,0.492717513018212,0.489564557415907,0.22687732829792207,0.7303232410180941,0.7294623299636518,0.45744797462502,0,0.0,inf,1.0722038745880127
3,0.0,0.25,0.0,1.0,5,1000,10,4,0.14234892071220667,0.22360063204130948,0.6349571793625967,0.6310511137117573,0.41675457248174613,0.9116055475593928,0.9112424542131328,0.8049349549879696,0.45179761281735736,0.4481965509334875,0.19919239936168437,0.5843445647456531,0.5832362201059156,0.31666379824114854,0,0.0,inf,20.675700902938843
3,0.0,0.25,0.0,1.0,6,114,10,4,0.13585283005503418,0.25956393561388247,0.6598345421787369,0.656348181999792,0.4993469096565506,0.9059896953135614,0.9056014712345598,0.78488266182146,0.3684812516242656,0.36454332500199943,0.1520263688187428,0.5748290461154254,0.5736875181321726,0.30027918183731894,0,0.0,inf,3.242072820663452
3,0.0,0.25,0.0,1.0,7,56,10,3,0.11808456918896293,0.27123908648084366,0.5946668041712284,0.5903781167117422,0.44711348672661577,0.7926764584473263,0.7920479364188315,0.6178455857756018,0.2889036224442071,0.28429648666388424,0.10235798706881194,0.3763081967306326,0.3750384430579024,0.14631627595794314,0,0.0,inf,1.00618577003479
3,0.0,0.25,0.0,1.0,8,39,10,2,0.10009436790558765,0.3009136474887079,0.449012522472188,0.44291702881981243,0.2822431836082956,0.5879077429223252,0.5871790535706989,0.3717161405198315,0.2554866851599757,0.25039418960188564,0.09962807577498094,0.3583049328090519,0.3574951225917129,0.21372048023913012,0,0.0,inf,0.6826705932617188
3,0.0,0.25,0.0,1.0,9,29,10,4,0.15703349079844628,0.29219073726474926,0.7128972482977095,0.7099575358107519,0.5536833383970043,0.9083491277292126,0.907971490705844,0.7934094346634827,0.6337950787843135,0.6315141942387248,0.38984191269433066,0.8174624962315958,0.8169738155354499,0.6216283231336616,0,0.0,inf,0.487185001373291
3,0.0,0.25,0.25,0.0,0,20,4,4,0.3022565251701006,0.30219976768382173,0.9062134325366955,0.9058270894842648,0.7840181975146335,0.9059896953135614,0.9056014712345598,0.78488266182146,0.5873387821333589,0.5862432727316306,0.31946428176436936,0.5748290461154255,0.5736875181321727,0.30027918183731894,0.9861111111111112,0.991689363782387,2.4845560908007117e-05,0.11551427841186523
3,0.0,0.25,0.25,0.0,1,19,3,3,0.2983703123107674,0.29862557276844615,0.7920532465028122,0.791423901436366,0.6151023239096007,0.7921997857472497,0.7915695648752535,0.6162892627615703,0.6724693135155487,0.6718100790716759,0.5070805244166998,0.6705723119966838,0.6699012798556625,0.5090921424894774,0.9850746268656716,0.990990990990991,2.6657421393191526e-05,0.1183171272277832
3,0.0,0.25,0.25,0.0,2,41,3,3,0.3029963501593926,0.30294228068840684,0.7477467106917509,0.7469545795137221,0.49398121063433326,0.7481612335885639,0.7473688711868739,0.49755280006294755,0.5950722693890786,0.5942162743188829,0.34180315372059145,0.5810891359137416,0.5801926807359072,0.3179041264978014,0.9861111111111112,0.991689363782387,2.121766223980512e-05,0.6432430744171143
3,0.0,0.25,0.25,0.0,3,23,4,4,0.3075619917035833,0.3073762154095663,0.902462641840836,0.9020594281071008,0.7700580044778049,0.897406368541996,0.8969792788487176,0.7526454569778374,0.8332735078549995,0.8328288887203085,0.6662608393363932,0.8281626276133814,0.8276964442337124,0.6590455003918929,0.9850746268656716,0.990990990990991,2.7518312319902826e-05,0.08513426780700684
3,0.0,0.25,0.25,0.0,4,64,2,2,0.30254059460160804,0.3025405946016079,0.5933918153386777,0.5926772493795246,0.3814880303054271,0.5976802337166613,0.5969738544387009,0.39109438552078163,0.35106802469867254,0.3502652674629063,0.19014367174674995,0.3381718605862629,0.3373449913477328,0.17299042327272104,0.9928057553956835,0.9971942446043166,2.982916571742881e-06,1.1351613998413086
3,0.0,0.25,0.25,0.0,5,23,3,3,0.2800701474966646,0.2797651948227625,0.7912521513553256,0.7906199474689949,0.6130686761259063,0.7916267295012034,0.790994464710824,0.6144266258107057,0.3895152589424024,0.38828539887406865,0.1636049736512634,0.37440901171420427,0.3731338810288383,0.14279638485309123,0.9928057553956835,0.9971942446043166,3.982583738058355e-06,0.2907869815826416
3,0.0,0.25,0.25,0.0,6,17,3,3,0.2996560916313663,0.2994088774763782,0.7894055587341606,0.7887667457732628,0.6089106796367217,0.7889606460971244,0.7883188157233192,0.6085417084158432,0.673063740866383,0.6724037268739039,0.5111861484226493,0.6729934599358478,0.672324887732388,0.5180642050574342,0.9924242424242424,0.9959326415022617,1.0332235720102775e-05,0.08541655540466309
3,0.0,0.25,0.25,0.0,7,111,3,3,0.3129016539548131,0.31276217198390466,0.7503978476511641,0.7496157526369165,0.4999303752085892,0.7595386266093844,0.7587891678710779,0.523012647821584,0.5990802078518591,0.5982351530737282,0.3491499427476198,0.5985980779182607,0.5977499332867956,0.3492141733820439,0.9850746268656716,0.990990990990991,4.01096739377798e-05,2.220496654510498
3,0.0,0.25,0.25,0.0,8,23,3,3,0.31164303676596344,0.31171724552657604,0.7354729417434915,0.734633884876582,0.4668474983380486,0.7250071641342934,0.7241254949570672,0.44647024161769056,0.5930736488835705,0.5922017953779825,0.344374365302904,0.5768907032387738,0.5759618527970575,0.3218598099085454,0.9951219512195122,0.9980039920159679,2.3973371241192134e-06,0.34860873222351074
3,0.0,0.25,0.25,0.0,9,26,3,3,0.29965609163136636,0.2994088774763783,0.7894055587341606,0.7887667457732628,0.6089106796367217,0.7889606460971244,0.7883188157233192,0.6085417084158432,0.673063740866383,0.6724037268739039,0.5111861484226493,0.6729934599358477,0.6723248877323879,0.5180642050574342,0.9924242424242424,0.9959326415022617,1.0332235720102992e-05,0.39848995208740234
3,0.0,0.25,0.25,0.25,0,23,3,3,0.29728791127725185,0.2973073712175688,0.7964599900015984,0.7958463173618422,0.6257449183498832,0.8019282820082536,0.8013325861275414,0.6406540834881669,0.3987468780509681,0.3975427396844199,0.1763531842664216,0.39299760652501203,0.3917748685998332,0.16938304041028776,0.9861111111111112,0.991689363782387,2.3845893741692402e-05,0.2961311340332031
3,0.0,0.25,0.25,0.25,1,40,3,3,0.29965609163136653,0.29940887747637823,0.7894055587341606,0.7887667457732628,0.6089106796367217,0.7889606460971244,0.7883188157233192,0.6085417084158432,0.673063740866383,0.6724037268739039,0.5111861484226493,0.6729934599358478,0.672324887732388,0.5180642050574342,0.9924242424242424,0.9959326415022617,1.0332235720102883e-05,0.6736850738525391
3,0.0,0.25,0.25,0.25,2,37,2,2,0.3068011020001426,0.30680110200014254,0.5878399019601795,0.5871126581313231,0.3706193494105449,0.5879077429223252,0.5871790535706989,0.3717161405198315,0.36125751720550614,0.3604629020287074,0.2103606801472888,0.3583049328090519,0.3574951225917129,0.21372048023913012,0.9923664122137404,0.9958938530367101,7.025922392248866e-06,0.9467580318450928
3,0.0,0.25,0.25,0.25,3,48,4,4,0.3075619917035833,0.3073762154095664,0.902462641840836,0.9020594281071008,0.7700580044778049,0.897406368541996,0.8969792788487176,0.7526454569778374,0.8332735078549995,0.8328288887203085,0.6662608393363932,0.8281626276133816,0.8276964442337125,0.6590455003918929,0.9850746268656716,0.990990990990991,2.7518312319903043e-05,0.2593095302581787
3,0.0,0.25,0.25,0.25,4,26,3,3,0.31164303676596344,0.31171724552657604,0.7354729417434915,0.734633884876582,0.4668474983380486,0.7250071641342934,0.7241254949570672,0.44647024161769056,0.5930736488835705,0.5922017953779825,0.344374365302904,0.5768907032387738,0.5759618527970575,0.3218598099085454,0.9951219512195122,0.9980039920159679,2.3973371241192134e-06,0.3842754364013672
3,0.0,0.25,0.25,0.25,5,47,2,2,0.30676087177327976,0.30676087177327976,0.5886439109427256,0.587918508065989,0.3721699660878811,0.5843445647456531,0.5836076786123202,0.3649394192885749,0.8305539068239395,0.8303432824176652,0.8446015258713421,0.8355924525231782,0.8353842128672957,0.8588617959976426,0.9924242424242424,0.9959326415022617,6.965388707697593e-06,0.7762265205383301
3,0.0,0.25,0.25,0.25,6,18,4,4,0.2878514609258369,0.28771988979018587,0.9069960203513316,0.9066131841674229,0.7868715044443074,0.9116055475593928,0.9112424542131328,0.8049349549879696,0.5886439109427256,0.5875528978883743,0.32179929612451813,0.5843445647456531,0.5832362201059156,0.31666379824114854,0.9861111111111112,0.991689363782387,2.4922931670610157e-05,0.17365264892578125
3,0.0,0.25,0.25,0.25,7,21,4,4,0.3042848217540427,0.30446028467943204,0.9075030477238635,0.9071224809899361,0.7887321917624809,0.9116055475593928,0.9112424542131328,0.8049349549879696,0.5894891945512666,0.5884010899777649,0.323317771505139,0.5843445647456531,0.5832362201059156,0.31666379824114854,0.9850746268656716,0.990990990990991,4.110934110409517e-05,0.24823784828186035
3,0.0,0.25,0.25,0.25,8,15,4,4,0.3042848217540426,0.30446028467943204,0.9075030477238635,0.9071224809899361,0.7887321917624809,0.9116055475593928,0.9112424542131328,0.8049349549879696,0.5894891945512666,0.5884010899777649,0.323317771505139,0.5843445647456531,0.5832362201059156,0.31666379824114854,0.9850746268656716,0.990990990990991,4.110934110409517e-05,0.08738422393798828
3,0.0,0.25,0.25,0.25,9,16,4,4,0.3042848217540426,0.30446028467943204,0.9075030477238635,0.9071224809899361,0.7887321917624809,0.9116055475593928,0.9112424542131328,0.8049349549879696,0.5894891945512666,0.5884010899777649,0.323317771505139,0.5843445647456531,0.5832362201059156,0.31666379824114854,0.9850746268656716,0.990990990990991,4.110934110409517e-05,0.05292391777038574
3,0.0,0.25,0.25,0.5,0,61,3,3,0.2987750648280686,0.2987518965320957,0.7894563009729061,0.7888176692314446,0.6090757458430014,0.789789857030486,0.789150994948784,0.6112350182388241,0.3863257306839773,0.3850869244565344,0.15954531534117092,0.3710829725937891,0.3697983388154702,0.1394956227629166,0.9924812030075187,0.9959708452170764,1.0323425434629382e-05,1.0564427375793457
3,0.0,0.25,0.25,0.5,1,37,3,3,0.3129016539548131,0.31276217198390466,0.7503978476511641,0.7496157526369165,0.4999303752085892,0.7595386266093844,0.7587891678710779,0.523012647821584,0.5990802078518591,0.5982351530737282,0.3491499427476198,0.5985980779182607,0.5977499332867956,0.3492141733820439,0.9850746268656716,0.990990990990991,4.0109673937780126e-05,0.57997727394104
3,0.0,0.25,0.25,0.5,2,92,3,3,0.2987750648280684,0.2987518965320957,0.7894563009729061,0.7888176692314446,0.6090757458430014,0.789789857030486,0.789150994948784,0.6112350182388241,0.3863257306839773,0.3850869244565344,0.15954531534117092,0.3710829725937891,0.3697983388154702,0.1394956227629166,0.9924812030075187,0.9959708452170764,1.0323425434629056e-05,1.6628913879394531
3,0.0,0.25,0.25,0.5,3,14,4,4,0.30428482175404253,0.304460284679432,0.9075030477238635,0.9071224809899361,0.7887321917624809,0.9116055475593928,0.9112424542131328,0.8049349549879696,0.5894891945512666,0.5884010899777649,0.323317771505139,0.5843445647456531,0.5832362201059156,0.31666379824114854,0.9850746268656716,0.990990990990991,4.110934110409517e-05,0.07923460006713867
3,0.0,0.25,0.25,0.5,4,35,4,4,0.2869099494121843,0.286554804443487,0.9019138104143678,0.901508118740358,0.76805910791063,0.8974063685419958,0.8969792788487174,0.7526454569778374,0.5801585390045755,0.5790381841833446,0.30625770311642325,0.5602281539441709,0.5590350821308032,0.2730752262032187,0.9928057553956835,0.9971942446043166,4.98225090437383e-06,0.5700259208679199
3,0.0,0.25,0.25,0.5,5,29,3,3,0.3034411497477426,0.3031720513147306,0.7919171422000004,0.7912873128296978,0.6146580667163571,0.7916267295012033,0.7909944647108239,0.6144266258107057,0.6767309907196808,0.6760802349471642,0.5172806047229517,0.676923515689911,0.6762649947927467,0.5243675728058969,0.9850746268656716,0.990990990990991,2.651864515358746e-05,0.3951539993286133
3,0.0,0.25,0.25,0.5,6,59,4,4,0.30330959509333777,0.30324649544915616,0.908286786541069,0.9079097241974984,0.7915753497024844,0.9083491277292126,0.907971490705844,0.7934094346634827,0.8275657449881185,0.8271091218083316,0.6463279830892504,0.8174624962315958,0.8169738155354499,0.6216283231336616,0.9850746268656716,0.990990990990991,4.110934110409517e-05,1.0864839553833008
3,0.0,0.25,0.25,0.5,7,109,3,3,0.31587092761855723,0.3160191882907765,0.739964857200733,0.7391430675807574,0.476493102656082,0.7303232410180941,0.7294623299636516,0.45744797462502,1.0000000000000002,1.0000000000000002,1.0,1.0,1.0,1.0,0.9850746268656716,0.990990990990991,2.415146530749786e-05,2.496570587158203
3,0.0,0.25,0.25,0.5,8,112,3,3,0.2800701474966646,0.2797651948227625,0.7912521513553256,0.7906199474689949,0.6130686761259063,0.7916267295012034,0.790994464710824,0.6144266258107057,0.3895152589424024,0.38828539887406865,0.1636049736512634,0.37440901171420427,0.3731338810288383,0.14279638485309123,0.9928057553956835,0.9971942446043166,3.982583738058355e-06,2.1664834022521973
3,0.0,0.25,0.25,0.5,9,47,4,4,0.2926859041788298,0.2924940346636297,0.9032922516795583,0.9028927793128343,0.7730668342239174,0.9037907607564276,0.9033926442098374,0.7752391372397232,0.5824622892768059,0.5813499290240142,0.3104286934092968,0.5710951027994496,0.5699404978572171,0.2922549271034125,0.9850746268656716,0.990990990990991,2.7586872797032147e-05,1.164452314376831
3,0.0,0.25,0.25,0.75,0,50,10,3,0.13470428734588236,0.2709095970986719,0.6293354396865644,0.625360262017009,0.46422382649724775,0.7921997857472497,0.7915695648752535,0.6162892627615703,0.4955393982182261,0.4922172937353726,0.3371248980327227,0.6705723119966838,0.6699012798556625,0.5090921424894774,0.3333333333333333,0.555,1.1158526635051627,0.8830907344818115
3,0.0,0.25,0.25,0.75,1,34,10,3,0.14694975152762954,0.3098080377102814,0.6355294267218264,0.6315327597013998,0.3898434714719458,0.7595386266093844,0.7587891678710779,0.523012647821584,0.4317163102238275,0.4278699749063103,0.17081143744459132,0.5985980779182607,0.5977499332867956,0.3492141733820439,0.3333333333333333,0.5299417064122947,1.1563857218983018,0.5458076000213623
3,0.0,0.25,0.25,0.75,2,31,4,4,0.2926859041788298,0.2924940346636299,0.9032922516795583,0.9028927793128343,0.7730668342239174,0.9037907607564276,0.9033926442098374,0.7752391372397232,0.5824622892768059,0.5813499290240142,0.3104286934092968,0.5710951027994496,0.5699404978572171,0.2922549271034125,0.9850746268656716,0.990990990990991,2.7586872797032364e-05,0.4978060722351074
3,0.0,0.25,0.25,0.75,3,37,10,3,0.1482117419711138,0.29675938974638383,0.6707159073293385,0.6671975767067736,0.5004245381740685,0.7889606460971244,0.7883188157233192,0.6085417084158432,0.5192981879594599,0.5161468494513091,0.29112940727183123,0.6729934599358478,0.672324887732388,0.5180642050574342,0.3333333333333333,0.555,1.1226538603814593,0.6620221138000488
3,0.0,0.25,0.25,0.75,4,34,10,3,0.14825492429156908,0.2915675819004335,0.653972829000415,0.6502755669537237,0.48238577490283413,0.7852802150932446,0.7846251091678986,0.6010060305727019,0.525494668704174,0.5223839068281461,0.3519448733920259,0.6603075896392546,0.6596101398698013,0.4926820471129652,0.3333333333333333,0.555,1.1262552495580576,0.5194182395935059
3,0.0,0.25,0.25,0.75,5,29,4,4,0.3022565251701006,0.30219976768382173,0.9062134325366955,0.9058270894842648,0.7840181975146335,0.9059896953135614,0.9056014712345598,0.78488266182146,0.5873387821333589,0.5862432727316306,0.31946428176436936,0.5748290461154255,0.5736875181321727,0.30027918183731894,0.9861111111111112,0.991689363782387,2.4845560908007117e-05,0.4543309211730957
3,0.0,0.25,0.25,0.75,6,88,10,3,0.14806903939098306,0.2915412871882559,0.653972829000415,0.6502755669537236,0.48238577490283413,0.7852802150932446,0.7846251091678986,0.6010060305727019,0.525494668704174,0.5223839068281461,0.3519448733920259,0.6603075896392546,0.6596101398698013,0.4926820471129652,0.3333333333333333,0.555,1.126255249558058,1.80039381980896
3,0.0,0.25,0.25,0.75,7,48,10,4,0.1365954895248717,0.2146365010983066,0.6752615473501947,0.6717952587657158,0.4725454879274642,0.9116055475593928,0.9112424542131328,0.8049349549879696,0.518679559302432,0.5155280218890896,0.28814453249460775,0.5843445647456531,0.5832362201059156,0.31666379824114854,0.3333333333333333,0.555,1.1258865198498358,0.8899831771850586
3,0.0,0.25,0.25,0.75,8,63,2,2,0.30676087177327976,0.30676087177327976,0.5886439109427256,0.587918508065989,0.3721699660878811,0.5843445647456531,0.5836076786123202,0.3649394192885749,0.8305539068239395,0.8303432824176652,0.8446015258713421,0.8355924525231782,0.8353842128672957,0.8588617959976426,0.9924242424242424,0.9959326415022617,6.965388707697593e-06,1.1399085521697998
3,0.0,0.25,0.25,0.75,9,109,4,4,0.2869099494121843,0.28655480444348713,0.9019138104143678,0.901508118740358,0.76805910791063,0.8974063685419958,0.8969792788487174,0.7526454569778374,0.5801585390045755,0.5790381841833446,0.30625770311642325,0.5602281539441709,0.5590350821308032,0.2730752262032187,0.9928057553956835,0.9971942446043166,4.98225090437383e-06,2.7737300395965576
3,0.0,0.25,0.25,1.0,0,35,10,3,0.12277607475728837,0.29329887985991127,0.6263489299441707,0.622515425690019,0.45459854262928867,0.7916267295012033,0.7909944647108239,0.6144266258107057,0.46909336889640624,0.4657766658135855,0.2776328082543298,0.676923515689911,0.6762649947927467,0.5243675728058969,0.24242424242424243,0.38610038610038605,1.9766555043719343,0.6417975425720215
3,0.0,0.25,0.25,1.0,1,44,10,5,0.140202990673069,0.2173979121984411,0.7256079968482021,0.7228503751369819,0.5507891430042072,1.0,1.0,1.0,0.4733223151036135,0.47011225528594,0.19291941721549521,0.7303232410180941,0.7294623299636518,0.45744797462502,0.24242424242424243,0.3847263633740502,1.6684563068083818,0.7722930908203125
3,0.0,0.25,0.25,1.0,2,51,10,3,0.10505241120460386,0.2635936943584139,0.5862814070144625,0.582034422678007,0.39999272359956367,0.7849276230002521,0.7842712471813089,0.5998687124749003,0.4184912184761016,0.4148558980519738,0.21225219354233382,0.6372585608267675,0.6365134920042134,0.43702870926961385,0.24242424242424243,0.3847263633740502,1.976815276317398,0.924004316329956
3,0.0,0.25,0.25,1.0,3,117,10,4,0.14209045038415052,0.28561310962133607,0.695063360576208,0.6919994340622301,0.5222864711531852,0.897406368541996,0.8969792788487176,0.7526454569778374,0.6225927174801543,0.6202930562019777,0.36787260833407887,0.8281626276133816,0.8276964442337125,0.6590455003918929,0.24242424242424243,0.37672080682833364,1.6716020201737023,2.21016526222229
3,0.0,0.25,0.25,1.0,4,123,10,4,0.13632825476279997,0.2771505527419177,0.7219554314676684,0.7191694718925915,0.574470077362094,0.9083491277292126,0.907971490705844,0.7934094346634827,0.45303080934618695,0.44970913313848093,0.20403824867891254,0.5788304759989464,0.5777029410434702,0.3072954269871484,0.24242424242424243,0.3782408362561034,1.6775605561606697,2.633413076400757
3,0.0,0.25,0.25,1.0,5,31,10,3,0.10600989124853814,0.26807180513132334,0.6018176887587575,0.5977188247708425,0.426119477530441,0.7921997857472497,0.7915695648752535,0.6162892627615703,0.4908082136869006,0.48761426231550126,0.27481404646453406,0.6705723119966838,0.6699012798556625,0.5090921424894774,0.24242424242424243,0.37537537537537535,1.9798514236969758,0.5069801807403564
3,0.0,0.25,0.25,1.0,6,36,10,4,0.12190885592479221,0.2226583258968254,0.6395830943713395,0.6358935172961917,0.44360209990637156,0.9116055475593928,0.9112424542131328,0.8049349549879696,0.3397087285768056,0.33559474920869714,0.11163763567681799,0.5843445647456531,0.5832362201059156,0.31666379824114854,0.24242424242424243,0.4028418662565004,1.9775039011872813,0.6286838054656982
3,0.0,0.25,0.25,1.0,7,48,10,2,0.0840240117993196,0.2905398052208932,0.4598568469692494,0.45411799452207086,0.28680196478073194,0.581408430461704,0.5806647649710639,0.35946576657210166,0.26625165051670086,0.2614696555833283,0.091840229792698,0.34749034925094247,0.34666138649746675,0.1947169993965825,0.20809248554913296,0.2837483152443782,2.2613065768562577,0.839726448059082
3,0.0,0.25,0.25,1.0,8,1000,10,4,0.1443539944775643,0.2878997923281591,0.6935738284128836,0.6904946065182818,0.5222373073555506,0.897406368541996,0.8969792788487176,0.7526454569778374,0.5736840401507534,0.5710860262697637,0.3402197841838448,0.8281626276133814,0.8276964442337124,0.6590455003918929,0.24242424242424243,0.38610038610038605,1.6688340613442452,19.545364141464233
3,0.0,0.25,0.25,1.0,9,35,10,3,0.11553114637224259,0.28475185206111486,0.6096160948112024,0.6056084177883831,0.4381157678760769,0.7889606460971246,0.7883188157233194,0.6085417084158432,0.3243256925443965,0.32010140346868887,0.11210746499601396,0.369580369309153,0.36829146223863185,0.13669890873660492,0.24242424242424243,0.3768026581714794,1.978145714883988,0.6991841793060303
3,0.0,0.25,0.5,0.0,0,16,4,4,0.3033095950933377,0.3032464954491562,0.908286786541069,0.9079097241974984,0.7915753497024844,0.9083491277292126,0.907971490705844,0.7934094346634827,0.8275657449881184,0.8271091218083314,0.6463279830892504,0.8174624962315958,0.8169738155354499,0.6216283231336616,0.9850746268656716,0.990990990990991,4.110934110409517e-05,0.08529543876647949
3,0.0,0.25,0.5,0.0,1,58,3,3,0.31587092761855684,0.31601918829077646,0.739964857200733,0.7391430675807574,0.476493102656082,0.7303232410180941,0.7294623299636516,0.45744797462502,1.0,1.0,1.0,1.0,1.0,1.0,0.9850746268656716,0.990990990990991,2.415146530749797e-05,0.9795231819152832
3,0.0,0.25,0.5,0.0,2,26,3,3,0.29218812907527586,0.2924978798475079,0.7964944021672811,0.7958808511897366,0.6258578876687111,0.8021489417124285,0.8015540214626932,0.6413806962628472,0.39880779060590493,0.3976038206731392,0.17646584903433613,0.39339458151409673,0.39217294967754845,0.17010623090404783,0.9861111111111112,0.991689363782387,2.400256806078544e-05,0.37912416458129883
3,0.0,0.25,0.5,0.0,3,14,3,3,0.2972879112772519,0.297307371217569,0.7964599900015984,0.7958463173618422,0.6257449183498832,0.8019282820082536,0.8013325861275414,0.6406540834881669,0.3987468780509681,0.3975427396844199,0.1763531842664216,0.39299760652501203,0.3917748685998332,0.16938304041028776,0.9861111111111112,0.991689363782387,2.3845893741692402e-05,0.08885979652404785
3,0.0,0.25,0.5,0.0,4,41,3,3,0.29582723972303343,0.29567068985607725,0.7904764725728854,0.7898414931742513,0.6114464079728974,0.7852802150932446,0.7846251091678986,0.6010060305727019,0.670160016759392,0.669494947133297,0.5032163592211073,0.6603075896392546,0.6596101398698013,0.4926820471129652,0.9924812030075187,0.9959708452170764,1.0393641197103476e-05,0.30096006393432617
3,0.0,0.25,0.5,0.0,5,20,4,4,0.3075619917035831,0.3073762154095662,0.902462641840836,0.9020594281071008,0.7700580044778049,0.897406368541996,0.8969792788487176,0.7526454569778374,0.8332735078549995,0.8328288887203084,0.6662608393363932,0.8281626276133816,0.8276964442337125,0.6590455003918929,0.9850746268656716,0.990990990990991,2.7518312319902826e-05,0.2714560031890869
3,0.0,0.25,0.5,0.0,6,16,4,4,0.30428482175404264,0.304460284679432,0.9075030477238635,0.9071224809899361,0.7887321917624809,0.9116055475593928,0.9112424542131328,0.8049349549879696,0.5894891945512666,0.5884010899777649,0.323317771505139,0.5843445647456531,0.5832362201059156,0.31666379824114854,0.9850746268656716,0.990990990990991,4.110934110409517e-05,0.061081647872924805
3,0.0,0.25,0.5,0.0,7,32,3,3,0.2958169263669707,0.2954999366012556,0.7903747757157535,0.7897394336368198,0.6111150880111534,0.7849276230002521,0.7842712471813089,0.5998687124749003,0.6744795284020028,0.6738230938521524,0.5135291189465606,0.6670370059186,0.6663531018504028,0.5086807911004654,0.9923664122137404,0.9958938530367101,1.0411539276593425e-05,0.44066619873046875
3,0.0,0.25,0.5,0.0,8,28,3,3,0.3034411497477426,0.3031720513147306,0.7919171422000004,0.7912873128296978,0.6146580667163571,0.7916267295012033,0.7909944647108239,0.6144266258107057,0.6767309907196808,0.6760802349471642,0.5172806047229517,0.676923515689911,0.6762649947927467,0.5243675728058969,0.9850746268656716,0.990990990990991,2.651864515358735e-05,0.43138885498046875
3,0.0,0.25,0.5,0.0,9,109,3,3,0.29505135991277176,0.2953021663146494,0.7893604470334368,0.7887214729506181,0.6087639900510177,0.7889606460971246,0.7883188157233194,0.6085417084158432,0.3861554002614766,0.384916117660302,0.15922745135678004,0.36958036930915306,0.3682914622386319,0.13669890873660492,0.9928057553956835,0.9971942446043166,3.982583738058355e-06,1.9646735191345215
3,0.0,0.25,0.5,0.25,0,48,3,3,0.29479873514155086,0.2948250570627074,0.7964875200702813,0.7958739447619763,0.6258352922217565,0.8021489417124285,0.8015540214626932,0.6413806962628472,0.6678252372828262,0.6671600065866087,0.4912865988346346,0.6631635923571185,0.6624852435215407,0.4806777554355714,0.9861111111111112,0.991689363782387,2.39232645042949e-05,0.7350692749023438
3,0.0,0.25,0.5,0.25,1,32,3,3,0.3000960427427212,0.30006657630309463,0.7919954100813236,0.7913658592256422,0.6149134768877957,0.7926764584473263,0.7920479364188315,0.6178455857756018,0.6612016518984709,0.6605196944893666,0.47988632683089266,0.6489462238665674,0.6482315250053116,0.4562355416832998,0.9850746268656716,0.990990990990991,2.6587205630716673e-05,0.5087125301361084
3,0.0,0.25,0.5,0.25,2,47,3,3,0.29582723972303326,0.295670689856077,0.7904764725728854,0.7898414931742513,0.6114464079728974,0.7852802150932446,0.7846251091678986,0.6010060305727019,0.670160016759392,0.669494947133297,0.5032163592211073,0.6603075896392546,0.6596101398698013,0.4926820471129652,0.9924812030075187,0.9959708452170764,1.0393641197103802e-05,0.9913508892059326
3,0.0,0.25,0.5,0.25,3,26,4,4,0.30330959509333777,0.30324649544915616,0.908286786541069,0.9079097241974984,0.7915753497024844,0.9083491277292126,0.907971490705844,0.7934094346634827,0.8275657449881185,0.8271091218083316,0.6463279830892504,0.8174624962315958,0.8169738155354499,0.6216283231336616,0.9850746268656716,0.990990990990991,4.110934110409517e-05,0.3855314254760742
3,0.0,0.25,0.5,0.25,4,44,4,4,0.30756199170358334,0.3073762154095663,0.902462641840836,0.9020594281071008,0.7700580044778049,0.897406368541996,0.8969792788487176,0.7526454569778374,0.8332735078549995,0.8328288887203085,0.6662608393363932,0.8281626276133814,0.8276964442337124,0.6590455003918929,0.9850746268656716,0.990990990990991,2.7518312319903043e-05,1.1528518199920654
3,0.0,0.25,0.5,0.25,5,57,3,3,0.2958169263669709,0.29549993660125573,0.7903747757157535,0.7897394336368198,0.6111150880111534,0.7849276230002521,0.7842712471813089,0.5998687124749003,0.6744795284020028,0.6738230938521524,0.5135291189465606,0.6670370059186,0.6663531018504028,0.5086807911004654,0.9923664122137404,0.9958938530367101,1.0411539276593534e-05,1.417227029800415
3,0.0,0.25,0.5,0.25,6,29,4,4,0.3075619917035833,0.3073762154095664,0.902462641840836,0.9020594281071008,0.7700580044778049,0.897406368541996,0.8969792788487176,0.7526454569778374,0.8332735078549994,0.8328288887203082,0.6662608393363932,0.8281626276133814,0.8276964442337124,0.6590455003918929,0.9850746268656716,0.990990990990991,2.751831231990326e-05,0.4515373706817627
3,0.0,0.25,0.5,0.25,7,35,2,2,0.29845323867529133,0.2984532386752915,0.5923035749787092,0.5915865303510878,0.37932760189374876,0.5936479709519707,0.5929324165216566,0.3829540138806239,0.34926995282480183,0.3484640814213256,0.18697208993064182,0.3313580831174686,0.33051922751079077,0.16087386817347216,0.9927007299270073,0.996118069288801,6.695526766426407e-06,0.5672626495361328
3,0.0,0.25,0.5,0.25,8,56,2,2,0.3065022615582611,0.306502261558261,0.5864457028076931,0.5857152626526245,0.36794884669240996,0.581408430461704,0.5806647649710639,0.35946576657210166,0.35897326090147674,0.3581746767699083,0.20635378789130668,0.34749034925094247,0.34666138649746675,0.1947169993965825,0.9951219512195122,0.9980039920159679,1.397669957803739e-06,0.9515058994293213
3,0.0,0.25,0.5,0.25,9,17,4,4,0.30225652517010054,0.3021997676838216,0.9062134325366954,0.9058270894842647,0.7840181975146335,0.9059896953135614,0.9056014712345598,0.78488266182146,0.5873387821333589,0.5862432727316306,0.31946428176436936,0.5748290461154254,0.5736875181321726,0.30027918183731894,0.9861111111111112,0.991689363782387,2.4845560908007876e-05,0.1124274730682373
3,0.0,0.25,0.5,0.5,0,13,4,4,0.3033095950933378,0.30324649544915616,0.908286786541069,0.9079097241974984,0.7915753497024844,0.9083491277292126,0.907971490705844,0.7934094346634827,0.8275657449881185,0.8271091218083316,0.6463279830892504,0.8174624962315958,0.8169738155354499,0.6216283231336616,0.9850746268656716,0.990990990990991,4.110934110409517e-05,0.0762481689453125
3,0.0,0.25,0.5,0.5,1,110,4,4,0.2926859041788298,0.2924940346636297,0.9032922516795583,0.9028927793128343,0.7730668342239174,0.9037907607564276,0.9033926442098374,0.7752391372397232,0.5824622892768059,0.5813499290240142,0.3104286934092968,0.5710951027994496,0.5699404978572171,0.2922549271034125,0.9850746268656716,0.990990990990991,2.7586872797032147e-05,2.20888352394104
3,0.0,0.25,0.5,0.5,2,110,3,3,0.2972879112772519,0.2973073712175688,0.7964599900015984,0.7958463173618422,0.6257449183498832,0.8019282820082536,0.8013325861275414,0.6406540834881669,0.3987468780509681,0.3975427396844199,0.1763531842664216,0.39299760652501203,0.3917748685998332,0.16938304041028776,0.9861111111111112,0.991689363782387,2.3845893741692402e-05,2.4983468055725098
3,0.0,0.25,0.5,0.5,3,24,4,4,0.30756199170358317,0.3073762154095662,0.902462641840836,0.9020594281071008,0.7700580044778049,0.897406368541996,0.8969792788487176,0.7526454569778374,0.8332735078549994,0.8328288887203081,0.6662608393363932,0.8281626276133814,0.8276964442337124,0.6590455003918929,0.9850746268656716,0.990990990990991,2.7518312319902935e-05,0.39166760444641113
3,0.0,0.25,0.5,0.5,4,28,3,3,0.29582723972303326,0.2956706898560769,0.7904764725728854,0.7898414931742513,0.6114464079728974,0.7852802150932446,0.7846251091678986,0.6010060305727019,0.670160016759392,0.669494947133297,0.5032163592211073,0.6603075896392546,0.6596101398698013,0.4926820471129652,0.9924812030075187,0.9959708452170764,1.0393641197103802e-05,0.5548713207244873
3,0.0,0.25,0.5,0.5,5,52,3,3,0.2795135602151513,0.27923837447429173,0.7914333662242105,0.7908018077543368,0.6136596154716961,0.7921997857472497,0.7915695648752535,0.6162892627615703,0.6715616939307455,0.6709001681557081,0.5055578507455073,0.6705723119966838,0.6699012798556625,0.5090921424894774,0.9924242424242424,0.9959326415022617,1.047101195970619e-05,0.9492166042327881
3,0.0,0.25,0.5,0.5,6,109,4,4,0.3022565251701005,0.3021997676838216,0.9062134325366954,0.9058270894842647,0.7840181975146335,0.9059896953135614,0.9056014712345598,0.78488266182146,0.5873387821333589,0.5862432727316306,0.31946428176436936,0.5748290461154254,0.5736875181321726,0.30027918183731894,0.9861111111111112,0.991689363782387,2.4845560908007876e-05,2.1675586700439453
3,0.0,0.25,0.5,0.5,7,14,4,4,0.3042848217540427,0.30446028467943204,0.9075030477238635,0.9071224809899361,0.7887321917624809,0.9116055475593928,0.9112424542131328,0.8049349549879696,0.5894891945512665,0.5884010899777646,0.323317771505139,0.5843445647456531,0.5832362201059156,0.31666379824114854,0.9850746268656716,0.990990990990991,4.1109341104095276e-05,0.07162308692932129
3,0.0,0.25,0.5,0.5,8,27,4,4,0.2869099494121843,0.28655480444348697,0.9019138104143678,0.901508118740358,0.76805910791063,0.8974063685419958,0.8969792788487174,0.7526454569778374,0.5801585390045755,0.5790381841833446,0.30625770311642325,0.5602281539441709,0.5590350821308032,0.2730752262032187,0.9928057553956835,0.9971942446043166,4.98225090437383e-06,0.3421173095703125
3,0.0,0.25,0.5,0.5,9,25,3,3,0.29582723972303326,0.295670689856077,0.7904764725728854,0.7898414931742513,0.6114464079728974,0.7852802150932446,0.7846251091678986,0.6010060305727019,0.670160016759392,0.669494947133297,0.5032163592211073,0.6603075896392546,0.6596101398698013,0.4926820471129652,0.9924812030075187,0.9959708452170764,1.0393641197103802e-05,0.3789641857147217
3,0.0,0.25,0.5,0.75,0,38,10,4,0.1416179155772361,0.2561301422939165,0.7026353903977093,0.6995740138563974,0.4956312283065573,0.9059896953135614,0.9056014712345598,0.78488266182146,0.40941372744761123,0.40570909082566675,0.1417498647492685,0.5748290461154254,0.5736875181321726,0.30027918183731894,0.3333333333333333,0.49900199600798395,0.7673399483557775,0.7180795669555664
3,0.0,0.25,0.5,0.75,1,49,10,3,0.13111854087510638,0.29380657950561084,0.6763644108615577,0.6730075323941798,0.5075565593624286,0.7889606460971244,0.7883188157233192,0.6085417084158432,0.5146300846006966,0.5115576994041822,0.26825425899666905,0.6729934599358478,0.672324887732388,0.5180642050574342,0.3333333333333333,0.49900199600798395,0.763604830777884,0.9348323345184326
3,0.0,0.25,0.5,0.75,2,51,4,4,0.2869099494121842,0.28655480444348697,0.9019138104143678,0.901508118740358,0.76805910791063,0.8974063685419958,0.8969792788487174,0.7526454569778374,0.5801585390045755,0.5790381841833446,0.30625770311642325,0.5602281539441709,0.5590350821308032,0.2730752262032187,0.9928057553956835,0.9971942446043166,4.98225090437383e-06,0.782848596572876
3,0.0,0.25,0.5,0.75,3,25,4,4,0.2926859041788298,0.2924940346636299,0.9032922516795583,0.9028927793128343,0.7730668342239174,0.9037907607564276,0.9033926442098374,0.7752391372397232,0.5824622892768059,0.5813499290240142,0.3104286934092968,0.5710951027994496,0.5699404978572171,0.2922549271034125,0.9850746268656716,0.990990990990991,2.7586872797032364e-05,0.41791391372680664
3,0.0,0.25,0.5,0.75,4,33,4,4,0.2926859041788298,0.2924940346636297,0.9032922516795583,0.9028927793128343,0.7730668342239174,0.9037907607564276,0.9033926442098374,0.7752391372397232,0.5824622892768059,0.5813499290240142,0.3104286934092968,0.5710951027994496,0.5699404978572171,0.2922549271034125,0.9850746268656716,0.990990990990991,2.7586872797032147e-05,0.48328256607055664
3,0.0,0.25,0.5,0.75,5,41,5,5,0.29615108835549186,0.29594913235497505,1.0,1.0,1.0,1.0,1.0,1.0,0.739964857200733,0.7391430675807577,0.476493102656082,0.7303232410180941,0.7294623299636518,0.45744797462502,0.9850746268656716,0.990990990990991,4.210900827041064e-05,0.6900336742401123
3,0.0,0.25,0.5,0.75,6,49,4,4,0.3075619917035832,0.30737621540956633,0.902462641840836,0.9020594281071008,0.7700580044778049,0.897406368541996,0.8969792788487176,0.7526454569778374,0.8332735078549995,0.8328288887203085,0.6662608393363932,0.8281626276133814,0.8276964442337124,0.6590455003918929,0.9850746268656716,0.990990990990991,2.7518312319902826e-05,0.87296462059021
3,0.0,0.25,0.5,0.75,7,17,4,4,0.3042848217540427,0.30446028467943204,0.9075030477238635,0.9071224809899361,0.7887321917624809,0.9116055475593928,0.9112424542131328,0.8049349549879696,0.5894891945512665,0.5884010899777646,0.323317771505139,0.5843445647456531,0.5832362201059156,0.31666379824114854,0.9850746268656716,0.990990990990991,4.1109341104095276e-05,0.07123637199401855
3,0.0,0.25,0.5,0.75,8,66,10,5,0.1391140250975959,0.2094629716463721,0.698277091984696,0.6951764376902149,0.4790696640416118,1.0,1.0,1.0,0.4047048585848501,0.40097886126118937,0.13238864369452122,0.7303232410180941,0.7294623299636517,0.45744797462502,0.3333333333333333,0.49900199600798395,0.7386051270637036,1.264807939529419
3,0.0,0.25,0.5,0.75,9,49,5,5,0.2961510883554918,0.2959491323549751,1.0,1.0,1.0,1.0,1.0,1.0,0.739964857200733,0.7391430675807577,0.476493102656082,0.7303232410180941,0.7294623299636518,0.45744797462502,0.9850746268656716,0.990990990990991,4.2109008270411075e-05,0.8024313449859619
3,0.0,0.25,0.5,1.0,0,1000,10,4,0.13135705188960056,0.2824396399645425,0.6903335453369437,0.687281271803364,0.5137112867688938,0.9059896953135614,0.9056014712345598,0.78488266182146,0.41662450041373095,0.4131492341139325,0.17081689090023644,0.5748290461154255,0.5736875181321727,0.30027918183731894,0.24242424242424243,0.3963963963963964,1.1778673836300502,20.237123012542725
3,0.0,0.25,0.5,1.0,1,53,10,4,0.1400308987340315,0.29208537057259254,0.7269295052449701,0.724240495190737,0.5455766846296304,0.9116055475593928,0.9112424542131328,0.8049349549879696,0.45857455085153714,0.45535284361168654,0.19054185531133908,0.5843445647456531,0.5832362201059156,0.31666379824114854,0.24242424242424243,0.4202122071646181,1.1665222221273694,1.4802043437957764
3,0.0,0.25,0.5,1.0,2,35,10,4,0.10326738353345159,0.2243142822631444,0.5998345219041286,0.5958329303976772,0.39188502891882093,0.9059896953135614,0.9056014712345598,0.78488266182146,0.32902260891559953,0.32495621033017613,0.10484686811978886,0.5748290461154254,0.5736875181321726,0.30027918183731894,0.24242424242424243,0.4202122071646181,1.385809588988297,0.6449141502380371
3,0.0,0.25,0.5,1.0,3,39,10,4,0.136809839252757,0.28530529370872804,0.7199332451697149,0.7171735808902958,0.5385655315866237,0.9059896953135614,0.9056014712345598,0.78488266182146,0.4442499114655418,0.4409404291504413,0.18492535463634116,0.5748290461154254,0.5736875181321726,0.30027918183731894,0.24242424242424243,0.4202122071646181,1.163788611116064,0.6858060359954834
3,0.0,0.25,0.5,1.0,4,113,10,5,0.1313751489951369,0.23253581590774866,0.7445464796442242,0.7420362545368476,0.5527656243957699,1.0,1.0,1.0,0.6037949154517085,0.6014433017533367,0.3227668725504944,0.7303232410180941,0.7294623299636518,0.45744797462502,0.24242424242424243,0.4202122071646181,1.1591294599876552,2.427865505218506
3,0.0,0.25,0.5,1.0,5,27,10,4,0.14002779373744426,0.29601296892071477,0.7108349416222768,0.7079883668519134,0.5361810131183714,0.9083491277292126,0.907971490705844,0.7934094346634827,0.6089008429897022,0.6065745470124229,0.3295085926590302,0.8174624962315958,0.8169738155354499,0.6216283231336616,0.24242424242424243,0.4202122071646181,1.166470577010577,0.5153102874755859
3,0.0,0.25,0.5,1.0,6,48,10,4,0.13024979046381352,0.2768185296417117,0.7043217798366397,0.7014073834198803,0.5173870671458686,0.9059896953135614,0.9056014712345598,0.78488266182146,0.4251807607629088,0.4217564655499401,0.17187234728493309,0.5748290461154255,0.5736875181321727,0.30027918183731894,0.24242424242424243,0.3963963963963964,1.1778673836300502,1.1842341423034668
3,0.0,0.25,0.5,1.0,7,45,10,4,0.12688729423481854,0.27965827007023175,0.7033488757092492,0.700426134500891,0.5323686823074207,0.9116055475593928,0.9112424542131328,0.8049349549879696,0.42975662096129325,0.42636132045991737,0.18225863779953397,0.5843445647456531,0.5832362201059156,0.31666379824114854,0.24242424242424243,0.39959314152862535,1.1766020096265375,1.1496741771697998
3,0.0,0.25,0.5,1.0,8,44,10,4,0.1290267663068092,0.2829327200865353,0.7054279247729393,0.7025196258203368,0.5344233202983822,0.9037907607564276,0.9033926442098374,0.7752391372397232,0.44971477806925275,0.44643010203734995,0.18741569629677096,0.5710951027994496,0.5699404978572171,0.2922549271034125,0.24242424242424243,0.4126263668248401,1.1687079084518053,1.1703650951385498
3,0.0,0.25,0.5,1.0,9,28,10,4,0.12983511300377923,0.27531506893242197,0.7007344815772791,0.6977847264209172,0.5158826937097322,0.9059896953135614,0.9056014712345598,0.78488266182146,0.42082061468048837,0.4173703453415011,0.17094773260081866,0.5748290461154254,0.5736875181321726,0.30027918183731894,0.24242424242424243,0.3963963963963964,1.17786738363005,0.51239013671875
3,0.0,0.25,0.75,0.0,0,28,4,4,0.3075619917035833,0.3073762154095663,0.902462641840836,0.9020594281071008,0.7700580044778049,0.897406368541996,0.8969792788487176,0.7526454569778374,0.8332735078549995,0.8328288887203084,0.6662608393363932,0.8281626276133814,0.8276964442337124,0.6590455003918929,0.9850746268656716,0.990990990990991,2.751831231990326e-05,0.44733715057373047
3,0.0,0.25,0.75,0.0,1,39,10,5,0.15605549974205707,0.15586793820876232,0.6834767048216439,0.6799666216642843,0.48939004171658446,1.0,1.0,1.0,0.5442262914259821,0.5411054985855084,0.3552063103893484,0.7303232410180941,0.7294623299636518,0.45744797462502,0,0.0,inf,0.5961310863494873
3,0.0,0.25,0.75,0.0,2,35,10,3,0.16921049396478513,0.2987661899935286,0.6715141766230077,0.6678743564596397,0.5088202449102812,0.7916267295012033,0.7909944647108239,0.6144266258107057,0.513122509976125,0.5097920404991781,0.3216811728692206,0.676923515689911,0.6762649947927467,0.5243675728058969,0,0.0,inf,0.6508309841156006
3,0.0,0.25,0.75,0.0,3,16,4,4,0.3033095950933378,0.3032464954491562,0.908286786541069,0.9079097241974984,0.7915753497024844,0.9083491277292126,0.907971490705844,0.7934094346634827,0.8275657449881185,0.8271091218083316,0.6463279830892504,0.8174624962315958,0.8169738155354499,0.6216283231336616,0.9850746268656716,0.990990990990991,4.11093411040956e-05,0.08588910102844238
3,0.0,0.25,0.75,0.0,4,30,5,5,0.2961510883554918,0.2959491323549751,1.0,1.0,1.0,1.0,1.0,1.0,0.739964857200733,0.7391430675807577,0.476493102656082,0.7303232410180941,0.7294623299636518,0.45744797462502,0.9850746268656716,0.990990990990991,4.210900827041064e-05,0.5269739627838135
3,0.0,0.25,0.75,0.0,5,42,10,4,0.1516053256888043,0.21070710160827666,0.6640971134806385,0.6603730417061158,0.4848066012047596,0.9083491277292126,0.907971490705844,0.7934094346634827,0.33791711395767726,0.3333850584695214,0.11040701659722676,0.5788304759989464,0.5777029410434702,0.3072954269871484,0,0.0,inf,0.8129549026489258
3,0.0,0.25,0.75,0.0,6,24,10,3,0.16568751932482687,0.29783968685129175,0.6644594895070041,0.6607414991743815,0.4979263053658116,0.7916267295012033,0.7909944647108239,0.6144266258107057,0.5062038354597129,0.5028260390170098,0.3160491383251734,0.676923515689911,0.6762649947927467,0.5243675728058969,0,0.0,inf,0.486835241317749
3,0.0,0.25,0.75,0.0,7,23,4,4,0.30225652517010054,0.3021997676838218,0.9062134325366954,0.9058270894842647,0.7840181975146335,0.9059896953135614,0.9056014712345598,0.78488266182146,0.5873387821333589,0.5862432727316306,0.31946428176436936,0.5748290461154254,0.5736875181321726,0.30027918183731894,0.9861111111111112,0.991689363782387,2.484556090800766e-05,0.37137269973754883
3,0.0,0.25,0.75,0.0,8,112,10,3,0.16456891986149536,0.2933020778572102,0.6716208970303108,0.6679891497078533,0.5080984085129959,0.8021489417124285,0.8015540214626932,0.6413806962628472,0.34823561029403943,0.34378763466913315,0.1285748709400999,0.39339458151409673,0.39217294967754845,0.17010623090404783,0,0.0,inf,2.125605583190918
3,0.0,0.25,0.75,0.0,9,44,10,3,0.16513497106139635,0.2874162770607486,0.6482228753131944,0.644320761591534,0.4912273443487609,0.7852802150932446,0.7846251091678986,0.6010060305727019,0.5280173430139699,0.5247844604828128,0.3514090116517861,0.6603075896392546,0.6596101398698013,0.4926820471129652,0,0.0,inf,0.6679270267486572
3,0.0,0.25,0.75,0.25,0,31,5,5,0.29615108835549186,0.2959491323549751,1.0,1.0,1.0,1.0,1.0,1.0,0.739964857200733,0.7391430675807577,0.476493102656082,0.7303232410180941,0.7294623299636518,0.45744797462502,0.9850746268656716,0.990990990990991,4.210900827041064e-05,0.4741177558898926
3,0.0,0.25,0.75,0.25,1,40,5,5,0.2961510883554918,0.29594913235497505,1.0,1.0,1.0,1.0,1.0,1.0,0.739964857200733,0.7391430675807577,0.476493102656082,0.7303232410180941,0.7294623299636518,0.45744797462502,0.9850746268656716,0.990990990990991,4.210900827041064e-05,0.6590495109558105
3,0.0,0.25,0.75,0.25,2,28,10,5,0.13868883619623243,0.16285284738539274,0.6719116688923215,0.6684105852365956,0.4526425398559805,1.0,1.0,1.0,0.35992000312931827,0.35573036949900066,0.09944427314326407,0.7303232410180941,0.7294623299636518,0.45744797462502,0.3333333333333333,0.555,1.1178355085389824,0.7487690448760986
3,0.0,0.25,0.75,0.25,3,87,10,4,0.15130627190968007,0.240269766852803,0.6827498715858387,0.6793660524405006,0.4869820602735648,0.9083491277292126,0.907971490705844,0.7934094346634827,0.5184142334969916,0.5152638499726151,0.3094171363993314,0.8174624962315958,0.8169738155354499,0.6216283231336616,0.3333333333333333,0.555,1.1200009770882202,2.0897152423858643
3,0.0,0.25,0.75,0.25,4,60,10,3,0.1452632052506368,0.2937656464112744,0.6715582110894245,0.6680614594861611,0.5011793931035476,0.8021489417124285,0.8015540214626932,0.6413806962628472,0.360342161797831,0.35616710750338915,0.1341810637324533,0.39339458151409673,0.39217294967754845,0.17010623090404783,0.3333333333333333,0.5338672005338672,1.1327316323189773,0.9699819087982178
3,0.0,0.25,0.75,0.25,5,19,4,4,0.30330959509333777,0.30324649544915616,0.908286786541069,0.9079097241974984,0.7915753497024844,0.9083491277292126,0.907971490705844,0.7934094346634827,0.8275657449881185,0.8271091218083316,0.6463279830892504,0.8174624962315958,0.8169738155354499,0.6216283231336616,0.9850746268656716,0.990990990990991,4.110934110409517e-05,0.28077101707458496
3,0.0,0.25,0.75,0.25,6,20,4,4,0.28430885921053156,0.2840608104525071,0.9077861546703496,0.9074068545396609,0.7897360784811976,0.9083491277292126,0.907971490705844,0.7934094346634827,0.5899610729900625,0.5888745916158099,0.32413564590320154,0.5788304759989464,0.5777029410434702,0.3072954269871484,0.9861111111111112,0.991689363782387,2.5002235227100916e-05,0.16571426391601562
3,0.0,0.25,0.75,0.25,7,31,5,5,0.29615108835549186,0.2959491323549751,1.0,1.0,1.0,1.0,1.0,1.0,0.739964857200733,0.7391430675807577,0.476493102656082,0.7303232410180941,0.7294623299636518,0.45744797462502,0.9850746268656716,0.990990990990991,4.210900827041064e-05,0.38662052154541016
3,0.0,0.25,0.75,0.25,8,28,10,4,0.14263979405859753,0.2221588131218278,0.6581229934967612,0.6544153548920382,0.41647922993553316,0.9083491277292126,0.907971490705844,0.7934094346634827,0.4803104432180477,0.4768406397044947,0.23957201431754477,0.8174624962315958,0.8169738155354499,0.6216283231336616,0.3333333333333333,0.555,1.108268372826739,0.48305273056030273
3,0.0,0.25,0.75,0.25,9,37,4,4,0.2913748138964658,0.2912005202031931,0.9090437908389912,0.9086701087019787,0.7943429996270311,0.9137594533047027,0.9134059329538328,0.8127690521941776,0.5920564220257112,0.5909771353447553,0.3278765860803966,0.5879863206256295,0.5868905825581722,0.3229571956914917,0.9850746268656716,0.990990990990991,4.1109341104095276e-05,0.577028751373291
3,0.0,0.25,0.75,0.5,0,108,5,5,0.2961510883554918,0.29594913235497505,1.0,1.0,1.0,1.0,1.0,1.0,0.7399648572007331,0.7391430675807578,0.476493102656082,0.7303232410180941,0.7294623299636518,0.45744797462502,0.9850746268656716,0.990990990990991,4.210900827041064e-05,2.129054069519043
3,0.0,0.25,0.75,0.5,1,27,10,3,0.12984201428676287,0.2960605002111715,0.6628708169723498,0.6593776502506684,0.49502847421521085,0.792676458447326,0.7920479364188314,0.6178455857756018,0.4645143238380179,0.46112900673709967,0.23623060667135581,0.6489462238665673,0.6482315250053114,0.4562355416832998,0.3333333333333333,0.49900199600798395,0.7630673418789028,0.5111167430877686
3,0.0,0.25,0.75,0.5,2,45,10,4,0.12275686598856517,0.22063784772510064,0.6739870480529125,0.6706099865660077,0.4626078436025256,0.9137594533047027,0.9134059329538328,0.8127690521941776,0.37211057794991087,0.3681424276925483,0.11661362478702424,0.5879863206256295,0.5868905825581722,0.3229571956914917,0.3333333333333333,0.49900199600798395,0.7632721819715069,0.7116556167602539
3,0.0,0.25,0.75,0.5,3,113,10,3,0.1191048190199133,0.269265038807259,0.6113810025292533,0.6073242091009934,0.4347689180858456,0.7921997857472497,0.7915695648752535,0.6162892627615703,0.4854699466501982,0.4821876371535493,0.30015433737921837,0.6705723119966838,0.6699012798556625,0.5090921424894774,0.3333333333333333,0.49900199600798395,0.7894791024488845,2.2862908840179443
3,0.0,0.25,0.75,0.5,4,95,10,4,0.1333760101397474,0.24360748539298957,0.6806167170695415,0.6773102920698202,0.46571554503814416,0.9083491277292126,0.907971490705844,0.7934094346634827,0.5060817112704689,0.5029624797435959,0.2781186451523609,0.8174624962315958,0.8169738155354499,0.6216283231336616,0.3333333333333333,0.49900199600798395,0.7603063291918286,1.8471920490264893
3,0.0,0.25,0.75,0.5,5,41,4,4,0.2843088592105316,0.28406081045250714,0.9077861546703494,0.9074068545396607,0.7897360784811976,0.9083491277292126,0.907971490705844,0.7934094346634827,0.5899610729900625,0.5888745916158099,0.32413564590320154,0.5788304759989464,0.5777029410434702,0.3072954269871484,0.9861111111111112,0.991689363782387,2.5002235227100916e-05,0.8347327709197998
3,0.0,0.25,0.75,0.5,6,112,10,3,0.13344707064041147,0.2968211031806252,0.701345791245218,0.6982591473686511,0.5237228635882146,0.8021489417124285,0.8015540214626932,0.6413806962628472,0.5162604944137351,0.5132117411296009,0.25956816864772625,0.6631635923571185,0.6624852435215407,0.4806777554355714,0.3333333333333333,0.49900199600798395,0.7719368484341436,2.278751850128174
3,0.0,0.25,0.75,0.5,7,113,10,3,0.13329279333972444,0.2994138547029565,0.6845238383185609,0.6812576096619632,0.5224241494589397,0.7916267295012033,0.7909944647108239,0.6144266258107057,0.4944160898301642,0.4912228860140324,0.2639620926208289,0.676923515689911,0.6762649947927467,0.5243675728058969,0.3333333333333333,0.49900199600798395,0.7644163577442686,2.262279510498047
3,0.0,0.25,0.75,0.5,8,103,4,4,0.28999564489917856,0.28967696566936396,0.9041296431413824,0.9037339420232676,0.7760883163884392,0.9000920107272863,0.8996771460213145,0.7622414951112423,0.8316380064779841,0.8311899265252475,0.6606232811996562,0.8255305231223697,0.8250587365522001,0.6500663075088151,0.9850746268656716,0.990990990990991,2.7657088559506892e-05,1.978527307510376
3,0.0,0.25,0.75,0.5,9,17,4,4,0.3042848217540427,0.30446028467943215,0.9075030477238635,0.9071224809899361,0.7887321917624809,0.9116055475593928,0.9112424542131328,0.8049349549879696,0.5894891945512665,0.5884010899777646,0.323317771505139,0.5843445647456531,0.5832362201059156,0.31666379824114854,0.9850746268656716,0.990990990990991,4.110934110409517e-05,0.07436752319335938
3,0.0,0.25,0.75,0.75,0,118,10,3,0.11265623730113614,0.2933129618969751,0.6498490772017901,0.6463050943768286,0.47216208453690256,0.789789857030486,0.789150994948784,0.6112350182388241,0.37247042696610777,0.36861180737946797,0.1365148296940992,0.3710829725937891,0.3697983388154702,0.1394956227629166,0.3333333333333333,0.427715996578272,0.9391356972107937,2.3316895961761475
3,0.0,0.25,0.75,0.75,1,38,4,4,0.29268590417882967,0.2924940346636297,0.9032922516795583,0.9028927793128343,0.7730668342239174,0.9037907607564276,0.9033926442098374,0.7752391372397232,0.5824622892768059,0.5813499290240142,0.3104286934092968,0.5710951027994496,0.5699404978572171,0.2922549271034125,0.9850746268656716,0.990990990990991,2.758687279703258e-05,0.7286779880523682
3,0.0,0.25,0.75,0.75,2,41,10,3,0.11464734933406122,0.298786037094137,0.6633956312194993,0.6599965976164633,0.4860239698815695,0.7916267295012033,0.7909944647108239,0.6144266258107057,0.477755227986382,0.4745529314653463,0.23586736873899833,0.676923515689911,0.6762649947927467,0.5243675728058969,0.3333333333333333,0.427715996578272,0.9365516857587912,0.7010774612426758
3,0.0,0.25,0.75,0.75,3,40,5,5,0.2961510883554918,0.2959491323549751,1.0,1.0,1.0,1.0,1.0,1.0,0.7399648572007331,0.7391430675807578,0.476493102656082,0.7303232410180941,0.7294623299636518,0.45744797462502,0.9850746268656716,0.990990990990991,4.210900827041064e-05,0.7089159488677979
3,0.0,0.25,0.75,0.75,4,22,4,4,0.30428482175404253,0.30446028467943204,0.9075030477238635,0.9071224809899361,0.7887321917624809,0.9116055475593928,0.9112424542131328,0.8049349549879696,0.5894891945512666,0.5884010899777649,0.323317771505139,0.5843445647456531,0.5832362201059156,0.31666379824114854,0.9850746268656716,0.990990990990991,4.110934110409517e-05,0.34101271629333496
3,0.0,0.25,0.75,0.75,5,38,2,2,0.2737275460629888,0.2737275460629887,0.5872903773570707,0.5865618743007849,0.36956399957774183,0.5879077429223252,0.5871790535706989,0.3717161405198315,0.3409720519367654,0.3401517443562684,0.17250524307280812,0.32162940120543965,0.32077330697917267,0.14388001567816583,0.9950980392156863,0.9980039920159679,1.4078477810647327e-06,0.5612223148345947
3,0.0,0.25,0.75,0.75,6,28,4,4,0.2869099494121842,0.286554804443487,0.9019138104143678,0.901508118740358,0.76805910791063,0.8974063685419958,0.8969792788487174,0.7526454569778374,0.5801585390045755,0.5790381841833446,0.30625770311642325,0.5602281539441709,0.5590350821308032,0.2730752262032187,0.9928057553956835,0.9971942446043166,4.98225090437383e-06,0.44077301025390625
3,0.0,0.25,0.75,0.75,7,30,4,4,0.30330959509333777,0.30324649544915616,0.908286786541069,0.9079097241974984,0.7915753497024844,0.9083491277292126,0.907971490705844,0.7934094346634827,0.8275657449881185,0.8271091218083316,0.6463279830892504,0.8174624962315958,0.8169738155354499,0.6216283231336616,0.9850746268656716,0.990990990990991,4.110934110409517e-05,0.4330437183380127
3,0.0,0.25,0.75,0.75,8,37,4,4,0.3042848217540427,0.30446028467943215,0.9075030477238635,0.9071224809899361,0.7887321917624809,0.9116055475593928,0.9112424542131328,0.8049349549879696,0.5894891945512665,0.5884010899777646,0.323317771505139,0.5843445647456531,0.5832362201059156,0.31666379824114854,0.9850746268656716,0.990990990990991,4.110934110409517e-05,0.6515083312988281
3,0.0,0.25,0.75,0.75,9,37,4,4,0.3033095950933378,0.30324649544915616,0.908286786541069,0.9079097241974984,0.7915753497024844,0.9083491277292126,0.907971490705844,0.7934094346634827,0.8275657449881185,0.8271091218083316,0.6463279830892504,0.8174624962315958,0.8169738155354499,0.6216283231336616,0.9850746268656716,0.990990990990991,4.110934110409517e-05,0.711580753326416
3,0.0,0.25,0.75,1.0,0,52,10,4,0.1283504425448076,0.2912800278025647,0.7106842501216754,0.7078700730769083,0.5303337892403633,0.897406368541996,0.8969792788487176,0.7526454569778374,0.601098334033775,0.5987586870771799,0.31055214536222786,0.8281626276133816,0.8276964442337125,0.6590455003918929,0.24242424242424243,0.36849378166743435,1.1644555153604053,0.9407238960266113
3,0.0,0.25,0.75,1.0,1,49,10,5,0.15010284724822884,0.29324279597767106,0.8224644260299232,0.8207652782919772,0.6643879270150842,1.0,1.0,1.0,0.5901580688958781,0.5878000900405982,0.2716790894555809,0.7303232410180941,0.7294623299636518,0.45744797462502,0.24242424242424243,0.36849378166743435,0.9244443067830284,0.9044332504272461
3,0.0,0.25,0.75,1.0,2,36,10,3,0.07802923551446932,0.2676544984031331,0.5552519116725638,0.5508767131321157,0.3610555002783272,0.7921997857472497,0.7915695648752535,0.6162892627615703,0.4329196947212402,0.4295486933141036,0.20575902416444147,0.6705723119966838,0.6699012798556625,0.5090921424894774,0.24242424242424243,0.36849378166743435,1.3769674076425313,0.64497971534729
3,0.0,0.25,0.75,1.0,3,83,10,3,0.09306427409009667,0.2820200378825567,0.6108149115188539,0.60699084540036,0.422259934055551,0.7852802150932446,0.7846251091678986,0.6010060305727019,0.4824056281854098,0.4793331461497341,0.2509804027081642,0.6603075896392546,0.6596101398698013,0.4926820471129652,0.24242424242424243,0.36849378166743435,1.3815313239766782,2.2544796466827393
3,0.0,0.25,0.75,1.0,4,45,10,4,0.12838878734300713,0.29273948984459863,0.7086035135742466,0.7057690971853358,0.5279874134996825,0.897406368541996,0.8969792788487176,0.7526454569778374,0.6006474653014338,0.5983051738994843,0.3099750991209007,0.8281626276133816,0.8276964442337125,0.6590455003918929,0.24242424242424243,0.36849378166743435,1.164455515360405,1.5724036693572998
3,0.0,0.25,0.75,1.0,5,61,10,5,0.15015357916659253,0.29343527292040983,0.8224644260299233,0.8207652782919773,0.6643879270150842,1.0,1.0,1.0,0.5901580688958782,0.5878000900405983,0.2716790894555809,0.7303232410180941,0.7294623299636518,0.45744797462502,0.24242424242424243,0.36849378166743435,0.9244443067830286,1.4714763164520264
3,0.0,0.25,0.75,1.0,6,40,10,4,0.12968766574798235,0.2901262015693405,0.7447843426831198,0.7423052878990549,0.5527539999608737,0.9116055475593928,0.9112424542131328,0.8049349549879696,0.4786052069138686,0.4755521598627703,0.19790187491026062,0.5843445647456531,0.5832362201059156,0.31666379824114854,0.24242424242424243,0.36849378166743435,1.1754202234017337,0.976215124130249
3,0.0,0.25,0.75,1.0,7,56,10,3,0.07759360504937354,0.26481923887516357,0.5650985334969264,0.5608202271408329,0.3728580409189744,0.7916267295012034,0.790994464710824,0.6144266258107057,0.2980592687934672,0.2938866222455774,0.09156864661052141,0.37440901171420427,0.3731338810288383,0.14279638485309123,0.24242424242424243,0.36849378166743435,1.376088926848133,2.0301027297973633
3,0.0,0.25,0.75,1.0,8,33,10,5,0.15038061485778637,0.2935120144316777,0.8276962754735303,0.8260472004334025,0.6642677597777445,1.0,1.0,1.0,0.5897154061810801,0.5873548805163054,0.27109969140225737,0.7303232410180941,0.7294623299636517,0.45744797462502,0.24242424242424243,0.36849378166743435,0.9244443067830285,1.1015779972076416
3,0.0,0.25,0.75,1.0,9,1000,10,5,0.14910499484998535,0.29015106030928,0.8151246542505359,0.8133552145912039,0.6596087206851958,1.0,1.0,1.0,0.5736443816785358,0.5711913192413259,0.2672461524320981,0.7303232410180941,0.7294623299636518,0.45744797462502,0.24242424242424243,0.36849378166743435,0.9243491499798229,25.17885160446167
3,0.0,0.25,1.0,0.0,0,33,10,3,0.11243011450517816,0.25732705173148385,0.5571261067337129,0.5524402857215661,0.4035082834389633,0.7926764584473263,0.7920479364188315,0.6178455857756018,0.26917766624701456,0.26444281583101087,0.08546158193936138,0.3763081967306326,0.3750384430579024,0.14631627595794314,0,0.0,inf,0.8432502746582031
3,0.0,0.25,1.0,0.0,1,36,10,4,0.15722960818180362,0.28894769297318323,0.7129430302712596,0.7100023172602993,0.5517254728869607,0.9116055475593928,0.9112424542131328,0.8049349549879696,0.47403596642921647,0.47075804596486703,0.21070051095192616,0.5843445647456531,0.5832362201059156,0.31666379824114854,0,0.0,inf,0.9695096015930176
3,0.0,0.25,1.0,0.0,2,37,10,4,0.1361996678815225,0.22440638091730053,0.6405847467725433,0.6367953142669793,0.46502194736931374,0.9083491277292126,0.907971490705844,0.7934094346634827,0.5047477503234817,0.5015528585127658,0.28949286992387513,0.8174624962315958,0.8169738155354499,0.6216283231336616,0,0.0,inf,1.0653846263885498
3,0.0,0.25,1.0,0.0,3,119,10,4,0.13822469571086396,0.2581741643361611,0.6709041663985227,0.6675206924077451,0.5234778827662557,0.9037907607564276,0.9033926442098374,0.7752391372397232,0.3780146743014656,0.37412144301061173,0.1630967234322384,0.5710951027994496,0.5699404978572171,0.2922549271034125,0,0.0,inf,3.8599209785461426
3,0.0,0.25,1.0,0.0,4,36,10,4,0.12710705207947356,0.21517522594368818,0.5893286282747754,0.5849146651956401,0.35238852594117026,0.9116055475593928,0.9112424542131328,0.8049349549879696,0.3898001379130107,0.38576981915730035,0.1618681293391776,0.5843445647456531,0.5832362201059156,0.31666379824114854,0,0.0,inf,1.6635303497314453
3,0.0,0.25,1.0,0.0,5,110,10,4,0.15777884911421347,0.2827175827909603,0.7244448458106162,0.7216152705287875,0.5602247472806282,0.897406368541996,0.8969792788487176,0.7526454569778374,0.6368642831649877,0.6345946344806728,0.40075362028062195,0.8281626276133816,0.8276964442337125,0.6590455003918929,0,0.0,inf,3.219369649887085
3,0.0,0.25,1.0,0.0,6,110,10,3,0.13282229347972707,0.2860550723342313,0.6230493627614632,0.6190749741073479,0.46536552496493166,0.8021489417124285,0.8015540214626932,0.6413806962628472,0.3265708970497307,0.32222647922319275,0.11830194224932254,0.39339458151409673,0.39217294967754845,0.17010623090404783,0,0.0,inf,3.0073559284210205
3,0.0,0.25,1.0,0.0,7,1000,10,4,0.12716447685369167,0.21672918078398973,0.6232045201068694,0.6192317673581813,0.4333885104718727,0.9116055475593928,0.9112424542131328,0.8049349549879696,0.3548718161247124,0.3507099728510088,0.12417559439642767,0.5843445647456531,0.5832362201059156,0.31666379824114854,0,0.0,inf,20.53564763069153
3,0.0,0.25,1.0,0.0,8,57,10,2,0.08581844554457597,0.26726724352627507,0.44466899222541284,0.43852788576837903,0.25693476064249327,0.5843445647456531,0.5836076786123202,0.3649394192885749,0.46153284589275545,0.4578515220459453,0.403591852130547,0.8355924525231782,0.8353842128672957,0.8588617959976426,0,0.0,inf,1.654334545135498
3,0.0,0.25,1.0,0.0,9,1000,10,4,0.15503561583959508,0.28450612094597444,0.7052286674965272,0.7022095523385635,0.5568010416828694,0.9116055475593928,0.9112424542131328,0.8049349549879696,0.46256828289533414,0.45921974050732983,0.2068341162201819,0.5843445647456531,0.5832362201059156,0.31666379824114854,0,0.0,inf,21.716392278671265
3,0.0,0.25,1.0,0.25,0,115,10,4,0.1393535748929678,0.275767271033457,0.7113740862589364,0.7084828099487394,0.5371709811912375,0.9083491277292126,0.907971490705844,0.7934094346634827,0.5668607407947677,0.5642311140601135,0.3271389268131299,0.8174624962315958,0.8169738155354499,0.6216283231336616,0.24242424242424243,0.3796900348624487,1.6774987824949086,3.428070306777954
3,0.0,0.25,1.0,0.25,1,58,10,4,0.10006240171772093,0.21197942919294094,0.6128553778498241,0.6088830414108638,0.4019669656039825,0.9137594533047027,0.9134059329538328,0.8127690521941776,0.34787992896066045,0.34380548795701,0.10743456933183011,0.5879863206256295,0.5868905825581722,0.3229571956914917,0.24242424242424243,0.38887808671981333,1.9769117607024314,1.5561778545379639
3,0.0,0.25,1.0,0.25,2,109,10,5,0.17222187716879878,0.29316133268163413,0.8388632309464178,0.8372861017781689,0.7245823441574208,1.0,1.0,1.0,0.6036204839364478,0.6012796600631217,0.30353510560187724,0.7303232410180941,0.7294623299636518,0.45744797462502,0.24242424242424243,0.4888182818037394,1.3694602133708997,3.2789998054504395
3,0.0,0.25,1.0,0.25,3,108,10,3,0.10786462791878695,0.2712551986329268,0.5862415268710942,0.5819977402119291,0.4086789312629659,0.7926764584473263,0.7920479364188315,0.6178455857756018,0.4164719808208078,0.41282779244046824,0.21597234937617418,0.6489462238665674,0.6482315250053116,0.4562355416832998,0.24242424242424243,0.3902819787296321,1.97685180023576,2.7393529415130615
3,0.0,0.25,1.0,0.25,4,78,10,4,0.10920384870508451,0.21190503059245588,0.6182219285815849,0.6143047875213621,0.43973938336756735,0.9037907607564276,0.9033926442098374,0.7752391372397232,0.3221073004685768,0.31787200503262836,0.10893055433997369,0.5710951027994496,0.5699404978572171,0.2922549271034125,0.24242424242424243,0.3902819787296321,1.977001671695544,2.212857246398926
3,0.0,0.25,1.0,0.25,5,45,10,5,0.1722465155549828,0.2934354855155758,0.839449036230178,0.8378776406421998,0.7260100580041584,1.0,1.0,1.0,0.6043313437181349,0.6019947178355731,0.30439249775386346,0.7303232410180941,0.7294623299636517,0.45744797462502,0.24242424242424243,0.4888182818037394,1.3694602133708997,1.2910065650939941
3,0.0,0.25,1.0,0.25,6,1000,10,4,0.14368253248209037,0.28300911304974924,0.6969783556585418,0.6939424776792523,0.5344501718129322,0.9083491277292126,0.907971490705844,0.7934094346634827,0.5716516017826663,0.569050655437805,0.32985702381733506,0.8174624962315958,0.8169738155354499,0.6216283231336616,0.24242424242424243,0.3796900348624487,1.677949856041686,20.618420362472534
3,0.0,0.25,1.0,0.25,7,112,10,4,0.12286163572484221,0.25162975542859345,0.6672824749609335,0.663927648933825,0.4932848443359509,0.8974063685419958,0.8969792788487174,0.7526454569778374,0.3956236046420455,0.3919252827439887,0.15288415116662651,0.5602281539441709,0.5590350821308032,0.2730752262032187,0.24242424242424243,0.364000364000364,1.667273274145276,3.362948179244995
3,0.0,0.25,1.0,0.25,8,116,10,4,0.14379384482187985,0.2812115667664376,0.7271061926765587,0.7243710785212362,0.5518566078608111,0.9116055475593928,0.9112424542131328,0.8049349549879696,0.45687128663179405,0.453571823129242,0.19120072236721616,0.5843445647456531,0.5832362201059156,0.31666379824114854,0.24242424242424243,0.3768026581714794,1.6781262620823432,3.4370381832122803
3,0.0,0.25,1.0,0.25,9,45,10,3,0.11917224325224354,0.28912597571967336,0.6130225070130575,0.609048845054759,0.44492845123730174,0.7889606460971244,0.7883188157233192,0.6085417084158432,0.48827675847483076,0.4850765491383899,0.2812261683986671,0.6729934599358477,0.6723248877323879,0.5180642050574342,0.24242424242424243,0.38748425845200035,1.9772348696965776,1.1135690212249756
3,0.0,0.25,1.0,0.5,0,1000,10,3,0.09345386619310674,0.26339961799562345,0.5709159019793604,0.5665913741061561,0.39569642266482097,0.7921997857472497,0.7915695648752535,0.6162892627615703,0.4587616868377051,0.4554504845608993,0.24947183577509335,0.6705723119966838,0.6699012798556625,0.5090921424894774,0.24242424242424243,0.39798834979557873,1.4506595931213058,20.277303218841553
3,0.0,0.25,1.0,0.5,1,1000,10,4,0.1277671749571259,0.2783369764140793,0.7182851852291618,0.7155092443550928,0.5558395759780765,0.9116055475593928,0.9112424542131328,0.8049349549879696,0.4478681018595286,0.4445801277896559,0.19659834297816192,0.5843445647456531,0.5832362201059156,0.31666379824114854,0.24242424242424243,0.39798834979557873,1.1768486700891483,21.476707220077515
3,0.0,0.25,1.0,0.5,2,40,10,4,0.13246513506524615,0.28373319828527677,0.712676965307252,0.7098470852456407,0.5159686810362194,0.9116055475593928,0.9112424542131328,0.8049349549879696,0.44234709129186617,0.43902809012068866,0.1736692724670467,0.5843445647456531,0.5832362201059156,0.31666379824114854,0.24242424242424243,0.4202122071646181,1.1651447929509282,0.9424631595611572
3,0.0,0.25,1.0,0.5,3,52,10,4,0.1282549467681941,0.2783482447526875,0.6978512090208318,0.6948678857407272,0.505563508107901,0.897406368541996,0.8969792788487176,0.7526454569778374,0.5503398988992646,0.5476556183079807,0.30966624148249966,0.8281626276133814,0.8276964442337124,0.6590455003918929,0.24242424242424243,0.4110574452779776,1.1673438410488686,1.4433965682983398
3,0.0,0.25,1.0,0.5,4,25,10,4,0.13952779581400013,0.29000887758157506,0.7256323822273082,0.7229302480199828,0.550622769634996,0.9083491277292126,0.907971490705844,0.7934094346634827,0.5840599954992572,0.5815846058470724,0.3233116261658205,0.8174624962315958,0.8169738155354499,0.6216283231336616,0.24242424242424243,0.40448611877183305,1.1778829261179944,0.6732399463653564
3,0.0,0.25,1.0,0.5,5,26,10,5,0.16026483486412962,0.2935518044403922,0.832106125548542,0.8304833755973127,0.6908521735352839,1.0,1.0,1.0,0.5958398907681584,0.5934877524305398,0.28582964425880514,0.7303232410180941,0.7294623299636518,0.45744797462502,0.24242424242424243,0.4202122071646181,0.9437267274421908,0.6501164436340332
3,0.0,0.25,1.0,0.5,6,49,10,3,0.0911078818181859,0.2603504263133558,0.5544226526019729,0.5499317789897984,0.3820284983228515,0.7926764584473263,0.7920479364188315,0.6178455857756018,0.27582179851762983,0.27139126013273296,0.08390349717712689,0.3763081967306326,0.3750384430579024,0.14631627595794314,0.24242424242424243,0.401210927526717,1.4505367172294306,0.925879716873169
3,0.0,0.25,1.0,0.5,7,33,10,3,0.10383977754128769,0.28723708672450454,0.6228512928679241,0.6190720707100043,0.4436397228409153,0.7916267295012033,0.7909944647108239,0.6144266258107057,0.4681997131706035,0.46496875622156913,0.2689827808208446,0.676923515689911,0.6762649947927467,0.5243675728058969,0.24242424242424243,0.4110574452779776,1.3893648189211016,0.6126787662506104
3,0.0,0.25,1.0,0.5,8,57,10,5,0.1600222715553022,0.2933841435377165,0.832106125548542,0.8304833755973127,0.6908521735352839,1.0,1.0,1.0,0.5958398907681584,0.5934877524305398,0.28582964425880514,0.7303232410180941,0.7294623299636517,0.45744797462502,0.24242424242424243,0.4202122071646181,0.9437267274421909,1.0659239292144775
3,0.0,0.25,1.0,0.5,9,42,10,5,0.12860409498321682,0.2267774278692037,0.7397981478240153,0.7372393670863928,0.5462128887872884,1.0,1.0,1.0,0.4783698923761859,0.4752710796025507,0.19419616083648975,0.7303232410180941,0.7294623299636518,0.45744797462502,0.24242424242424243,0.4202122071646181,1.15896005355428,0.7260844707489014
3,0.0,0.25,1.0,0.75,0,57,10,5,0.14971563422531534,0.29205845537500685,0.8205076746635431,0.8187897993568989,0.6634566309257021,1.0,1.0,1.0,0.5801569273038217,0.5777414080198717,0.26950195737642585,0.7303232410180941,0.7294623299636517,0.45744797462502,0.24242424242424243,0.36849378166743435,0.9241795711072457,1.0974864959716797
3,0.0,0.25,1.0,0.75,1,26,10,4,0.11483204466881854,0.27225502587142214,0.7086948696249238,0.7058629609218837,0.527780226882707,0.9116055475593928,0.9112424542131328,0.8049349549879696,0.46027267254135995,0.45710921575419583,0.18770590008474425,0.5843445647456531,0.5832362201059156,0.31666379824114854,0.24242424242424243,0.36849378166743435,1.168020589444907,0.5928504467010498
3,0.0,0.25,1.0,0.75,2,48,10,4,0.1117426977615711,0.2725803352223696,0.6876697002859635,0.6846379440524027,0.5148953791273051,0.9083491277292126,0.907971490705844,0.7934094346634827,0.44389906091104375,0.44064548486387906,0.1852642597792228,0.5788304759989464,0.5777029410434702,0.3072954269871484,0.24242424242424243,0.36849378166743435,1.1711056366777666,0.8774402141571045
3,0.0,0.25,1.0,0.75,3,37,10,5,0.14984379198137923,0.2930289129804622,0.8217438566738652,0.8200378125502316,0.6624652512176501,1.0,1.0,1.0,0.5901580688958782,0.5878000900405983,0.2716790894555809,0.7303232410180941,0.7294623299636518,0.45744797462502,0.24242424242424243,0.36849378166743435,0.9241795711072459,0.7112939357757568
3,0.0,0.25,1.0,0.75,4,62,10,4,0.12802212787352488,0.28957231095233665,0.7202148829755701,0.7174971710602375,0.5279724059253627,0.9116055475593928,0.9112424542131328,0.8049349549879696,0.45177945054652374,0.44856932425823925,0.18331254758920937,0.5843445647456531,0.5832362201059156,0.31666379824114854,0.24242424242424243,0.36849378166743435,1.1721811155203437,1.4388220310211182
3,0.0,0.25,1.0,0.75,5,53,10,5,0.15049097204680825,0.29312365568420734,0.8220981444507662,0.8203954911251639,0.6633965473070322,1.0,1.0,1.0,0.5897154061810801,0.5873548805163054,0.27109969140225737,0.7303232410180941,0.7294623299636518,0.45744797462502,0.24242424242424243,0.36849378166743435,0.9241795711072457,1.0020174980163574
3,0.0,0.25,1.0,0.75,6,27,10,4,0.12908325972171877,0.29394520976065963,0.7086073172076458,0.7057768544064512,0.5226236513182847,0.9116055475593928,0.9112424542131328,0.8049349549879696,0.46559917298649256,0.46246996860882517,0.18878791863416025,0.5843445647456531,0.5832362201059156,0.31666379824114854,0.24242424242424243,0.36849378166743435,1.1721811155203437,0.4553961753845215
3,0.0,0.25,1.0,0.75,7,18,10,4,0.13004454319531167,0.29090449200941165,0.7382764510095896,0.735734181373595,0.5519545937016637,0.9116055475593928,0.9112424542131328,0.8049349549879696,0.4802617816646319,0.47721843475002296,0.19996607230100888,0.5843445647456531,0.5832362201059156,0.31666379824114854,0.24242424242424243,0.36849378166743435,1.1721811155203437,0.2847316265106201
3,0.0,0.25,1.0,0.75,8,86,10,4,0.12733256040661,0.28692741805404104,0.705369840358966,0.7025084274275684,0.5297081584448329,0.9059896953135614,0.9056014712345598,0.78488266182146,0.44049799527004435,0.4372225076634704,0.1855084034696214,0.5748290461154255,0.5736875181321727,0.30027918183731894,0.24242424242424243,0.36849378166743435,1.1704026100668314,1.7764675617218018
3,0.0,0.25,1.0,0.75,9,51,10,5,0.14987227300217631,0.2930553430150265,0.8217438566738652,0.8200378125502316,0.6624652512176501,1.0,1.0,1.0,0.5901580688958782,0.5878000900405983,0.2716790894555809,0.7303232410180941,0.7294623299636518,0.45744797462502,0.24242424242424243,0.36849378166743435,0.9241795711072457,1.4593620300292969
3,0.0,0.25,1.0,1.0,0,33,10,5,0.14045863698751393,0.2895724638650871,0.8144396887177878,0.8126785450167797,0.6362089681848295,1.0,1.0,1.0,0.582383419447025,0.5800041277678991,0.2577030826929515,0.7303232410180941,0.7294623299636517,0.45744797462502,0.24242424242424243,0.3236769703835572,1.092339771574496,0.8610868453979492
3,0.0,0.25,1.0,1.0,1,37,10,5,0.13934897260967502,0.28836290665821573,0.8111551701339866,0.8093628532301813,0.6341400721270031,1.0,1.0,1.0,0.5654565294269456,0.5629807999853991,0.252920819485014,0.7303232410180941,0.7294623299636518,0.45744797462502,0.24242424242424243,0.3236769703835572,1.092339771574496,0.9396464824676514
3,0.0,0.25,1.0,1.0,2,29,10,5,0.13959611377336145,0.2883940945020955,0.8111551701339866,0.8093628532301813,0.6341400721270031,1.0,1.0,1.0,0.5654565294269456,0.5629807999853991,0.252920819485014,0.7303232410180941,0.7294623299636518,0.45744797462502,0.24242424242424243,0.3236769703835572,1.0923397715744962,0.792351245880127
3,0.0,0.25,1.0,1.0,3,113,10,5,0.13959611377336142,0.28839409450209547,0.8111551701339866,0.8093628532301813,0.6341400721270031,1.0,1.0,1.0,0.5654565294269456,0.5629807999853991,0.252920819485014,0.7303232410180941,0.7294623299636518,0.45744797462502,0.24242424242424243,0.3236769703835572,1.092339771574496,2.2045493125915527
3,0.0,0.25,1.0,1.0,4,52,10,4,0.11657378725998367,0.2928786467167656,0.71212272668486,0.7093718843649622,0.5111625421499169,0.9083491277292126,0.907971490705844,0.7934094346634827,0.5861850086732164,0.5838083643681818,0.27135168633214835,0.8174624962315958,0.8169738155354499,0.6216283231336616,0.24242424242424243,0.3236769703835572,1.3600355044933323,1.022331953048706
3,0.0,0.25,1.0,1.0,5,45,10,4,0.12012467625794813,0.29542373120469295,0.7309602622872285,0.7283891327684916,0.5357572731268432,0.9116055475593928,0.9112424542131328,0.8049349549879696,0.5028593569204189,0.5000037669445261,0.2051273897295269,0.5843445647456531,0.5832362201059156,0.31666379824114854,0.24242424242424243,0.3236769703835572,1.3602576521306835,0.8299770355224609
3,0.0,0.25,1.0,1.0,6,41,10,4,0.11422824946850074,0.2921854217253019,0.6951205864284441,0.692205971626862,0.493434014701141,0.9059896953135614,0.9056014712345598,0.78488266182146,0.4594643661294999,0.4563582740905671,0.18018439710349882,0.5748290461154254,0.5736875181321726,0.30027918183731894,0.24242424242424243,0.3236769703835572,1.3584801960556436,0.5730960369110107
3,0.0,0.25,1.0,1.0,7,1000,10,4,0.10507302826875939,0.28558242137696155,0.7088171458454966,0.7060382081952062,0.5201549014437409,0.9137594533047027,0.9134059329538328,0.8127690521941776,0.4656456081837051,0.4625812618842323,0.19150259968827765,0.5879863206256295,0.5868905825581722,0.3229571956914917,0.24242424242424243,0.3236769703835572,1.3677533774642536,18.749972343444824
3,0.0,0.25,1.0,1.0,8,32,10,5,0.14005261228212562,0.2905722592462911,0.8064115694112367,0.8045742312284992,0.6319494763010691,1.0,1.0,1.0,0.582383419447025,0.5800041277678991,0.2577030826929515,0.7303232410180941,0.7294623299636518,0.45744797462502,0.24242424242424243,0.3236769703835572,1.0923397715744962,0.8579185009002686
3,0.0,0.25,1.0,1.0,9,144,10,4,0.1142617098947564,0.29220708165862364,0.6956540899166588,0.6927445753517415,0.49490266941267547,0.9059896953135614,0.9056014712345598,0.78488266182146,0.4601090278348844,0.4570066402299711,0.18104449697593064,0.5748290461154254,0.5736875181321726,0.30027918183731894,0.24242424242424243,0.3236769703835572,1.3584801960556436,3.0350706577301025
3,0.0,0.5,0.0,0.0,0,27,3,3,0.2983703123107674,0.29862557276844615,0.7920532465028122,0.791423901436366,0.6151023239096007,0.7921997857472497,0.7915695648752535,0.6162892627615703,0.6724693135155487,0.6718100790716759,0.5070805244166998,0.6705723119966838,0.6699012798556625,0.5090921424894774,0.9850746268656716,0.990990990990991,2.6657421393191526e-05,0.534430980682373
3,0.0,0.5,0.0,0.0,1,111,3,3,0.3129016539548131,0.31276217198390466,0.7503978476511641,0.7496157526369165,0.4999303752085892,0.7595386266093844,0.7587891678710779,0.523012647821584,0.5990802078518591,0.5982351530737282,0.3491499427476198,0.5985980779182607,0.5977499332867956,0.3492141733820439,0.9850746268656716,0.990990990990991,4.010967393777969e-05,3.040147066116333
3,0.0,0.5,0.0,0.0,2,28,4,4,0.28999564489917856,0.28967696566936385,0.9041296431413824,0.9037339420232676,0.7760883163884392,0.9000920107272863,0.8996771460213145,0.7622414951112423,0.8316380064779841,0.8311899265252475,0.6606232811996562,0.8255305231223697,0.8250587365522001,0.6500663075088151,0.9850746268656716,0.990990990990991,2.7657088559506675e-05,0.6746695041656494
3,0.0,0.5,0.0,0.0,3,19,4,4,0.3042848217540427,0.30446028467943204,0.9075030477238635,0.9071224809899361,0.7887321917624809,0.9116055475593928,0.9112424542131328,0.8049349549879696,0.5894891945512665,0.5884010899777646,0.323317771505139,0.5843445647456531,0.5832362201059156,0.31666379824114854,0.9850746268656716,0.990990990990991,4.110934110409517e-05,0.17276573181152344
3,0.0,0.5,0.0,0.0,4,21,4,4,0.3042848217540427,0.30446028467943204,0.9075030477238635,0.9071224809899361,0.7887321917624809,0.9116055475593928,0.9112424542131328,0.8049349549879696,0.5894891945512665,0.5884010899777646,0.323317771505139,0.5843445647456531,0.5832362201059156,0.31666379824114854,0.9850746268656716,0.990990990990991,4.110934110409517e-05,0.3549044132232666
3,0.0,0.5,0.0,0.0,5,109,3,3,0.29218812907527586,0.2924978798475078,0.7964944021672811,0.7958808511897366,0.6258578876687111,0.8021489417124285,0.8015540214626932,0.6413806962628472,0.39880779060590493,0.3976038206731392,0.17646584903433613,0.39339458151409673,0.39217294967754845,0.17010623090404783,0.9861111111111112,0.991689363782387,2.4002568060785875e-05,3.8188533782958984
3,0.0,0.5,0.0,0.0,6,31,3,3,0.29965609163136636,0.2994088774763784,0.7894055587341606,0.7887667457732628,0.6089106796367217,0.7889606460971244,0.7883188157233192,0.6085417084158432,0.673063740866383,0.6724037268739039,0.5111861484226493,0.6729934599358477,0.6723248877323879,0.5180642050574342,0.9924242424242424,0.9959326415022617,1.0332235720102666e-05,0.7065434455871582
3,0.0,0.5,0.0,0.0,7,28,3,3,0.29218812907527586,0.2924978798475079,0.7964944021672811,0.7958808511897366,0.6258578876687111,0.8021489417124285,0.8015540214626932,0.6413806962628472,0.39880779060590493,0.3976038206731392,0.17646584903433613,0.39339458151409673,0.39217294967754845,0.17010623090404783,0.9861111111111112,0.991689363782387,2.4002568060785766e-05,0.5762538909912109
3,0.0,0.5,0.0,0.0,8,21,3,3,0.2987750648280686,0.2987518965320957,0.7894563009729061,0.7888176692314446,0.6090757458430014,0.789789857030486,0.789150994948784,0.6112350182388241,0.3863257306839773,0.3850869244565344,0.15954531534117092,0.3710829725937891,0.3697983388154702,0.1394956227629166,0.9924812030075187,0.9959708452170764,1.0323425434629382e-05,0.18901538848876953
3,0.0,0.5,0.0,0.0,9,14,3,3,0.31989001230886505,0.31988146072674917,0.7382712632211267,0.7374429749388643,0.4728567797325691,0.7375733655715297,0.7367405406672015,0.4724246305454723,0.5972831916700859,0.5964229904379739,0.35212464349252864,0.5960555189006077,0.5951809391979391,0.35653127194845763,0.9850746268656716,0.990990990990991,2.4132695435558592e-05,0.12317419052124023
3,0.0,0.5,0.0,0.25,0,25,3,3,0.30811888854449265,0.3080530431682622,0.7461107003054039,0.7453123569877191,0.4903684174293556,0.7548712966501103,0.7541043224033087,0.5123044922655382,0.30837403356339693,0.30690934276932436,0.028280719650197416,0.307184590216507,0.3057130460362364,0.02947307308205422,0.9861111111111112,0.991689363782387,2.1197209195445072e-05,0.5657956600189209
3,0.0,0.5,0.0,0.25,1,16,3,3,0.29582723972303343,0.2956706898560772,0.7904764725728854,0.7898414931742513,0.6114464079728974,0.7852802150932446,0.7846251091678986,0.6010060305727019,0.670160016759392,0.669494947133297,0.5032163592211073,0.6603075896392546,0.6596101398698013,0.4926820471129652,0.9924812030075187,0.9959708452170764,1.039364119710391e-05,0.128631591796875
3,0.0,0.5,0.0,0.25,2,59,3,3,0.2795135602151513,0.27923837447429173,0.7914333662242105,0.7908018077543368,0.6136596154716961,0.7921997857472497,0.7915695648752535,0.6162892627615703,0.6715616939307455,0.6709001681557081,0.5055578507455073,0.6705723119966838,0.6699012798556625,0.5090921424894774,0.9924242424242424,0.9959326415022617,1.0471011959706624e-05,1.4646117687225342
3,0.0,0.5,0.0,0.25,3,34,3,3,0.29479873514155075,0.2948250570627073,0.7964875200702813,0.7958739447619763,0.6258352922217565,0.8021489417124285,0.8015540214626932,0.6413806962628472,0.6678252372828262,0.6671600065866087,0.4912865988346346,0.6631635923571185,0.6624852435215407,0.4806777554355714,0.9861111111111112,0.991689363782387,2.3923264504295116e-05,0.7726466655731201
3,0.0,0.5,0.0,0.25,4,33,2,2,0.29845323867529133,0.2984532386752915,0.5923035749787092,0.5915865303510878,0.37932760189374876,0.5936479709519707,0.5929324165216566,0.3829540138806239,0.34926995282480183,0.3484640814213256,0.18697208993064182,0.3313580831174686,0.33051922751079077,0.16087386817347216,0.9927007299270073,0.996118069288801,6.695526766426407e-06,0.4582555294036865
3,0.0,0.5,0.0,0.25,5,117,4,4,0.30330959509333777,0.30324649544915616,0.908286786541069,0.9079097241974984,0.7915753497024844,0.9083491277292126,0.907971490705844,0.7934094346634827,0.8275657449881185,0.8271091218083316,0.6463279830892504,0.8174624962315958,0.8169738155354499,0.6216283231336616,0.9850746268656716,0.990990990990991,4.110934110409517e-05,2.1103007793426514
3,0.0,0.5,0.0,0.25,6,25,4,4,0.30330959509333777,0.30324649544915616,0.908286786541069,0.9079097241974984,0.7915753497024844,0.9083491277292126,0.907971490705844,0.7934094346634827,0.8275657449881185,0.8271091218083316,0.6463279830892504,0.8174624962315958,0.8169738155354499,0.6216283231336616,0.9850746268656716,0.990990990990991,4.110934110409517e-05,0.36385607719421387
3,0.0,0.5,0.0,0.25,7,31,3,3,0.3000960427427212,0.30006657630309463,0.7919954100813236,0.7913658592256422,0.6149134768877957,0.792676458447326,0.7920479364188314,0.6178455857756018,0.6612016518984709,0.6605196944893666,0.47988632683089266,0.6489462238665673,0.6482315250053114,0.4562355416832998,0.9850746268656716,0.990990990990991,2.6587205630717106e-05,0.49732422828674316
3,0.0,0.5,0.0,0.25,8,37,4,4,0.3033095950933377,0.30324649544915616,0.908286786541069,0.9079097241974984,0.7915753497024844,0.9083491277292126,0.907971490705844,0.7934094346634827,0.8275657449881184,0.8271091218083314,0.6463279830892504,0.8174624962315958,0.8169738155354499,0.6216283231336616,0.9850746268656716,0.990990990990991,4.11093411040956e-05,0.30342864990234375
3,0.0,0.5,0.0,0.25,9,32,3,3,0.3129016539548131,0.31276217198390466,0.7503978476511641,0.7496157526369165,0.4999303752085892,0.7595386266093844,0.7587891678710779,0.523012647821584,0.5990802078518591,0.5982351530737282,0.3491499427476198,0.5985980779182607,0.5977499332867956,0.3492141733820439,0.9850746268656716,0.990990990990991,4.01096739377798e-05,0.2549631595611572
3,0.0,0.5,0.0,0.5,0,30,4,4,0.30428482175404253,0.30446028467943204,0.9075030477238635,0.9071224809899361,0.7887321917624809,0.9116055475593928,0.9112424542131328,0.8049349549879696,0.5894891945512666,0.5884010899777649,0.323317771505139,0.5843445647456531,0.5832362201059156,0.31666379824114854,0.9850746268656716,0.990990990990991,4.110934110409517e-05,0.7392387390136719
3,0.0,0.5,0.0,0.5,1,32,3,3,0.29582723972303326,0.295670689856077,0.7904764725728854,0.7898414931742513,0.6114464079728974,0.7852802150932446,0.7846251091678986,0.6010060305727019,0.670160016759392,0.669494947133297,0.5032163592211073,0.6603075896392546,0.6596101398698013,0.4926820471129652,0.9924812030075187,0.9959708452170764,1.0393641197103368e-05,0.8041894435882568
3,0.0,0.5,0.0,0.5,2,23,3,3,0.2938321050902911,0.2936534650303343,0.7903227834399137,0.7896872559207784,0.6109458131619562,0.7849276230002521,0.7842712471813089,0.5998687124749003,0.6587311938292049,0.6580429617251703,0.4757043116569948,0.6372585608267675,0.6365134920042134,0.43702870926961385,0.9928057553956835,0.9971942446043166,3.982583738058355e-06,0.473738431930542
3,0.0,0.5,0.0,0.5,3,41,4,4,0.3075619917035833,0.3073762154095664,0.902462641840836,0.9020594281071008,0.7700580044778049,0.897406368541996,0.8969792788487176,0.7526454569778374,0.8332735078549995,0.8328288887203084,0.6662608393363932,0.8281626276133814,0.8276964442337124,0.6590455003918929,0.9850746268656716,0.990990990990991,2.7518312319903043e-05,0.9172365665435791
3,0.0,0.5,0.0,0.5,4,34,4,4,0.30330959509333777,0.30324649544915616,0.908286786541069,0.9079097241974984,0.7915753497024844,0.9083491277292126,0.907971490705844,0.7934094346634827,0.8275657449881185,0.8271091218083316,0.6463279830892504,0.8174624962315958,0.8169738155354499,0.6216283231336616,0.9850746268656716,0.990990990990991,4.110934110409517e-05,0.7753124237060547
3,0.0,0.5,0.0,0.5,5,21,3,3,0.31587092761855684,0.31601918829077624,0.739964857200733,0.7391430675807574,0.476493102656082,0.7303232410180941,0.7294623299636516,0.45744797462502,1.0,1.0,1.0,1.0,1.0,1.0,0.9850746268656716,0.990990990990991,2.4151465307497753e-05,0.23505425453186035
3,0.0,0.5,0.0,0.5,6,28,3,3,0.2947987351415507,0.2948250570627074,0.7964875200702813,0.7958739447619763,0.6258352922217565,0.8021489417124285,0.8015540214626932,0.6413806962628472,0.6678252372828262,0.6671600065866087,0.4912865988346346,0.6631635923571185,0.6624852435215407,0.4806777554355714,0.9861111111111112,0.991689363782387,2.39232645042949e-05,0.6549644470214844
3,0.0,0.5,0.0,0.5,7,56,4,4,0.28999564489917856,0.28967696566936385,0.9041296431413824,0.9037339420232676,0.7760883163884392,0.9000920107272863,0.8996771460213145,0.7622414951112423,0.8316380064779839,0.8311899265252473,0.6606232811996562,0.8255305231223697,0.8250587365522001,0.6500663075088151,0.9850746268656716,0.990990990990991,2.7657088559506892e-05,1.3899779319763184
3,0.0,0.5,0.0,0.5,8,25,5,5,0.2961510883554918,0.29594913235497505,1.0,1.0,1.0,1.0,1.0,1.0,0.7399648572007331,0.7391430675807578,0.476493102656082,0.7303232410180941,0.7294623299636518,0.45744797462502,0.9850746268656716,0.990990990990991,4.210900827041064e-05,0.5699563026428223
3,0.0,0.5,0.0,0.5,9,26,4,4,0.30330959509333777,0.30324649544915616,0.908286786541069,0.9079097241974984,0.7915753497024844,0.9083491277292126,0.907971490705844,0.7934094346634827,0.8275657449881185,0.8271091218083316,0.6463279830892504,0.8174624962315958,0.8169738155354499,0.6216283231336616,0.9850746268656716,0.990990990990991,4.110934110409517e-05,0.5679364204406738
3,0.0,0.5,0.0,0.75,0,61,10,3,0.13308198099011395,0.2886796837214771,0.6020930146199023,0.597696742525939,0.3620499733593863,0.7250071641342934,0.7241254949570672,0.44647024161769056,0.3983017937715619,0.3941913488100022,0.1402474556085667,0.5768907032387738,0.5759618527970575,0.3218598099085454,0,0.0,inf,1.1559662818908691
3,0.0,0.5,0.0,0.75,1,48,10,3,0.14422186433801837,0.30841987659184233,0.6123500537223705,0.6080759499575179,0.37778443108015164,0.7303232410180941,0.7294623299636516,0.45744797462502,0.6707256955342014,0.6684820159165196,0.6188989507647603,1.0,1.0,1.0,0,0.0,inf,0.8789074420928955
3,0.0,0.5,0.0,0.75,2,112,10,4,0.14628934475663033,0.22874864070494433,0.6485177334459724,0.6446867981010331,0.3939217964914805,0.9116055475593928,0.9112424542131328,0.8049349549879696,0.46648986509914614,0.46290577749574624,0.17053152118116963,0.5843445647456531,0.5832362201059156,0.31666379824114854,0,0.0,inf,2.1750328540802
3,0.0,0.5,0.0,0.75,3,109,2,2,0.3008090782574572,0.30080907825745745,0.5916192536088873,0.59090064872952,0.37797664007241627,0.5960908120545209,0.5953808212273226,0.38786077858471907,0.3619366914575412,0.36114595767768487,0.21102260030291872,0.3630009071665581,0.3622037553645316,0.22135304847415632,0.9926470588235294,0.9960820771631582,6.745289484540889e-06,2.8508410453796387
3,0.0,0.5,0.0,0.75,4,110,10,3,0.1463362276749355,0.2940239599519601,0.6426119052511274,0.6387932529908518,0.4720632312230175,0.7852802150932446,0.7846251091678986,0.6010060305727019,0.5152853457304583,0.5121076535786421,0.3460941731676919,0.6603075896392546,0.6596101398698013,0.4926820471129652,0,0.0,inf,2.213130235671997
3,0.0,0.5,0.0,0.75,5,109,4,4,0.30428482175404264,0.30446028467943204,0.9075030477238635,0.9071224809899361,0.7887321917624809,0.9116055475593928,0.9112424542131328,0.8049349549879696,0.5894891945512665,0.5884010899777646,0.323317771505139,0.5843445647456531,0.5832362201059156,0.31666379824114854,0.9850746268656716,0.990990990990991,4.11093411040956e-05,2.1491806507110596
3,0.0,0.5,0.0,0.75,6,116,10,4,0.14764200065101502,0.24211315028109495,0.698317446213918,0.6951152437471354,0.4961646942908615,0.9116055475593928,0.9112424542131328,0.8049349549879696,0.39446401483652294,0.39052618153970503,0.1324971910099075,0.5843445647456531,0.5832362201059156,0.31666379824114854,0,0.0,inf,2.158803939819336
3,0.0,0.5,0.0,0.75,7,40,10,4,0.14731548714615417,0.23840308904017454,0.6796157353650762,0.6761975889951259,0.4732010169268474,0.9083491277292126,0.907971490705844,0.7934094346634827,0.5117524403889568,0.5085574517561139,0.2999789557915991,0.8174624962315958,0.8169738155354499,0.6216283231336616,0,0.0,inf,0.8114032745361328
3,0.0,0.5,0.0,0.75,8,22,10,3,0.144283389960606,0.30756337666072414,0.637999914406006,0.6340303379585244,0.389854816888988,0.7595386266093844,0.7587891678710779,0.523012647821584,0.4322210720088075,0.42837815308897226,0.16593719857538292,0.5985980779182607,0.5977499332867956,0.3492141733820439,0,0.0,inf,0.3884410858154297
3,0.0,0.5,0.0,0.75,9,19,4,4,0.3042848217540427,0.30446028467943204,0.9075030477238635,0.9071224809899361,0.7887321917624809,0.9116055475593928,0.9112424542131328,0.8049349549879696,0.5894891945512666,0.5884010899777649,0.323317771505139,0.5843445647456531,0.5832362201059156,0.31666379824114854,0.9850746268656716,0.990990990990991,4.110934110409517e-05,0.2207348346710205
3,0.0,0.5,0.0,1.0,0,53,10,4,0.15299728955199418,0.2983824328698765,0.7159622050158567,0.7131084550043352,0.5547123804558207,0.897406368541996,0.8969792788487176,0.7526454569778374,0.6013854510327444,0.5989567615350699,0.36242220536939623,0.8281626276133814,0.8276964442337124,0.6590455003918929,0,0.0,inf,0.9408330917358398
3,0.0,0.5,0.0,1.0,1,23,10,4,0.12619418506841773,0.23677812962629644,0.6457912977872806,0.6421686350200474,0.44736299284194475,0.9083491277292126,0.907971490705844,0.7934094346634827,0.5022833207976016,0.4991857546123545,0.2693019353820062,0.8174624962315958,0.8169738155354499,0.6216283231336616,0,0.0,inf,0.3720855712890625
3,0.0,0.5,0.0,1.0,2,26,10,4,0.1280069743469206,0.2656544936319354,0.6814668791575712,0.6782759688843267,0.5150847403630484,0.9137594533047027,0.9134059329538328,0.8127690521941776,0.41982148731684865,0.41629911699471744,0.1728018485271622,0.5879863206256295,0.5868905825581722,0.3229571956914917,0,0.0,inf,0.4197061061859131
3,0.0,0.5,0.0,1.0,3,39,10,3,0.10670218956015877,0.271299073248174,0.5598449303326065,0.5553299056828753,0.38984452562395683,0.7926764584473263,0.7920479364188315,0.6178455857756018,0.4032940988638143,0.3995671178176539,0.21103119332044215,0.6489462238665674,0.6482315250053116,0.4562355416832998,0,0.0,inf,0.7120254039764404
3,0.0,0.5,0.0,1.0,4,115,10,4,0.15056074889318527,0.29248923291762624,0.7211344497030538,0.718340791525911,0.5681233517889197,0.9083491277292126,0.907971490705844,0.7934094346634827,0.5988025671212839,0.5963666994409668,0.3522434262748957,0.8174624962315958,0.8169738155354499,0.6216283231336616,0,0.0,inf,2.1899542808532715
3,0.0,0.5,0.0,1.0,5,20,10,4,0.11922124742132323,0.2499752465157647,0.6662636079708696,0.6629095790271956,0.4957388602447118,0.8974063685419958,0.8969792788487174,0.7526454569778374,0.4308413591001992,0.42737238113620296,0.17258511595665824,0.5602281539441709,0.5590350821308032,0.2730752262032187,0,0.0,inf,0.35119009017944336
3,0.0,0.5,0.0,1.0,6,1000,10,3,0.10380849316423696,0.26453943849594114,0.5787159905915223,0.5743789316321904,0.40776257784354836,0.7916267295012034,0.790994464710824,0.6144266258107057,0.2783096851179365,0.27378232505511746,0.08692398911619673,0.37440901171420427,0.3731338810288384,0.14279638485309123,0,0.0,inf,19.305815935134888
3,0.0,0.5,0.0,1.0,7,22,10,4,0.14264626266634145,0.28160034037611525,0.7046377559676201,0.7016702283280062,0.5243965643907241,0.897406368541996,0.8969792788487176,0.7526454569778374,0.5623334476577624,0.5596668210584299,0.33634966939856925,0.8281626276133814,0.8276964442337124,0.6590455003918929,0,0.0,inf,0.5534756183624268
3,0.0,0.5,0.0,1.0,8,45,10,4,0.15390370574948434,0.29488747502858675,0.7363708058303778,0.7337297845452413,0.5821110346998931,0.9083491277292126,0.907971490705844,0.7934094346634827,0.5995323438712887,0.597100907025901,0.3530960180139218,0.8174624962315958,0.8169738155354499,0.6216283231336616,0,0.0,inf,0.8718686103820801
3,0.0,0.5,0.0,1.0,9,42,10,4,0.1350253955829573,0.27647494549671,0.7180002745321477,0.715166195708509,0.550102045116545,0.8974063685419958,0.8969792788487174,0.7526454569778374,0.44147404594163003,0.4380698733828415,0.18641939271053365,0.5602281539441709,0.5590350821308032,0.2730752262032187,0,0.0,inf,0.7907021045684814
3,0.0,0.5,0.25,0.0,0,13,3,3,0.29479873514155075,0.2948250570627073,0.7964875200702813,0.7958739447619763,0.6258352922217565,0.8021489417124285,0.8015540214626932,0.6413806962628472,0.6678252372828262,0.6671600065866087,0.4912865988346346,0.6631635923571185,0.6624852435215407,0.4806777554355714,0.9861111111111112,0.991689363782387,2.3923264504294357e-05,0.09696817398071289
3,0.0,0.5,0.25,0.0,1,13,3,3,0.3034411497477426,0.3031720513147306,0.7919171422000004,0.7912873128296978,0.6146580667163571,0.7916267295012033,0.7909944647108239,0.6144266258107057,0.6767309907196808,0.6760802349471642,0.5172806047229517,0.676923515689911,0.6762649947927467,0.5243675728058969,0.9850746268656716,0.990990990990991,2.651864515358746e-05,0.12328267097473145
3,0.0,0.5,0.25,0.0,2,17,3,3,0.2972879112772519,0.297307371217569,0.7964599900015984,0.7958463173618422,0.6257449183498832,0.8019282820082536,0.8013325861275414,0.6406540834881669,0.3987468780509682,0.39754273968442,0.1763531842664216,0.39299760652501203,0.3917748685998332,0.16938304041028776,0.9861111111111112,0.991689363782387,2.3845893741692185e-05,0.10618233680725098
3,0.0,0.5,0.25,0.0,3,32,3,3,0.29479873514155075,0.2948250570627073,0.7964875200702813,0.7958739447619763,0.6258352922217565,0.8021489417124285,0.8015540214626932,0.6413806962628472,0.6678252372828262,0.6671600065866087,0.4912865988346346,0.6631635923571185,0.6624852435215407,0.4806777554355714,0.9861111111111112,0.991689363782387,2.3923264504294682e-05,0.7693555355072021
3,0.0,0.5,0.25,0.0,4,15,4,4,0.30428482175404264,0.30446028467943204,0.9075030477238635,0.9071224809899361,0.7887321917624809,0.9116055475593928,0.9112424542131328,0.8049349549879696,0.5894891945512665,0.5884010899777646,0.323317771505139,0.5843445647456531,0.5832362201059156,0.31666379824114854,0.9850746268656716,0.990990990990991,4.1109341104095276e-05,0.11411523818969727
3,0.0,0.5,0.25,0.0,5,44,3,3,0.2921881290752759,0.2924978798475079,0.7964944021672811,0.7958808511897366,0.6258578876687111,0.8021489417124285,0.8015540214626932,0.6413806962628472,0.39880779060590493,0.3976038206731392,0.17646584903433613,0.39339458151409673,0.39217294967754845,0.17010623090404783,0.9861111111111112,0.991689363782387,2.4002568060785875e-05,0.8485455513000488
3,0.0,0.5,0.25,0.0,6,39,2,2,0.30676087177327976,0.30676087177327976,0.5886439109427256,0.587918508065989,0.3721699660878811,0.5843445647456531,0.5836076786123202,0.3649394192885749,0.8305539068239395,0.8303432824176652,0.8446015258713421,0.8355924525231782,0.8353842128672957,0.8588617959976426,0.9924242424242424,0.9959326415022617,6.965388707697484e-06,0.5865225791931152
3,0.0,0.5,0.25,0.0,7,19,3,3,0.2938321050902911,0.2936534650303343,0.7903227834399137,0.7896872559207784,0.6109458131619562,0.7849276230002521,0.7842712471813089,0.5998687124749003,0.6587311938292049,0.6580429617251703,0.4757043116569948,0.6372585608267675,0.6365134920042134,0.43702870926961385,0.9928057553956835,0.9971942446043166,3.982583738058355e-06,0.2917790412902832
3,0.0,0.5,0.25,0.0,8,23,4,4,0.3075619917035833,0.3073762154095664,0.902462641840836,0.9020594281071008,0.7700580044778049,0.897406368541996,0.8969792788487176,0.7526454569778374,0.8332735078549994,0.8328288887203081,0.6662608393363932,0.8281626276133814,0.8276964442337124,0.6590455003918929,0.9850746268656716,0.990990990990991,2.751831231990326e-05,0.12303280830383301
3,0.0,0.5,0.25,0.0,9,20,3,3,0.2958169263669709,0.29549993660125573,0.7903747757157535,0.7897394336368198,0.6111150880111534,0.7849276230002521,0.7842712471813089,0.5998687124749003,0.6744795284020028,0.6738230938521524,0.5135291189465606,0.6670370059186,0.6663531018504028,0.5086807911004654,0.9923664122137404,0.9958938530367101,1.0411539276593534e-05,0.25972819328308105
3,0.0,0.5,0.25,0.25,0,36,3,3,0.3129016539548131,0.31276217198390466,0.7503978476511641,0.7496157526369165,0.4999303752085892,0.7595386266093844,0.7587891678710779,0.523012647821584,0.5990802078518591,0.5982351530737282,0.3491499427476198,0.5985980779182607,0.5977499332867956,0.3492141733820439,0.9850746268656716,0.990990990990991,4.010967393777969e-05,0.5444879531860352
3,0.0,0.5,0.25,0.25,1,21,4,4,0.2843088592105316,0.28406081045250703,0.9077861546703496,0.9074068545396609,0.7897360784811976,0.9083491277292126,0.907971490705844,0.7934094346634827,0.5899610729900625,0.5888745916158099,0.32413564590320154,0.5788304759989464,0.5777029410434702,0.3072954269871484,0.9861111111111112,0.991689363782387,2.5002235227101458e-05,0.20394682884216309
3,0.0,0.5,0.25,0.25,2,16,4,4,0.3033095950933377,0.30324649544915616,0.908286786541069,0.9079097241974984,0.7915753497024844,0.9083491277292126,0.907971490705844,0.7934094346634827,0.8275657449881185,0.8271091218083316,0.6463279830892504,0.8174624962315958,0.8169738155354499,0.6216283231336616,0.9850746268656716,0.990990990990991,4.1109341104095276e-05,0.0949404239654541
3,0.0,0.5,0.25,0.25,3,26,2,2,0.3068011020001426,0.30680110200014254,0.5878399019601795,0.5871126581313231,0.3706193494105449,0.5879077429223252,0.5871790535706989,0.3717161405198315,0.36125751720550614,0.3604629020287074,0.2103606801472888,0.3583049328090519,0.3574951225917129,0.21372048023913012,0.9923664122137404,0.9958938530367101,7.025922392248866e-06,0.41475439071655273
3,0.0,0.5,0.25,0.25,4,111,4,4,0.2869099494121843,0.28655480444348713,0.9019138104143678,0.901508118740358,0.76805910791063,0.8974063685419958,0.8969792788487174,0.7526454569778374,0.5801585390045755,0.5790381841833446,0.30625770311642325,0.5602281539441709,0.5590350821308032,0.2730752262032187,0.9928057553956835,0.9971942446043166,4.98225090437383e-06,2.2606093883514404
3,0.0,0.5,0.25,0.25,5,109,3,3,0.2785744355817691,0.2783501041122962,0.7913824111123083,0.7907506711775147,0.6134933585107952,0.7926764584473263,0.7920479364188315,0.6178455857756018,0.38974648485889546,0.3885172694966725,0.1640355012803576,0.3763081967306326,0.3750384430579024,0.14631627595794314,0.9923664122137404,0.9958938530367101,1.0480099753722421e-05,2.0074033737182617
3,0.0,0.5,0.25,0.25,6,23,3,3,0.2795135602151513,0.27923837447429195,0.7914333662242105,0.7908018077543368,0.6136596154716961,0.7921997857472497,0.7915695648752535,0.6162892627615703,0.6715616939307455,0.6709001681557081,0.5055578507455073,0.6705723119966838,0.6699012798556625,0.5090921424894774,0.9924242424242424,0.9959326415022617,1.0471011959706515e-05,0.3145112991333008
3,0.0,0.5,0.25,0.25,7,51,2,2,0.2750494950759947,0.2750494950759947,0.5929643377326672,0.5922487984829552,0.38063760684237313,0.5976802337166615,0.596973854438701,0.39109438552078163,0.36963747802247565,0.3688573534704287,0.22524457632962583,0.3744859085626843,0.37370440906202124,0.24301078601602297,0.9927536231884058,0.9961535385264199,6.647778138530098e-06,0.8000261783599854
3,0.0,0.5,0.25,0.25,8,18,3,3,0.3034411497477426,0.3031720513147306,0.7919171422000004,0.7912873128296978,0.6146580667163571,0.7916267295012033,0.7909944647108239,0.6144266258107057,0.6767309907196808,0.6760802349471642,0.5172806047229517,0.676923515689911,0.6762649947927467,0.5243675728058969,0.9850746268656716,0.990990990990991,2.6518645153587785e-05,0.1120445728302002
3,0.0,0.5,0.25,0.25,9,48,3,3,0.2987750648280684,0.29875189653209566,0.7894563009729061,0.7888176692314446,0.6090757458430014,0.789789857030486,0.789150994948784,0.6112350182388241,0.3863257306839773,0.3850869244565344,0.15954531534117092,0.3710829725937891,0.3697983388154702,0.1394956227629166,0.9924812030075187,0.9959708452170764,1.0323425434629165e-05,0.8188652992248535
3,0.0,0.5,0.25,0.5,0,64,3,3,0.2972879112772519,0.29730737121756873,0.7964599900015984,0.7958463173618422,0.6257449183498832,0.8019282820082536,0.8013325861275414,0.6406540834881669,0.3987468780509682,0.39754273968442,0.1763531842664216,0.39299760652501203,0.3917748685998332,0.16938304041028776,0.9861111111111112,0.991689363782387,2.3845893741691643e-05,1.1776313781738281
3,0.0,0.5,0.25,0.5,1,39,3,3,0.2987750648280686,0.2987518965320957,0.7894563009729061,0.7888176692314446,0.6090757458430014,0.789789857030486,0.789150994948784,0.6112350182388241,0.3863257306839773,0.3850869244565344,0.15954531534117092,0.3710829725937891,0.3697983388154702,0.1394956227629166,0.9924812030075187,0.9959708452170764,1.0323425434629382e-05,0.5901503562927246
3,0.0,0.5,0.25,0.5,2,49,3,3,0.2947987351415507,0.2948250570627074,0.7964875200702813,0.7958739447619763,0.6258352922217565,0.8021489417124285,0.8015540214626932,0.6413806962628472,0.6678252372828262,0.6671600065866087,0.4912865988346346,0.6631635923571185,0.6624852435215407,0.4806777554355714,0.9861111111111112,0.991689363782387,2.39232645042949e-05,0.8347940444946289
3,0.0,0.5,0.25,0.5,3,83,3,3,0.29965609163136636,0.2994088774763784,0.7894055587341606,0.7887667457732628,0.6089106796367217,0.7889606460971244,0.7883188157233192,0.6085417084158432,0.673063740866383,0.6724037268739039,0.5111861484226493,0.6729934599358477,0.6723248877323879,0.5180642050574342,0.9924242424242424,0.9959326415022617,1.0332235720102666e-05,1.5333170890808105
3,0.0,0.5,0.25,0.5,4,30,5,5,0.2961510883554918,0.2959491323549751,1.0,1.0,1.0,1.0,1.0,1.0,0.7399648572007331,0.7391430675807578,0.476493102656082,0.7303232410180941,0.7294623299636518,0.45744797462502,0.9850746268656716,0.990990990990991,4.210900827041064e-05,0.5510861873626709
3,0.0,0.5,0.25,0.5,5,110,5,5,0.29615108835549186,0.2959491323549751,1.0,1.0,1.0,1.0,1.0,1.0,0.739964857200733,0.7391430675807577,0.476493102656082,0.7303232410180941,0.7294623299636518,0.45744797462502,0.9850746268656716,0.990990990990991,4.2109008270411075e-05,3.168306589126587
3,0.0,0.5,0.25,0.5,6,42,3,3,0.29582723972303343,0.29567068985607725,0.7904764725728854,0.7898414931742513,0.6114464079728974,0.7852802150932446,0.7846251091678986,0.6010060305727019,0.670160016759392,0.669494947133297,0.5032163592211073,0.6603075896392546,0.6596101398698013,0.4926820471129652,0.9924812030075187,0.9959708452170764,1.039364119710391e-05,1.0689494609832764
3,0.0,0.5,0.25,0.5,7,42,4,4,0.2869099494121843,0.286554804443487,0.9019138104143678,0.901508118740358,0.76805910791063,0.8974063685419958,0.8969792788487174,0.7526454569778374,0.5801585390045755,0.5790381841833446,0.30625770311642325,0.5602281539441709,0.5590350821308032,0.2730752262032187,0.9928057553956835,0.9971942446043166,4.98225090437383e-06,1.072481393814087
3,0.0,0.5,0.25,0.5,8,49,4,4,0.3042848217540427,0.30446028467943204,0.9075030477238635,0.9071224809899361,0.7887321917624809,0.9116055475593928,0.9112424542131328,0.8049349549879696,0.5894891945512665,0.5884010899777646,0.323317771505139,0.5843445647456531,0.5832362201059156,0.31666379824114854,0.9850746268656716,0.990990990990991,4.110934110409517e-05,1.3146650791168213
3,0.0,0.5,0.25,0.5,9,45,4,4,0.2913748138964657,0.2912005202031929,0.9090437908389912,0.9086701087019787,0.7943429996270311,0.9137594533047027,0.9134059329538328,0.8127690521941776,0.5920564220257112,0.5909771353447553,0.3278765860803966,0.5879863206256295,0.5868905825581722,0.3229571956914917,0.9850746268656716,0.990990990990991,4.11093411040956e-05,1.16450834274292
3,0.0,0.5,0.25,0.75,0,25,4,4,0.3075619917035833,0.3073762154095663,0.902462641840836,0.9020594281071008,0.7700580044778049,0.897406368541996,0.8969792788487176,0.7526454569778374,0.8332735078549995,0.8328288887203085,0.6662608393363932,0.8281626276133816,0.8276964442337125,0.6590455003918929,0.9850746268656716,0.990990990990991,2.7518312319902826e-05,0.49336981773376465
3,0.0,0.5,0.25,0.75,1,75,4,4,0.2878514609258369,0.28771988979018587,0.9069960203513316,0.9066131841674229,0.7868715044443074,0.9116055475593928,0.9112424542131328,0.8049349549879696,0.5886439109427256,0.5875528978883743,0.32179929612451813,0.5843445647456531,0.5832362201059156,0.31666379824114854,0.9861111111111112,0.991689363782387,2.492293167060983e-05,1.9617578983306885
3,0.0,0.5,0.25,0.75,2,66,4,4,0.28999564489917856,0.28967696566936396,0.9041296431413824,0.9037339420232676,0.7760883163884392,0.9000920107272863,0.8996771460213145,0.7622414951112423,0.8316380064779839,0.8311899265252473,0.6606232811996562,0.8255305231223697,0.8250587365522001,0.6500663075088151,0.9850746268656716,0.990990990990991,2.7657088559506675e-05,1.6563665866851807
3,0.0,0.5,0.25,0.75,3,114,10,4,0.14130502407430678,0.25744867699758583,0.7034031983427941,0.7003546140638942,0.496082156912995,0.9083491277292126,0.907971490705844,0.7934094346634827,0.5398739157641991,0.536993240328601,0.3124861224743867,0.8174624962315958,0.8169738155354499,0.6216283231336616,0.3333333333333333,0.5005005005005004,0.7617286314623505,2.744276285171509
3,0.0,0.5,0.25,0.75,4,78,10,3,0.12902022525040088,0.29394232484670296,0.6392880703798296,0.6355462101171276,0.4582258671635096,0.7852802150932446,0.7846251091678986,0.6010060305727019,0.5106080714310613,0.5075097985843986,0.32653094580185676,0.6603075896392546,0.6596101398698013,0.4926820471129652,0.3333333333333333,0.5005005005005004,0.7613431541875545,1.5701580047607422
3,0.0,0.5,0.25,0.75,5,35,5,5,0.2961510883554918,0.29594913235497505,1.0,1.0,1.0,1.0,1.0,1.0,0.7399648572007331,0.7391430675807578,0.476493102656082,0.7303232410180941,0.7294623299636518,0.45744797462502,0.9850746268656716,0.990990990990991,4.210900827041064e-05,0.5834987163543701
3,0.0,0.5,0.25,0.75,6,109,4,4,0.28999564489917856,0.28967696566936385,0.9041296431413824,0.9037339420232676,0.7760883163884392,0.9000920107272863,0.8996771460213145,0.7622414951112423,0.8316380064779839,0.8311899265252473,0.6606232811996562,0.8255305231223697,0.8250587365522001,0.6500663075088151,0.9850746268656716,0.990990990990991,2.7657088559507e-05,2.034548282623291
3,0.0,0.5,0.25,0.75,7,57,4,4,0.2878514609258369,0.287719889790186,0.9069960203513316,0.9066131841674229,0.7868715044443074,0.9116055475593928,0.9112424542131328,0.8049349549879696,0.5886439109427256,0.5875528978883743,0.32179929612451813,0.5843445647456531,0.5832362201059156,0.31666379824114854,0.9861111111111112,0.991689363782387,2.4922931670610373e-05,1.0080852508544922
3,0.0,0.5,0.25,0.75,8,28,4,4,0.30756199170358334,0.3073762154095663,0.902462641840836,0.9020594281071008,0.7700580044778049,0.897406368541996,0.8969792788487176,0.7526454569778374,0.8332735078549995,0.8328288887203085,0.6662608393363932,0.8281626276133814,0.8276964442337124,0.6590455003918929,0.9850746268656716,0.990990990990991,2.7518312319902826e-05,0.45318174362182617
3,0.0,0.5,0.25,0.75,9,30,10,4,0.12341308501162132,0.22148705022426418,0.6819343664394941,0.6786394391821423,0.47478030340326216,0.9116055475593928,0.9112424542131328,0.8049349549879696,0.5060506721330117,0.502928780762592,0.2725145422981127,0.5843445647456531,0.5832362201059156,0.31666379824114854,0.3333333333333333,0.5005005005005004,0.7550901441182636,0.5422699451446533
3,0.0,0.5,0.25,1.0,0,31,10,4,0.14113404004908459,0.29712255399449095,0.706296309730462,0.7033957537125655,0.5344614456036894,0.897406368541996,0.8969792788487176,0.7526454569778374,0.5854952359716071,0.5830201890543543,0.33192673352707247,0.8281626276133814,0.8276964442337124,0.6590455003918929,0.24242424242424243,0.39963918290914485,1.1682914464320489,0.519507646560669
3,0.0,0.5,0.25,1.0,1,1000,10,4,0.13410308647462943,0.2900250614708923,0.6995388294334052,0.6965800948792197,0.515796619459363,0.9116055475593928,0.9112424542131328,0.8049349549879696,0.4580658542691147,0.45484112007243177,0.18813379236473574,0.5843445647456531,0.5832362201059156,0.31666379824114854,0.24242424242424243,0.42147410568463195,1.1622476574688874,19.353723287582397
3,0.0,0.5,0.25,1.0,2,25,10,4,0.11476865874732287,0.2542496088662891,0.685001914098788,0.6818842664131557,0.4804668754465295,0.9116055475593928,0.9112424542131328,0.8049349549879696,0.40713033038775687,0.40358094279328505,0.14875918355655499,0.5843445647456531,0.5832362201059156,0.31666379824114854,0.24242424242424243,0.39312039312039315,1.17098042024142,0.6435022354125977
3,0.0,0.5,0.25,1.0,3,29,10,5,0.1599744624906219,0.2919286456549635,0.8280812635060153,0.826419611928955,0.6920667833656757,1.0,1.0,1.0,0.5866452743205456,0.5842396249872793,0.28465510846178854,0.7303232410180941,0.7294623299636517,0.45744797462502,0.24242424242424243,0.42147410568463195,0.9401261856751875,0.6575882434844971
3,0.0,0.5,0.25,1.0,4,55,10,5,0.13203437628676687,0.23446348824138757,0.7472456907683435,0.7447619895762547,0.5548401612393731,1.0,1.0,1.0,0.6037949154517085,0.6014433017533367,0.3227668725504944,0.7303232410180941,0.7294623299636518,0.45744797462502,0.24242424242424243,0.42147410568463195,1.1547552731661546,0.9972414970397949
3,0.0,0.5,0.25,1.0,5,71,10,4,0.12918167839092332,0.2770277224361904,0.7054921693785491,0.7025902085918511,0.5085006777366982,0.9059896953135614,0.9056014712345598,0.78488266182146,0.42669871356444644,0.42328471416466906,0.16645009672880448,0.5748290461154254,0.5736875181321726,0.30027918183731894,0.24242424242424243,0.42147410568463195,1.1599635618119615,1.3000516891479492
3,0.0,0.5,0.25,1.0,6,64,10,4,0.12543697331255693,0.26932027593595087,0.6957020449865235,0.6926928041519731,0.5147243305719363,0.9137594533047027,0.9134059329538328,0.8127690521941776,0.4212292049898832,0.4177677079561106,0.16906783894604754,0.5879863206256295,0.5868905825581722,0.3229571956914917,0.24242424242424243,0.371157674528461,1.18280167007296,1.8209192752838135
3,0.0,0.5,0.25,1.0,7,1000,10,4,0.12430847292108271,0.2639497296790506,0.7099962517943854,0.7071249724102541,0.5315455942214644,0.9116055475593928,0.9112424542131328,0.8049349549879696,0.43522002203074167,0.43183739401315974,0.17854567253687523,0.5843445647456531,0.5832362201059156,0.31666379824114854,0.24242424242424243,0.36433492315845256,1.1873717263580796,20.52555012702942
3,0.0,0.5,0.25,1.0,8,44,10,3,0.10023085524980697,0.28367222907433076,0.5975410324127088,0.5935169470112202,0.42260029126683735,0.8021489417124285,0.8015540214626932,0.6413806962628472,0.3165357557773764,0.31239423016004303,0.1137838167757926,0.39339458151409673,0.39217294967754845,0.17010623090404783,0.24242424242424243,0.42147410568463195,1.3811827937332257,1.1697070598602295
3,0.0,0.5,0.25,1.0,9,35,10,5,0.15971237460874765,0.292190302931392,0.8316930992989302,0.8300663573120854,0.6913261676154369,1.0,1.0,1.0,0.5855188621200454,0.5831066572726148,0.2832526776593806,0.7303232410180941,0.7294623299636518,0.45744797462502,0.24242424242424243,0.42147410568463195,0.9401261856751875,0.6508193016052246
3,0.0,0.5,0.5,0.0,0,40,4,4,0.28430885921053173,0.284060810452507,0.9077861546703494,0.9074068545396607,0.7897360784811976,0.9083491277292126,0.907971490705844,0.7934094346634827,0.5899610729900625,0.5888745916158099,0.32413564590320154,0.5788304759989464,0.5777029410434702,0.3072954269871484,0.9861111111111112,0.991689363782387,2.5002235227101132e-05,0.9779996871948242
3,0.0,0.5,0.5,0.0,1,42,4,4,0.30225652517010054,0.30219976768382173,0.9062134325366954,0.9058270894842647,0.7840181975146335,0.9059896953135614,0.9056014712345598,0.78488266182146,0.5873387821333589,0.5862432727316306,0.31946428176436936,0.5748290461154255,0.5736875181321727,0.30027918183731894,0.9861111111111112,0.991689363782387,2.4845560908007443e-05,1.0943796634674072
3,0.0,0.5,0.5,0.0,2,33,3,3,0.293832105090291,0.2936534650303344,0.7903227834399137,0.7896872559207784,0.6109458131619562,0.7849276230002521,0.7842712471813089,0.5998687124749003,0.6587311938292049,0.6580429617251703,0.4757043116569948,0.6372585608267675,0.6365134920042134,0.43702870926961385,0.9928057553956835,0.9971942446043166,3.982583738058355e-06,0.7410778999328613
3,0.0,0.5,0.5,0.0,3,34,4,4,0.30330959509333777,0.30324649544915616,0.908286786541069,0.9079097241974984,0.7915753497024844,0.9083491277292126,0.907971490705844,0.7934094346634827,0.8275657449881185,0.8271091218083316,0.6463279830892504,0.8174624962315958,0.8169738155354499,0.6216283231336616,0.9850746268656716,0.990990990990991,4.110934110409517e-05,0.49886584281921387
3,0.0,0.5,0.5,0.0,4,42,4,4,0.30225652517010054,0.3021997676838218,0.9062134325366955,0.9058270894842648,0.7840181975146335,0.9059896953135614,0.9056014712345598,0.78488266182146,0.5873387821333589,0.5862432727316306,0.31946428176436936,0.5748290461154255,0.5736875181321727,0.30027918183731894,0.9861111111111112,0.991689363782387,2.484556090800766e-05,1.0175893306732178
3,0.0,0.5,0.5,0.0,5,16,4,4,0.2926859041788298,0.2924940346636297,0.9032922516795583,0.9028927793128343,0.7730668342239174,0.9037907607564276,0.9033926442098374,0.7752391372397232,0.5824622892768059,0.5813499290240142,0.3104286934092968,0.5710951027994496,0.5699404978572171,0.2922549271034125,0.9850746268656716,0.990990990990991,2.758687279703258e-05,0.10364055633544922
3,0.0,0.5,0.5,0.0,6,23,4,4,0.3022565251701006,0.30219976768382173,0.9062134325366954,0.9058270894842647,0.7840181975146335,0.9059896953135614,0.9056014712345598,0.78488266182146,0.5873387821333589,0.5862432727316306,0.31946428176436936,0.5748290461154255,0.5736875181321727,0.30027918183731894,0.9861111111111112,0.991689363782387,2.484556090800766e-05,0.1930842399597168
3,0.0,0.5,0.5,0.0,7,40,4,4,0.28430885921053173,0.2840608104525071,0.9077861546703496,0.9074068545396609,0.7897360784811976,0.9083491277292126,0.907971490705844,0.7934094346634827,0.5899610729900625,0.5888745916158099,0.32413564590320154,0.5788304759989464,0.5777029410434702,0.3072954269871484,0.9861111111111112,0.991689363782387,2.5002235227100916e-05,0.8948850631713867
3,0.0,0.5,0.5,0.0,8,56,3,3,0.2795135602151513,0.27923837447429173,0.7914333662242105,0.7908018077543368,0.6136596154716961,0.7921997857472497,0.7915695648752535,0.6162892627615703,0.6715616939307455,0.6709001681557081,0.5055578507455073,0.6705723119966838,0.6699012798556625,0.5090921424894774,0.9924242424242424,0.9959326415022617,1.047101195970619e-05,1.1711454391479492
3,0.0,0.5,0.5,0.0,9,17,4,4,0.3033095950933377,0.3032464954491562,0.908286786541069,0.9079097241974984,0.7915753497024844,0.9083491277292126,0.907971490705844,0.7934094346634827,0.8275657449881184,0.8271091218083314,0.6463279830892504,0.8174624962315958,0.8169738155354499,0.6216283231336616,0.9850746268656716,0.990990990990991,4.110934110409517e-05,0.09410405158996582
3,0.0,0.5,0.5,0.25,0,110,4,4,0.2913748138964658,0.291200520203193,0.9090437908389912,0.9086701087019787,0.7943429996270311,0.9137594533047027,0.9134059329538328,0.8127690521941776,0.5920564220257112,0.5909771353447553,0.3278765860803966,0.5879863206256295,0.5868905825581722,0.3229571956914917,0.9850746268656716,0.990990990990991,4.1109341104095276e-05,3.214350700378418
3,0.0,0.5,0.5,0.25,1,36,3,3,0.29837031231076755,0.2986255727684462,0.7920532465028122,0.791423901436366,0.6151023239096007,0.7921997857472497,0.7915695648752535,0.6162892627615703,0.6724693135155488,0.6718100790716761,0.5070805244166998,0.6705723119966838,0.6699012798556625,0.5090921424894774,0.9850746268656716,0.990990990990991,2.6657421393191634e-05,0.8505430221557617
3,0.0,0.5,0.5,0.25,2,35,4,4,0.3042848217540427,0.30446028467943204,0.9075030477238635,0.9071224809899361,0.7887321917624809,0.9116055475593928,0.9112424542131328,0.8049349549879696,0.5894891945512666,0.5884010899777649,0.323317771505139,0.5843445647456531,0.5832362201059156,0.31666379824114854,0.9850746268656716,0.990990990990991,4.110934110409517e-05,0.5763459205627441
3,0.0,0.5,0.5,0.25,3,40,3,3,0.3158709276185572,0.3160191882907765,0.739964857200733,0.7391430675807574,0.476493102656082,0.7303232410180941,0.7294623299636516,0.45744797462502,1.0000000000000002,1.0000000000000002,1.0,1.0,1.0,1.0,0.9850746268656716,0.990990990990991,2.4151465307497644e-05,0.784400463104248
3,0.0,0.5,0.5,0.25,4,108,4,4,0.3033095950933377,0.30324649544915616,0.908286786541069,0.9079097241974984,0.7915753497024844,0.9083491277292126,0.907971490705844,0.7934094346634827,0.8275657449881185,0.8271091218083316,0.6463279830892504,0.8174624962315958,0.8169738155354499,0.6216283231336616,0.9850746268656716,0.990990990990991,4.110934110409517e-05,2.1374287605285645
3,0.0,0.5,0.5,0.25,5,37,3,3,0.2983703123107674,0.29862557276844615,0.7920532465028122,0.791423901436366,0.6151023239096007,0.7921997857472497,0.7915695648752535,0.6162892627615703,0.6724693135155487,0.6718100790716759,0.5070805244166998,0.6705723119966838,0.6699012798556625,0.5090921424894774,0.9850746268656716,0.990990990990991,2.6657421393191092e-05,0.6090726852416992
3,0.0,0.5,0.5,0.25,6,28,3,3,0.2800701474966644,0.2797651948227626,0.7912521513553256,0.7906199474689949,0.6130686761259063,0.7916267295012034,0.790994464710824,0.6144266258107057,0.3895152589424024,0.38828539887406865,0.1636049736512634,0.37440901171420427,0.3731338810288384,0.14279638485309123,0.9928057553956835,0.9971942446043166,3.982583738058355e-06,0.47176170349121094
3,0.0,0.5,0.5,0.25,7,109,3,3,0.29479873514155075,0.2948250570627073,0.7964875200702813,0.7958739447619763,0.6258352922217565,0.8021489417124285,0.8015540214626932,0.6413806962628472,0.6678252372828262,0.6671600065866087,0.4912865988346346,0.6631635923571185,0.6624852435215407,0.4806777554355714,0.9861111111111112,0.991689363782387,2.3923264504294682e-05,2.7736833095550537
3,0.0,0.5,0.5,0.25,8,33,3,3,0.30811888854449265,0.3080530431682622,0.7461107003054039,0.7453123569877191,0.4903684174293556,0.7548712966501103,0.7541043224033086,0.5123044922655382,0.30837403356339693,0.30690934276932436,0.028280719650197416,0.307184590216507,0.3057130460362364,0.02947307308205422,0.9861111111111112,0.991689363782387,2.119720919544464e-05,0.7727997303009033
3,0.0,0.5,0.5,0.25,9,34,3,3,0.29582723972303326,0.295670689856077,0.7904764725728854,0.7898414931742513,0.6114464079728974,0.7852802150932446,0.7846251091678986,0.6010060305727019,0.670160016759392,0.669494947133297,0.5032163592211073,0.6603075896392546,0.6596101398698013,0.4926820471129652,0.9924812030075187,0.9959708452170764,1.0393641197103802e-05,0.7807273864746094
3,0.0,0.5,0.5,0.5,0,80,3,3,0.3198900123088649,0.31988146072674917,0.7382712632211267,0.7374429749388643,0.4728567797325691,0.7375733655715297,0.7367405406672015,0.4724246305454723,0.5972831916700859,0.5964229904379739,0.35212464349252864,0.5960555189006077,0.5951809391979391,0.35653127194845763,0.9850746268656716,0.990990990990991,2.4132695435558592e-05,2.226418972015381
3,0.0,0.5,0.5,0.5,1,23,3,3,0.31587092761855723,0.31601918829077646,0.739964857200733,0.7391430675807574,0.476493102656082,0.7303232410180941,0.7294623299636516,0.45744797462502,1.0000000000000002,1.0000000000000002,1.0,1.0,1.0,1.0,0.9850746268656716,0.990990990990991,2.415146530749786e-05,0.5393021106719971
3,0.0,0.5,0.5,0.5,2,41,4,4,0.2878514609258369,0.287719889790186,0.9069960203513316,0.9066131841674229,0.7868715044443074,0.9116055475593928,0.9112424542131328,0.8049349549879696,0.5886439109427256,0.5875528978883743,0.32179929612451813,0.5843445647456531,0.5832362201059156,0.31666379824114854,0.9861111111111112,0.991689363782387,2.4922931670610373e-05,1.0505919456481934
3,0.0,0.5,0.5,0.5,3,57,4,4,0.2869099494121843,0.28655480444348697,0.9019138104143678,0.901508118740358,0.76805910791063,0.8974063685419958,0.8969792788487174,0.7526454569778374,0.5801585390045755,0.5790381841833446,0.30625770311642325,0.5602281539441709,0.5590350821308032,0.2730752262032187,0.9928057553956835,0.9971942446043166,4.98225090437383e-06,1.4547648429870605
3,0.0,0.5,0.5,0.5,4,52,4,4,0.30225652517010054,0.3021997676838216,0.9062134325366954,0.9058270894842647,0.7840181975146335,0.9059896953135614,0.9056014712345598,0.78488266182146,0.5873387821333589,0.5862432727316306,0.31946428176436936,0.5748290461154254,0.5736875181321726,0.30027918183731894,0.9861111111111112,0.991689363782387,2.4845560908007443e-05,1.334784746170044
3,0.0,0.5,0.5,0.5,5,29,4,4,0.30428482175404253,0.304460284679432,0.9075030477238635,0.9071224809899361,0.7887321917624809,0.9116055475593928,0.9112424542131328,0.8049349549879696,0.5894891945512666,0.5884010899777649,0.323317771505139,0.5843445647456531,0.5832362201059156,0.31666379824114854,0.9850746268656716,0.990990990990991,4.110934110409517e-05,0.662135124206543
3,0.0,0.5,0.5,0.5,6,15,4,4,0.30330959509333777,0.30324649544915616,0.908286786541069,0.9079097241974984,0.7915753497024844,0.9083491277292126,0.907971490705844,0.7934094346634827,0.8275657449881184,0.8271091218083314,0.6463279830892504,0.8174624962315958,0.8169738155354499,0.6216283231336616,0.9850746268656716,0.990990990990991,4.110934110409517e-05,0.09913301467895508
3,0.0,0.5,0.5,0.5,7,30,5,5,0.29615108835549186,0.2959491323549752,1.0,1.0,1.0,1.0,1.0,1.0,0.739964857200733,0.7391430675807577,0.476493102656082,0.7303232410180941,0.7294623299636518,0.45744797462502,0.9850746268656716,0.990990990990991,4.210900827041064e-05,0.7362737655639648
3,0.0,0.5,0.5,0.5,8,29,4,4,0.2926859041788298,0.2924940346636298,0.9032922516795583,0.9028927793128343,0.7730668342239174,0.9037907607564276,0.9033926442098374,0.7752391372397232,0.5824622892768059,0.5813499290240142,0.3104286934092968,0.5710951027994496,0.5699404978572171,0.2922549271034125,0.9850746268656716,0.990990990990991,2.758687279703258e-05,0.6355166435241699
3,0.0,0.5,0.5,0.5,9,92,2,2,0.29845323867529133,0.2984532386752915,0.5923035749787092,0.5915865303510878,0.37932760189374876,0.5936479709519707,0.5929324165216566,0.3829540138806239,0.34926995282480183,0.3484640814213256,0.18697208993064182,0.3313580831174686,0.33051922751079077,0.16087386817347216,0.9927007299270073,0.996118069288801,6.695526766426407e-06,2.572948932647705
3,0.0,0.5,0.5,0.75,0,109,4,4,0.2869099494121842,0.28655480444348697,0.9019138104143678,0.901508118740358,0.76805910791063,0.8974063685419958,0.8969792788487174,0.7526454569778374,0.5801585390045755,0.5790381841833446,0.30625770311642325,0.5602281539441709,0.5590350821308032,0.2730752262032187,0.9928057553956835,0.9971942446043166,4.98225090437383e-06,2.623015880584717
3,0.0,0.5,0.5,0.75,1,53,10,4,0.11279706398200386,0.2065428284274607,0.6350436472685265,0.6313077232851955,0.43263401895812525,0.9116055475593928,0.9112424542131328,0.8049349549879696,0.47633885948944565,0.4730749064383588,0.28246339769826506,0.5843445647456531,0.5832362201059156,0.31666379824114854,0.6,0.695676371352047,0.1766393568014552,1.0348210334777832
3,0.0,0.5,0.5,0.75,2,31,4,4,0.28999564489917856,0.28967696566936385,0.9041296431413824,0.9037339420232676,0.7760883163884392,0.9000920107272863,0.8996771460213145,0.7622414951112423,0.8316380064779839,0.8311899265252473,0.6606232811996562,0.8255305231223697,0.8250587365522001,0.6500663075088151,0.9850746268656716,0.990990990990991,2.7657088559506675e-05,0.5288877487182617
3,0.0,0.5,0.5,0.75,3,22,4,4,0.30330959509333777,0.30324649544915616,0.908286786541069,0.9079097241974984,0.7915753497024844,0.9083491277292126,0.907971490705844,0.7934094346634827,0.8275657449881185,0.8271091218083316,0.6463279830892504,0.8174624962315958,0.8169738155354499,0.6216283231336616,0.9850746268656716,0.990990990990991,4.110934110409517e-05,0.3155355453491211
3,0.0,0.5,0.5,0.75,4,31,10,3,0.10741831736017363,0.26749424686924733,0.6188274473352823,0.6149263931756773,0.4446368600991417,0.7921997857472497,0.7915695648752535,0.6162892627615703,0.512016685641764,0.5089759347479563,0.28297543490550586,0.6705723119966838,0.6699012798556625,0.5090921424894774,0.6057692307692307,0.6981150892590007,0.17584133860639195,0.5762255191802979
3,0.0,0.5,0.5,0.75,5,109,4,4,0.2913748138964657,0.2912005202031929,0.9090437908389912,0.9086701087019787,0.7943429996270311,0.9137594533047027,0.9134059329538328,0.8127690521941776,0.5920564220257112,0.5909771353447553,0.3278765860803966,0.5879863206256295,0.5868905825581722,0.3229571956914917,0.9850746268656716,0.990990990990991,4.11093411040956e-05,2.199598789215088
3,0.0,0.5,0.5,0.75,6,45,4,4,0.2913748138964658,0.291200520203193,0.9090437908389912,0.9086701087019787,0.7943429996270311,0.9137594533047027,0.9134059329538328,0.8127690521941776,0.5920564220257112,0.5909771353447553,0.3278765860803966,0.5879863206256295,0.5868905825581722,0.3229571956914917,0.9850746268656716,0.990990990990991,4.110934110409517e-05,0.792985200881958
3,0.0,0.5,0.5,0.75,7,20,4,4,0.3075619917035833,0.3073762154095664,0.902462641840836,0.9020594281071008,0.7700580044778049,0.897406368541996,0.8969792788487176,0.7526454569778374,0.8332735078549995,0.8328288887203085,0.6662608393363932,0.8281626276133814,0.8276964442337124,0.6590455003918929,0.9850746268656716,0.990990990990991,2.7518312319903043e-05,0.31078338623046875
3,0.0,0.5,0.5,0.75,8,34,5,5,0.29615108835549186,0.2959491323549752,1.0,1.0,1.0,1.0,1.0,1.0,0.739964857200733,0.7391430675807577,0.476493102656082,0.7303232410180941,0.7294623299636517,0.45744797462502,0.9850746268656716,0.990990990990991,4.210900827041064e-05,0.5809028148651123
3,0.0,0.5,0.5,0.75,9,39,2,2,0.3008090782574572,0.30080907825745745,0.5916192536088873,0.59090064872952,0.37797664007241627,0.5960908120545209,0.5953808212273226,0.38786077858471907,0.3619366914575412,0.36114595767768487,0.21102260030291872,0.3630009071665581,0.3622037553645316,0.22135304847415632,0.9926470588235294,0.9960820771631582,6.745289484540889e-06,0.6913506984710693
3,0.0,0.5,0.5,1.0,0,26,10,4,0.11508251907664442,0.2657579695812698,0.6603981201230895,0.6570670902771517,0.4649787190296551,0.9000920107272863,0.8996771460213145,0.7622414951112423,0.5778570425830581,0.5753561695027667,0.3262575384612409,0.8255305231223697,0.8250587365522001,0.6500663075088151,0.3,0.3916960438699569,0.5270032993935245,0.654533863067627
3,0.0,0.5,0.5,1.0,1,103,10,5,0.15063125343385067,0.2932379934399169,0.8224644260299233,0.8207652782919773,0.6643879270150842,1.0,1.0,1.0,0.5901580688958782,0.5878000900405983,0.2716790894555809,0.7303232410180941,0.7294623299636518,0.45744797462502,0.48484848484848486,0.655909090909091,0.3993036312871976,3.076977014541626
3,0.0,0.5,0.5,1.0,2,51,10,3,0.09294244764318257,0.28721438946111305,0.6180513198052743,0.6142931949483237,0.44883934859134056,0.7916267295012033,0.7909944647108239,0.6144266258107057,0.4739362404383124,0.4708083281455433,0.26159225558169225,0.676923515689911,0.6762649947927467,0.5243675728058969,0.33962264150943394,0.43591979075850046,0.6250616357406492,1.431215524673462
3,0.0,0.5,0.5,1.0,3,68,10,3,0.09308772438784095,0.29227553690485825,0.5290003981062048,0.5242733866785271,0.34872378884738026,0.7375733655715297,0.7367405406672015,0.4724246305454723,0.3612790243620758,0.35738954682816515,0.1256188688935223,0.5960555189006077,0.5951809391979391,0.35653127194845763,0.23225806451612904,0.3124511795032026,0.6257841463597378,1.8685519695281982
3,0.0,0.5,0.5,1.0,4,45,10,4,0.12731547850681565,0.2897751542554067,0.7162985653310989,0.7135342453349877,0.5237197760280249,0.897406368541996,0.8969792788487176,0.7526454569778374,0.5734226219016704,0.5709154892304811,0.30645317441427045,0.8281626276133816,0.8276964442337125,0.6590455003918929,0.33962264150943394,0.43591979075850046,0.5151635856291887,1.2340588569641113
3,0.0,0.5,0.5,1.0,5,45,10,5,0.1505270668090123,0.29263615375844804,0.8244211773963035,0.8227407572270558,0.6653192231044663,1.0,1.0,1.0,0.5901580688958781,0.5878000900405982,0.2716790894555809,0.7303232410180941,0.7294623299636518,0.45744797462502,0.48484848484848486,0.655909090909091,0.3993036312871976,1.2448794841766357
3,0.0,0.5,0.5,1.0,6,52,10,4,0.1313617784024373,0.2925978950043623,0.736569157028692,0.7340021701328578,0.5526691567124253,0.897406368541996,0.8969792788487176,0.7526454569778374,0.5731915189860814,0.5706828258704036,0.30607596646374324,0.8281626276133816,0.8276964442337125,0.6590455003918929,0.330188679245283,0.425526741316215,0.5202920139196408,1.4835829734802246
3,0.0,0.5,0.5,1.0,7,119,10,4,0.127199077479671,0.28953972973718417,0.7045200266765304,0.7016490854687745,0.5252471778904698,0.9083491277292126,0.907971490705844,0.7934094346634827,0.5715290550378991,0.5690193340421861,0.29749259526467114,0.8174624962315958,0.8169738155354499,0.6216283231336616,0.336734693877551,0.4327471576379873,0.5223787764755852,3.4963555335998535
3,0.0,0.5,0.5,1.0,8,36,10,4,0.11717473659402931,0.2684163165156572,0.6921528001677877,0.6891447200294075,0.48816824986410223,0.9137594533047027,0.9134059329538328,0.8127690521941776,0.4443569890816092,0.44108021943361964,0.16493071754303448,0.5879863206256295,0.5868905825581722,0.3229571956914917,0.30973451327433627,0.40270155212683945,0.5220429183240429,0.912062406539917
3,0.0,0.5,0.5,1.0,9,35,10,4,0.13252320460600472,0.2972226352993272,0.7128970472980847,0.7100993888727143,0.5398096023531963,0.897406368541996,0.8969792788487176,0.7526454569778374,0.5731915189860814,0.5706828258704036,0.30607596646374324,0.8281626276133814,0.8276964442337124,0.6590455003918929,0.330188679245283,0.425526741316215,0.520292013919641,0.9168035984039307
3,0.0,0.5,0.75,0.0,0,114,10,3,0.14977164324307662,0.2960777303204064,0.6769187404660977,0.673472837761241,0.5182616358346688,0.7916267295012033,0.7909944647108239,0.6144266258107057,0.49044291563673714,0.4871096851903776,0.2957003973647528,0.676923515689911,0.6762649947927467,0.5243675728058969,0,0.0,inf,3.3536274433135986
3,0.0,0.5,0.75,0.0,1,29,10,3,0.14656666627689444,0.2961061998483326,0.6734519213926513,0.6699628244994921,0.507530504305194,0.7889606460971244,0.7883188157233192,0.6085417084158432,0.5229996326810412,0.5198725597466718,0.2921846955439294,0.6729934599358477,0.6723248877323879,0.5180642050574342,0,0.0,inf,0.7060708999633789
3,0.0,0.5,0.75,0.0,2,116,4,4,0.2878514609258369,0.28771988979018587,0.9069960203513316,0.9066131841674229,0.7868715044443074,0.9116055475593928,0.9112424542131328,0.8049349549879696,0.5886439109427256,0.5875528978883743,0.32179929612451813,0.5843445647456531,0.5832362201059156,0.31666379824114854,0.9861111111111112,0.991689363782387,2.4922931670610373e-05,3.366513252258301
3,0.0,0.5,0.75,0.0,3,111,10,3,0.15158851425854244,0.2990113549873013,0.688424359733106,0.685107736123874,0.5147577042039039,0.8019282820082536,0.8013325861275414,0.6406540834881669,0.38122263861730676,0.37718471150861027,0.14364472033133102,0.39299760652501203,0.3917748685998332,0.16938304041028776,0,0.0,inf,3.3403706550598145
3,0.0,0.5,0.75,0.0,4,38,10,3,0.13387306329143972,0.27030687576387313,0.6290033683654397,0.6250262782222651,0.463626331864232,0.7921997857472497,0.7915695648752535,0.6162892627615703,0.5173929111883825,0.514216339884814,0.3102188090568143,0.6705723119966838,0.6699012798556625,0.5090921424894774,0,0.0,inf,0.7971463203430176
3,0.0,0.5,0.75,0.0,5,32,4,4,0.2869099494121841,0.28655480444348697,0.9019138104143678,0.901508118740358,0.76805910791063,0.8974063685419958,0.8969792788487174,0.7526454569778374,0.5801585390045755,0.5790381841833446,0.30625770311642325,0.5602281539441709,0.5590350821308032,0.2730752262032187,0.9928057553956835,0.9971942446043166,4.98225090437383e-06,0.7899658679962158
3,0.0,0.5,0.75,0.0,6,22,4,4,0.30756199170358317,0.3073762154095663,0.902462641840836,0.9020594281071008,0.7700580044778049,0.897406368541996,0.8969792788487176,0.7526454569778374,0.8332735078549994,0.8328288887203081,0.6662608393363932,0.8281626276133814,0.8276964442337124,0.6590455003918929,0.9850746268656716,0.990990990990991,2.7518312319902935e-05,0.44463300704956055
3,0.0,0.5,0.75,0.0,7,1000,10,3,0.1426866427657281,0.3112188633517901,0.612595344881069,0.6083221205597815,0.3789916460902336,0.7375733655715297,0.7367405406672015,0.4724246305454723,0.43241540923040894,0.4285458430080951,0.17428943531794613,0.5960555189006077,0.5951809391979391,0.35653127194845763,0,0.0,inf,19.36346673965454
3,0.0,0.5,0.75,0.0,8,26,4,4,0.3075619917035833,0.3073762154095663,0.902462641840836,0.9020594281071008,0.7700580044778049,0.897406368541996,0.8969792788487176,0.7526454569778374,0.8332735078549995,0.8328288887203084,0.6662608393363932,0.8281626276133816,0.8276964442337125,0.6590455003918929,0.9850746268656716,0.990990990990991,2.751831231990326e-05,0.4593651294708252
3,0.0,0.5,0.75,0.0,9,31,10,3,0.14299181753860588,0.2940966359330319,0.6468256361747967,0.6430554852808031,0.4736278953038004,0.7921997857472497,0.7915695648752535,0.6162892627615703,0.5220332524886911,0.5189033247035059,0.3479611661538683,0.6705723119966838,0.6699012798556625,0.5090921424894774,0,0.0,inf,0.5727963447570801
3,0.0,0.5,0.75,0.25,0,27,4,4,0.28430885921053173,0.28406081045250714,0.9077861546703494,0.9074068545396607,0.7897360784811976,0.9083491277292126,0.907971490705844,0.7934094346634827,0.5899610729900625,0.5888745916158099,0.32413564590320154,0.5788304759989464,0.5777029410434702,0.3072954269871484,0.9861111111111112,0.991689363782387,2.5002235227101132e-05,0.42740726470947266
3,0.0,0.5,0.75,0.25,1,114,10,3,0.13153614033241628,0.29620443970386817,0.673114666531866,0.6697309838058284,0.5237030658354379,0.7916267295012033,0.7909944647108239,0.6144266258107057,0.4701410068135046,0.46679529091863864,0.26901971070553043,0.676923515689911,0.6762649947927467,0.5243675728058969,0.3333333333333333,0.5005005005005004,0.7547297054561667,2.317180871963501
3,0.0,0.5,0.75,0.25,2,39,10,3,0.13149066958584862,0.2917580274007429,0.6537126418152245,0.650120415446576,0.4784225398937711,0.7852802150932446,0.7846251091678986,0.6010060305727019,0.528748940379081,0.5257655148733642,0.3403283604183262,0.6603075896392546,0.6596101398698013,0.4926820471129652,0.3333333333333333,0.5005005005005004,0.7634793597616771,0.6604092121124268
3,0.0,0.5,0.75,0.25,3,110,4,4,0.28999564489917856,0.28967696566936385,0.9041296431413824,0.9037339420232676,0.7760883163884392,0.9000920107272863,0.8996771460213145,0.7622414951112423,0.8316380064779841,0.8311899265252475,0.6606232811996562,0.8255305231223697,0.8250587365522001,0.6500663075088151,0.9850746268656716,0.990990990990991,2.765708855950646e-05,2.216339349746704
3,0.0,0.5,0.75,0.25,4,31,4,4,0.30330959509333777,0.30324649544915616,0.908286786541069,0.9079097241974984,0.7915753497024844,0.9083491277292126,0.907971490705844,0.7934094346634827,0.8275657449881185,0.8271091218083316,0.6463279830892504,0.8174624962315958,0.8169738155354499,0.6216283231336616,0.9850746268656716,0.990990990990991,4.110934110409517e-05,0.44721293449401855
3,0.0,0.5,0.75,0.25,5,24,4,4,0.28999564489917856,0.2896769656693638,0.9041296431413824,0.9037339420232676,0.7760883163884392,0.9000920107272863,0.8996771460213145,0.7622414951112423,0.8316380064779839,0.8311899265252473,0.6606232811996562,0.8255305231223697,0.8250587365522001,0.6500663075088151,0.9850746268656716,0.990990990990991,2.7657088559506567e-05,0.39267730712890625
3,0.0,0.5,0.75,0.25,6,33,10,4,0.13868249526452278,0.25115440992088006,0.6982217388750681,0.6951022578311346,0.4862775118120902,0.9059896953135614,0.9056014712345598,0.78488266182146,0.40258795684210946,0.39882197752020554,0.13334593327590988,0.5748290461154254,0.5736875181321726,0.30027918183731894,0.3333333333333333,0.5005005005005004,0.7659853281376372,0.535020112991333
3,0.0,0.5,0.75,0.25,7,109,4,4,0.2913748138964657,0.2912005202031929,0.9090437908389912,0.9086701087019787,0.7943429996270311,0.9137594533047027,0.9134059329538328,0.8127690521941776,0.5920564220257112,0.5909771353447553,0.3278765860803966,0.5879863206256295,0.5868905825581722,0.3229571956914917,0.9850746268656716,0.990990990990991,4.110934110409517e-05,2.2840704917907715
3,0.0,0.5,0.75,0.25,8,32,4,4,0.30330959509333777,0.30324649544915616,0.908286786541069,0.9079097241974984,0.7915753497024844,0.9083491277292126,0.907971490705844,0.7934094346634827,0.8275657449881185,0.8271091218083316,0.6463279830892504,0.8174624962315958,0.8169738155354499,0.6216283231336616,0.9850746268656716,0.990990990990991,4.110934110409517e-05,0.5013799667358398
3,0.0,0.5,0.75,0.25,9,39,4,4,0.30225652517010054,0.3021997676838218,0.9062134325366955,0.9058270894842648,0.7840181975146335,0.9059896953135614,0.9056014712345598,0.78488266182146,0.5873387821333589,0.5862432727316306,0.31946428176436936,0.5748290461154254,0.5736875181321726,0.30027918183731894,0.9861111111111112,0.991689363782387,2.484556090800755e-05,0.6837007999420166
3,0.0,0.5,0.75,0.5,0,32,10,3,0.10709877452718229,0.2685848813681401,0.6216177682939484,0.6177431921690096,0.44712617597245397,0.7916267295012034,0.790994464710824,0.6144266258107057,0.32744123917728174,0.3232476133871422,0.112144936734478,0.37440901171420427,0.3731338810288383,0.14279638485309123,0.5876288659793815,0.681956857255662,0.17866813667690706,0.5818698406219482
3,0.0,0.5,0.75,0.5,1,28,10,3,0.11834764924126977,0.29704616320126853,0.6942126637863427,0.69111455604542,0.5378113703858078,0.7889606460971244,0.7883188157233192,0.6085417084158432,0.5178987526236033,0.5149307753146772,0.2538401393331315,0.6729934599358478,0.672324887732388,0.5180642050574342,0.6444444444444445,0.7349121273171906,0.16609250306790946,0.45668530464172363
3,0.0,0.5,0.75,0.5,2,14,4,3,0.21968227893861905,0.2995170449620204,0.7496697715002997,0.7486294074809445,0.6053304830956665,0.7889606460971244,0.7883188157233192,0.6085417084158432,0.6349984608441933,0.6340184969318207,0.5356871772687916,0.6729934599358477,0.6723248877323879,0.5180642050574342,0.6612903225806451,0.7734193548387097,0.02806003244311705,0.10411310195922852
3,0.0,0.5,0.75,0.5,3,63,4,4,0.2926859041788298,0.2924940346636299,0.9032922516795583,0.9028927793128343,0.7730668342239174,0.9037907607564276,0.9033926442098374,0.7752391372397232,0.5824622892768059,0.5813499290240142,0.3104286934092968,0.5710951027994496,0.5699404978572171,0.2922549271034125,0.9850746268656716,0.990990990990991,2.7586872797032147e-05,1.082815170288086
3,0.0,0.5,0.75,0.5,4,30,10,3,0.10553494689233159,0.2668380124028271,0.5984913202716375,0.5943821771404967,0.4375650755421719,0.7926764584473263,0.7920479364188315,0.6178455857756018,0.31031935972090446,0.30602182884465284,0.10844532201632126,0.3763081967306326,0.3750384430579024,0.14631627595794314,0.6190476190476191,0.7123912233401284,0.1743645798365872,0.5576450824737549
3,0.0,0.5,0.75,0.5,5,83,5,5,0.2961510883554918,0.29594913235497505,1.0,1.0,1.0,1.0,1.0,1.0,0.739964857200733,0.7391430675807577,0.476493102656082,0.7303232410180941,0.7294623299636518,0.45744797462502,0.9850746268656716,0.990990990990991,4.2109008270411075e-05,1.5189337730407715
3,0.0,0.5,0.75,0.5,6,59,4,4,0.2913748138964657,0.2912005202031929,0.9090437908389912,0.9086701087019787,0.7943429996270311,0.9137594533047027,0.9134059329538328,0.8127690521941776,0.5920564220257112,0.5909771353447553,0.3278765860803966,0.5879863206256295,0.5868905825581722,0.3229571956914917,0.9850746268656716,0.990990990990991,4.11093411040956e-05,0.9950709342956543
3,0.0,0.5,0.75,0.5,7,113,10,3,0.11697437096927506,0.2978726218077995,0.6677060811220608,0.6643412413233313,0.5067479975645184,0.7926764584473263,0.7920479364188315,0.6178455857756018,0.46223728499186345,0.45892875032293323,0.21756486314719253,0.6489462238665674,0.6482315250053116,0.4562355416832998,0.6341463414634146,0.7229451673896118,0.17327958269791455,2.277193307876587
3,0.0,0.5,0.75,0.5,8,57,10,3,0.11629856690853788,0.2966561500543608,0.676171663685059,0.6728941887023322,0.51775738589181,0.7926764584473263,0.7920479364188315,0.6178455857756018,0.46556675744350445,0.4622807036289191,0.22453020565003118,0.6489462238665674,0.6482315250053116,0.4562355416832998,0.6666666666666666,0.76672417097949,0.1672174971490993,1.0735208988189697
3,0.0,0.5,0.75,0.5,9,26,4,4,0.29268590417882967,0.2924940346636298,0.9032922516795583,0.9028927793128343,0.7730668342239174,0.9037907607564276,0.9033926442098374,0.7752391372397232,0.5824622892768059,0.5813499290240142,0.3104286934092968,0.5710951027994496,0.5699404978572171,0.2922549271034125,0.9850746268656716,0.990990990990991,2.7586872797032147e-05,0.3841886520385742
3,0.0,0.5,0.75,0.75,0,23,5,5,0.2961510883554918,0.2959491323549751,1.0,1.0,1.0,1.0,1.0,1.0,0.739964857200733,0.7391430675807577,0.476493102656082,0.7303232410180941,0.7294623299636517,0.45744797462502,0.9850746268656716,0.990990990990991,4.2109008270411075e-05,0.3556346893310547
3,0.0,0.5,0.75,0.75,1,29,4,4,0.3075619917035833,0.3073762154095663,0.902462641840836,0.9020594281071008,0.7700580044778049,0.897406368541996,0.8969792788487176,0.7526454569778374,0.8332735078549994,0.8328288887203082,0.6662608393363932,0.8281626276133814,0.8276964442337124,0.6590455003918929,0.9850746268656716,0.990990990990991,2.751831231990326e-05,0.6560530662536621
3,0.0,0.5,0.75,0.75,2,56,10,3,0.09904251199572295,0.2860621740155587,0.6505099246245843,0.6470455125154475,0.4907303470855104,0.7849276230002521,0.7842712471813089,0.5998687124749003,0.4519244541408889,0.4486366657685125,0.21987675772451645,0.6670370059186,0.6663531018504028,0.5086807911004654,0.6666666666666666,0.748502994011976,0.154534507412191,1.3804278373718262
3,0.0,0.5,0.75,0.75,3,29,4,4,0.3042848217540427,0.30446028467943204,0.9075030477238635,0.9071224809899361,0.7887321917624809,0.9116055475593928,0.9112424542131328,0.8049349549879696,0.5894891945512665,0.5884010899777646,0.323317771505139,0.5843445647456531,0.5832362201059156,0.31666379824114854,0.9850746268656716,0.990990990990991,4.110934110409517e-05,0.49318909645080566
3,0.0,0.5,0.75,0.75,4,110,4,4,0.30428482175404264,0.30446028467943204,0.9075030477238635,0.9071224809899361,0.7887321917624809,0.9116055475593928,0.9112424542131328,0.8049349549879696,0.5894891945512666,0.5884010899777649,0.323317771505139,0.5843445647456531,0.5832362201059156,0.31666379824114854,0.9850746268656716,0.990990990990991,4.110934110409517e-05,3.17077898979187
3,0.0,0.5,0.75,0.75,5,109,4,4,0.30330959509333777,0.30324649544915616,0.908286786541069,0.9079097241974984,0.7915753497024844,0.9083491277292126,0.907971490705844,0.7934094346634827,0.8275657449881185,0.8271091218083316,0.6463279830892504,0.8174624962315958,0.8169738155354499,0.6216283231336616,0.9850746268656716,0.990990990990991,4.110934110409517e-05,3.1985244750976562
3,0.0,0.5,0.75,0.75,6,43,10,3,0.1019675830424608,0.30094204976014766,0.6343764578522186,0.6306401152799542,0.4242118358847199,0.7375733655715297,0.7367405406672015,0.4724246305454723,0.3910200838288569,0.3872301210953345,0.12719205073390388,0.5960555189006077,0.5951809391979391,0.35653127194845763,0.6666666666666666,0.748502994011976,0.1577943141960927,1.1912143230438232
3,0.0,0.5,0.75,0.75,7,43,5,5,0.29615108835549186,0.29594913235497505,1.0,1.0,1.0,1.0,1.0,1.0,0.739964857200733,0.7391430675807577,0.476493102656082,0.7303232410180941,0.7294623299636518,0.45744797462502,0.9850746268656716,0.990990990990991,4.210900827041064e-05,1.145636796951294
3,0.0,0.5,0.75,0.75,8,110,4,4,0.28999564489917856,0.28967696566936385,0.9041296431413824,0.9037339420232676,0.7760883163884392,0.9000920107272863,0.8996771460213145,0.7622414951112423,0.8316380064779839,0.8311899265252473,0.6606232811996562,0.8255305231223697,0.8250587365522001,0.6500663075088151,0.9850746268656716,0.990990990990991,2.765708855950646e-05,3.179187297821045
3,0.0,0.5,0.75,0.75,9,37,5,5,0.2961510883554918,0.2959491323549751,1.0,1.0,1.0,1.0,1.0,1.0,0.739964857200733,0.7391430675807577,0.476493102656082,0.7303232410180941,0.7294623299636518,0.45744797462502,0.9850746268656716,0.990990990990991,4.210900827041064e-05,0.9620556831359863
3,0.0,0.5,0.75,1.0,0,67,10,5,0.14267630169475723,0.2933674851373305,0.8195942420037345,0.8178805109340689,0.6409012532517234,1.0,1.0,1.0,0.5850485031431412,0.582681953144793,0.259373126132808,0.7303232410180941,0.7294623299636517,0.45744797462502,0.48484848484848486,0.6562218029694036,0.28596979110146353,1.9965052604675293
3,0.0,0.5,0.75,1.0,1,1000,10,5,0.14229711425124927,0.2925981180882785,0.8213929695915917,0.8196963252013503,0.6431798949883554,1.0,1.0,1.0,0.5853753536979313,0.5830106677925814,0.25981260470788764,0.7303232410180941,0.7294623299636518,0.45744797462502,0.48484848484848486,0.6562218029694036,0.2859697911014634,24.155527114868164
3,0.0,0.5,0.75,1.0,2,62,10,5,0.1426664707983792,0.2932413862486582,0.8158615215170483,0.8141123321607766,0.6388049028540221,1.0,1.0,1.0,0.5850485031431412,0.5826819531447931,0.259373126132808,0.7303232410180941,0.7294623299636518,0.45744797462502,0.48484848484848486,0.6562218029694036,0.28596979110146353,1.1955270767211914
3,0.0,0.5,0.75,1.0,3,109,10,4,0.11440383250484197,0.2773343058164808,0.6647686074333999,0.661541960088223,0.47736477665349186,0.9059896953135614,0.9056014712345598,0.78488266182146,0.42159497576307653,0.41824431201827383,0.16891921706189053,0.5748290461154254,0.5736875181321726,0.30027918183731894,0.3564356435643564,0.48917695976519504,0.39407414769988613,2.2262978553771973
3,0.0,0.5,0.75,1.0,4,31,10,4,0.09456429402847662,0.25005702840112604,0.649203985121868,0.6458210771219012,0.44580276744369757,0.8974063685419958,0.8969792788487174,0.7526454569778374,0.36782795040004657,0.3641574523315395,0.1361037001003557,0.5602281539441709,0.5590350821308032,0.2730752262032187,0.3364485981308411,0.46398329660132237,0.39770720516729835,0.648735523223877
3,0.0,0.5,0.75,1.0,5,111,10,5,0.14281945379781041,0.2932638387467241,0.8161323471846712,0.8143857304866463,0.6395644500995661,1.0,1.0,1.0,0.5853753536979313,0.5830106677925814,0.25981260470788764,0.7303232410180941,0.7294623299636518,0.45744797462502,0.48484848484848486,0.6562218029694036,0.2859697911014634,2.4264626502990723
3,0.0,0.5,0.75,1.0,6,115,10,4,0.11892039290016931,0.28614406871684284,0.7360257904309075,0.7334894328064773,0.5542737576056275,0.9116055475593928,0.9112424542131328,0.8049349549879696,0.47641194028396017,0.4733851381267042,0.2030868397923143,0.5843445647456531,0.5832362201059156,0.31666379824114854,0.3333333333333333,0.47415836889521096,0.3978444228095629,3.002601146697998
3,0.0,0.5,0.75,1.0,7,60,10,3,0.08417799094843395,0.27889681308835473,0.6911256519550896,0.688138298204371,0.5086734992432186,0.8021489417124285,0.8015540214626932,0.6413806962628472,0.5215340420952279,0.5187464289885055,0.25834178465594043,0.6631635923571185,0.6624852435215407,0.4806777554355714,0.3673469387755102,0.5005005005005004,0.4779686098672484,1.3792035579681396
3,0.0,0.5,0.75,1.0,8,45,10,4,0.10134869175762652,0.2675757048929977,0.7235373199843337,0.7208787691729325,0.5251561941104351,0.9116055475593928,0.9112424542131328,0.8049349549879696,0.46158789285027163,0.45847229610810747,0.1857764101383081,0.5843445647456531,0.5832362201059156,0.31666379824114854,0.36,0.49364432926076757,0.39355033721444654,0.8512318134307861
3,0.0,0.5,0.75,1.0,9,43,10,5,0.14234991109214545,0.2921200332343444,0.814654790013432,0.812894137534844,0.6399594146672489,1.0,1.0,1.0,0.5751582331389439,0.5727352769855647,0.2573515246874417,0.7303232410180941,0.7294623299636518,0.45744797462502,0.48484848484848486,0.6562218029694036,0.2859697911014634,0.850726842880249
3,0.0,0.5,1.0,0.0,0,31,10,4,0.14326058997108912,0.2870255447520594,0.6952758170518223,0.6922140252469757,0.5271275583031515,0.897406368541996,0.8969792788487176,0.7526454569778374,0.6225927174801543,0.6202930562019777,0.36787260833407887,0.8281626276133816,0.8276964442337125,0.6590455003918929,0,0.0,inf,0.5181374549865723
3,0.0,0.5,1.0,0.0,1,35,10,3,0.11720087374528022,0.2863551625750662,0.6196531413774149,0.6157590930488474,0.4424220194055377,0.8021489417124285,0.8015540214626932,0.6413806962628472,0.47902169445217363,0.47577525879164556,0.26598370143914213,0.6631635923571185,0.6624852435215407,0.4806777554355714,0,0.0,inf,0.7095720767974854
3,0.0,0.5,1.0,0.0,2,43,10,3,0.10834294783460474,0.2722079677324644,0.5936893581891339,0.589521961523745,0.4112091146073983,0.792676458447326,0.7920479364188314,0.6178455857756018,0.4100385926514817,0.4063542271457217,0.21041812806945084,0.6489462238665673,0.6482315250053114,0.4562355416832998,0,0.0,inf,1.117128610610962
3,0.0,0.5,1.0,0.0,3,53,10,3,0.11876863856822291,0.2890882723519138,0.6218696495267884,0.6179868340758026,0.4554152052220635,0.7889606460971244,0.7883188157233192,0.6085417084158432,0.499517685609791,0.49638777466327727,0.2888020404325824,0.6729934599358477,0.6723248877323879,0.5180642050574342,0,0.0,inf,1.3479089736938477
3,0.0,0.5,1.0,0.0,4,30,10,4,0.15334414273174074,0.2969986797134481,0.7263179787453093,0.7235760482889368,0.5675806557377175,0.9083491277292126,0.907971490705844,0.7934094346634827,0.6204717038222464,0.6181671919710394,0.35843526795050773,0.8174624962315958,0.8169738155354499,0.6216283231336616,0,0.0,inf,0.7525069713592529
3,0.0,0.5,1.0,0.0,5,32,10,4,0.15319959634187771,0.29213770398141287,0.74084908385707,0.7382527357794304,0.5753612498051403,0.9083491277292126,0.907971490705844,0.7934094346634827,0.6204717038222464,0.6181671919710393,0.35843526795050773,0.8174624962315958,0.8169738155354499,0.6216283231336616,0,0.0,inf,0.8456718921661377
3,0.0,0.5,1.0,0.0,6,83,10,4,0.12479672907007498,0.2565282817403928,0.6934932595614938,0.6904193983460492,0.5170281628568999,0.9116055475593928,0.9112424542131328,0.8049349549879696,0.4272619811820169,0.4237800998262375,0.1710193423825448,0.5843445647456531,0.5832362201059156,0.31666379824114854,0,0.0,inf,2.395981788635254
3,0.0,0.5,1.0,0.0,7,1000,10,4,0.14239090778045044,0.2802418058717825,0.687304354806783,0.6841685084406052,0.5286308706044279,0.9059896953135614,0.9056014712345598,0.78488266182146,0.40541106665519294,0.4017964617945652,0.17436150492386657,0.5748290461154254,0.5736875181321726,0.30027918183731894,0,0.0,inf,20.287956476211548
3,0.0,0.5,1.0,0.0,8,113,10,4,0.12791093597699385,0.2545769807457511,0.6835089384381392,0.6803355395520793,0.5033689497758882,0.9083491277292126,0.907971490705844,0.7934094346634827,0.522577487495151,0.5196757285487342,0.30267593335073667,0.8174624962315958,0.8169738155354499,0.6216283231336616,0,0.0,inf,3.344754695892334
3,0.0,0.5,1.0,0.0,9,33,10,4,0.15323896047886348,0.2975301591539345,0.7207706431182979,0.7179722016756291,0.561718770147554,0.9116055475593928,0.9112424542131328,0.8049349549879696,0.4695175753552142,0.46629516552782474,0.20248815614062848,0.5843445647456531,0.5832362201059156,0.31666379824114854,0,0.0,inf,0.8243453502655029
3,0.0,0.5,1.0,0.25,0,48,10,4,0.10744485526713084,0.2503622623525198,0.6271893144173493,0.6234648349025875,0.4234981374147421,0.9000920107272863,0.8996771460213145,0.7622414951112423,0.5273655256121379,0.5245044627261932,0.27272244280420976,0.8255305231223697,0.8250587365522001,0.6500663075088151,0.24242424242424243,0.4174058228112282,1.378012884310365,1.2177584171295166
3,0.0,0.5,1.0,0.25,1,36,10,3,0.0979024769706506,0.27122473527414975,0.5854820293532348,0.5813306486218912,0.4077241726980796,0.7916267295012033,0.7909944647108239,0.6144266258107057,0.43777511950272324,0.4343616066250174,0.2126653900055684,0.676923515689911,0.6762649947927467,0.5243675728058969,0.24242424242424243,0.4078152226300374,1.3859444665352512,0.6914498805999756
3,0.0,0.5,1.0,0.25,2,76,10,4,0.13896908143208686,0.2903049195000098,0.7212750356990761,0.7185288097581257,0.5468095630347864,0.9116055475593928,0.9112424542131328,0.8049349549879696,0.4576424525834547,0.45441305055489856,0.19177163693118227,0.5843445647456531,0.5832362201059156,0.31666379824114854,0.24242424242424243,0.401210927526717,1.1752244360497772,2.245591163635254
3,0.0,0.5,1.0,0.25,3,1000,10,4,0.11392713901988594,0.2570259451775372,0.6554003886446447,0.6519833824859512,0.4657159376265282,0.9000920107272863,0.8996771460213145,0.7622414951112423,0.568184475296636,0.5655934657693878,0.3278408135872429,0.8255305231223697,0.8250587365522001,0.6500663075088151,0.24242424242424243,0.38200744914525825,1.1744431499135177,20.755576372146606
3,0.0,0.5,1.0,0.25,4,1000,10,3,0.10548762714760035,0.28604458574883823,0.6219484984321725,0.61816022981414,0.43828416297192746,0.7916267295012033,0.7909944647108239,0.6144266258107057,0.4539639698658185,0.450646523543058,0.2560012079520266,0.676923515689911,0.6762649947927467,0.5243675728058969,0.24242424242424243,0.4110574452779776,1.3848736938501196,19.342827796936035
3,0.0,0.5,1.0,0.25,5,27,10,4,0.13971864898544717,0.29377925828242,0.7005687370643668,0.6976184957615549,0.5355554688424418,0.9116055475593928,0.9112424542131328,0.8049349549879696,0.4576424525834547,0.45441305055489856,0.19177163693118227,0.5843445647456531,0.5832362201059156,0.31666379824114854,0.24242424242424243,0.401210927526717,1.1752244360497772,0.6760718822479248
3,0.0,0.5,1.0,0.25,6,1000,10,4,0.13524741284453728,0.2836239172706402,0.735474658952998,0.7328701669867063,0.5397249336224742,0.9083491277292126,0.907971490705844,0.7934094346634827,0.6090301871102991,0.6067041525915774,0.33006708663239753,0.8174624962315958,0.8169738155354499,0.6216283231336616,0.24242424242424243,0.42147410568463195,1.1593206311511155,19.83137011528015
3,0.0,0.5,1.0,0.25,7,50,10,4,0.13403506053400277,0.2812462903718991,0.729366351907077,0.7267009920366166,0.5426278978927714,0.9083491277292126,0.907971490705844,0.7934094346634827,0.5645220865757182,0.5619304206888569,0.30661167326058275,0.8174624962315958,0.8169738155354499,0.6216283231336616,0.24242424242424243,0.40448611877183305,1.173793870482807,0.8740885257720947
3,0.0,0.5,1.0,0.25,8,47,10,3,0.09295514311803611,0.2628579373427348,0.5647894892348002,0.5604032162566182,0.3861015059158513,0.7921997857472497,0.7915695648752535,0.6162892627615703,0.4510338057174456,0.44767532560213874,0.24353784668306178,0.6705723119966838,0.6699012798556625,0.5090921424894774,0.24242424242424243,0.39798834979557873,1.4465155923732054,1.1774425506591797
3,0.0,0.5,1.0,0.25,9,43,10,4,0.14019641607635663,0.2932251703412887,0.726262342336776,0.7235595417592807,0.5476804471563445,0.897406368541996,0.8969792788487176,0.7526454569778374,0.5858124653202639,0.5833399409451393,0.3319823140883791,0.8281626276133814,0.8276964442337124,0.6590455003918929,0.24242424242424243,0.4110574452779776,1.1635917336125126,1.238790512084961
3,0.0,0.5,1.0,0.5,0,57,10,4,0.1153749408469016,0.26535423502351274,0.6843583814052778,0.6812728391457518,0.496077241713775,0.9137594533047027,0.9134059329538328,0.8127690521941776,0.4123281315757632,0.40886075259638543,0.16128444983606358,0.5879863206256295,0.5868905825581722,0.3229571956914917,0.2920353982300885,0.38262200424362586,0.5334991308875245,1.62147855758667
3,0.0,0.5,1.0,0.5,1,111,10,4,0.11151236163983942,0.2577355007544058,0.6656102733666697,0.6623379999817892,0.48033410678497135,0.9083491277292126,0.907971490705844,0.7934094346634827,0.40236098000445747,0.3988303257446494,0.15388642335463715,0.5788304759989464,0.5777029410434702,0.3072954269871484,0.28695652173913044,0.3768026581714794,0.5367605222488455,3.3853392601013184
3,0.0,0.5,1.0,0.5,2,50,10,4,0.1258305204611908,0.2836512534419935,0.7374479455656313,0.7348979307070928,0.5356269307715805,0.9083491277292126,0.907971490705844,0.7934094346634827,0.5996067615947556,0.5972625777526025,0.30578387718826744,0.8174624962315958,0.8169738155354499,0.6216283231336616,0.3673469387755102,0.4659832246039142,0.5090771293654314,1.4021215438842773
3,0.0,0.5,1.0,0.5,3,34,10,3,0.09290766559016612,0.2866679004185791,0.5856653675944461,0.5815869072767489,0.41464662202142916,0.789789857030486,0.789150994948784,0.6112350182388241,0.3216688253173235,0.3176335860716366,0.11946324222050533,0.3710829725937891,0.3697983388154702,0.1394956227629166,0.32673267326732675,0.42169829403871956,0.6325360066462123,0.9071097373962402
3,0.0,0.5,1.0,0.5,4,111,10,5,0.15024313411329615,0.2918111467131502,0.8237746829174435,0.8220880753142815,0.6642978015870795,1.0,1.0,1.0,0.5784950112090408,0.5760699302801898,0.2688874442895676,0.7303232410180941,0.7294623299636518,0.45744797462502,0.48484848484848486,0.655909090909091,0.39926965342889537,3.3477866649627686
3,0.0,0.5,1.0,0.5,5,114,10,4,0.09526709103007808,0.22016485110680506,0.6105567603636552,0.6067476160211652,0.4164564054140359,0.9083491277292126,0.907971490705844,0.7934094346634827,0.34002701797690227,0.3361303707505581,0.11609245268373215,0.5788304759989464,0.5777029410434702,0.3072954269871484,0.3130434782608696,0.40642145905303795,0.5194306106467799,3.4254965782165527
3,0.0,0.5,1.0,0.5,6,55,10,5,0.15021639964378664,0.29334323795299816,0.8276962754735303,0.8260472004334025,0.6642677597777445,1.0,1.0,1.0,0.5897154061810801,0.5873548805163054,0.27109969140225737,0.7303232410180941,0.7294623299636518,0.45744797462502,0.48484848484848486,0.655909090909091,0.3992696534288954,1.6337823867797852
3,0.0,0.5,1.0,0.5,7,34,10,5,0.15089451888759833,0.29348518543000124,0.8233884068758188,0.8216981023230954,0.6632463382603577,1.0,1.0,1.0,0.5901580688958781,0.5878000900405982,0.2716790894555809,0.7303232410180941,0.7294623299636518,0.45744797462502,0.48484848484848486,0.655909090909091,0.39926965342889537,0.8895828723907471
3,0.0,0.5,1.0,0.5,8,68,10,5,0.14997701565814056,0.29224229104842764,0.8233179544373688,0.82162697560231,0.6604524499922113,1.0,1.0,1.0,0.577943040592935,0.575514783964033,0.26664008214334306,0.7303232410180941,0.7294623299636518,0.45744797462502,0.48484848484848486,0.655909090909091,0.39926965342889537,1.9684386253356934
3,0.0,0.5,1.0,0.5,9,41,10,4,0.12864192469712832,0.2899329054931482,0.7255298796141182,0.7228632576047995,0.5323546467904724,0.9116055475593928,0.9112424542131328,0.8049349549879696,0.455204625021281,0.4520137855784628,0.18552603886495664,0.5843445647456531,0.5832362201059156,0.31666379824114854,0.36363636363636365,0.462000462000462,0.5092573870150682,1.0048320293426514
3,0.0,0.5,1.0,0.75,0,47,10,4,0.10802840477852844,0.2792250364884282,0.6745057024305822,0.671373180928032,0.47015552140066114,0.9000920107272863,0.8996771460213145,0.7622414951112423,0.594067961154027,0.5917167819083936,0.2903469020488452,0.8255305231223697,0.8250587365522001,0.6500663075088151,0.34615384615384615,0.48917695976519504,0.3908017389377121,1.3335356712341309
3,0.0,0.5,1.0,0.75,1,39,10,4,0.10521078804527882,0.27378888904627885,0.6917721158108662,0.6888028876323268,0.4921968564592444,0.8974063685419958,0.8969792788487174,0.7526454569778374,0.43078198312544497,0.4274812223480358,0.16677573562398965,0.5602281539441709,0.5590350821308032,0.2730752262032187,0.3364485981308411,0.4762471722824146,0.39191522212625707,1.084073543548584
3,0.0,0.5,1.0,0.75,2,38,10,5,0.14269883581905776,0.29230395812580007,0.818860369893462,0.8171396675416681,0.6406581981331494,1.0,1.0,1.0,0.5745215851464032,0.5720949980643079,0.25650772582328885,0.7303232410180941,0.7294623299636517,0.45744797462502,0.48484848484848486,0.6562218029694036,0.2857050554256809,0.6655974388122559
3,0.0,0.5,1.0,0.75,3,21,10,5,0.14252812523834935,0.29317194800765484,0.8163890427804936,0.8146448645147166,0.6402632335654665,1.0,1.0,1.0,0.5850485031431412,0.582681953144793,0.259373126132808,0.7303232410180941,0.7294623299636518,0.45744797462502,0.48484848484848486,0.6562218029694036,0.28570505542568103,0.3995785713195801
3,0.0,0.5,1.0,0.75,4,52,10,3,0.07836232033923603,0.2746327544821222,0.6055631533834743,0.6017436617320099,0.42136508741719575,0.7889606460971246,0.7883188157233194,0.6085417084158432,0.32354199580422666,0.31959521602766233,0.12213520748025691,0.369580369309153,0.36829146223863185,0.13669890873660492,0.3333333333333333,0.47873960917439173,0.4783242775081561,1.4503965377807617
3,0.0,0.5,1.0,0.75,5,111,10,4,0.11916294984818879,0.28599133364791246,0.7371634340553127,0.7346377280933707,0.557776504147875,0.9116055475593928,0.9112424542131328,0.8049349549879696,0.4758473551390225,0.4728168887534136,0.2044293110774126,0.5843445647456531,0.5832362201059156,0.31666379824114854,0.3333333333333333,0.47190047190047185,0.3981631635361287,3.384136199951172
3,0.0,0.5,1.0,0.75,6,29,10,5,0.14248770796096988,0.2931350782783446,0.8161323471846711,0.8143857304866462,0.6395644500995661,1.0,1.0,1.0,0.5853753536979313,0.5830106677925814,0.25981260470788764,0.7303232410180941,0.7294623299636517,0.45744797462502,0.48484848484848486,0.6562218029694036,0.2857050554256811,0.7417864799499512
3,0.0,0.5,1.0,0.75,7,33,10,4,0.1196539231556606,0.287268704346539,0.7140074405586972,0.7112602859364437,0.5312804766137406,0.9083491277292126,0.907971490705844,0.7934094346634827,0.5609137989154477,0.5583763394542332,0.2729580015594772,0.8174624962315958,0.8169738155354499,0.6216283231336616,0.336734693877551,0.4810635878597044,0.39712214831529585,0.8162360191345215
3,0.0,0.5,1.0,0.75,8,38,10,5,0.14274883531996896,0.293192582332609,0.8166598684481166,0.8149182628405862,0.6410227808110105,1.0,1.0,1.0,0.5853753536979311,0.5830106677925814,0.25981260470788764,0.7303232410180941,0.7294623299636517,0.45744797462502,0.48484848484848486,0.6562218029694036,0.285705055425681,1.1033554077148438
3,0.0,0.5,1.0,0.75,9,40,10,5,0.1427350494567124,0.29362921882329307,0.8223222647125253,0.8206344479890908,0.6419950012853067,1.0,1.0,1.0,0.5850485031431412,0.582681953144793,0.259373126132808,0.7303232410180941,0.7294623299636518,0.45744797462502,0.48484848484848486,0.6562218029694036,0.2857050554256811,1.1596167087554932
3,0.0,0.5,1.0,1.0,0,57,10,5,0.13480572281255362,0.2905655772200881,0.8020580153719572,0.8001889980823408,0.6139966681615845,1.0,1.0,1.0,0.5790323962364291,0.576648417196071,0.24916998553369465,0.7303232410180941,0.7294623299636518,0.45744797462502,0.48484848484848486,0.5841974587410544,0.36444056075832626,1.5605354309082031
3,0.0,0.5,1.0,1.0,1,130,10,4,0.1091528831676509,0.28990980445982567,0.6829257782934175,0.6799171955417567,0.4810992182150154,0.9116055475593928,0.9112424542131328,0.8049349549879696,0.4644001289777099,0.4613493858985259,0.18144776524023334,0.5843445647456531,0.5832362201059156,0.31666379824114854,0.35353535353535354,0.5735353535353536,0.4981332604710051,3.580327272415161
3,0.0,0.5,1.0,1.0,2,32,10,4,0.1100474721610879,0.2932201556840353,0.6987552139213942,0.6958980738559746,0.48930556592270946,0.9083491277292126,0.907971490705844,0.7934094346634827,0.5819277872440823,0.5795476978671059,0.258562819030027,0.8174624962315958,0.8169738155354499,0.6216283231336616,0.35714285714285715,0.5759795918367348,0.48507666848193215,0.7513463497161865
3,0.0,0.5,1.0,1.0,3,32,10,5,0.13480027564624372,0.290491967452542,0.8013667347993344,0.7994911902671795,0.612033679425974,1.0,1.0,1.0,0.5790323962364291,0.576648417196071,0.24916998553369465,0.7303232410180941,0.7294623299636518,0.45744797462502,0.48484848484848486,0.5841974587410544,0.36444056075832637,0.8833615779876709
3,0.0,0.5,1.0,1.0,4,48,10,5,0.13393913287092027,0.2881523400461992,0.7986789043600767,0.7967779806665883,0.611665619038047,1.0,1.0,1.0,0.5616701454151707,0.5591878423192765,0.24382042616420366,0.7303232410180941,0.7294623299636518,0.45744797462502,0.48484848484848486,0.5841974587410544,0.36444056075832626,1.3931152820587158
3,0.0,0.5,1.0,1.0,5,113,10,4,0.11036138882084014,0.2963167031141623,0.6841398218301266,0.6811402393850227,0.47667237944356844,0.897406368541996,0.8969792788487176,0.7526454569778374,0.5794040290635762,0.5770059478105798,0.26084145145057763,0.8281626276133814,0.8276964442337124,0.6590455003918929,0.33962264150943394,0.5608679245283019,0.4988597600219605,3.3842790126800537
3,0.0,0.5,1.0,1.0,6,57,10,5,0.13425987585605395,0.2903569276198731,0.8013667347993346,0.7994911902671797,0.612033679425974,1.0,1.0,1.0,0.5790323962364292,0.5766484171960711,0.24916998553369465,0.7303232410180941,0.7294623299636518,0.45744797462502,0.48484848484848486,0.5841974587410544,0.36444056075832626,1.17476487159729
3,0.0,0.5,1.0,1.0,7,38,10,5,0.13486044198173627,0.2906667672460611,0.8020580153719574,0.800188998082341,0.6139966681615845,1.0,1.0,1.0,0.5790323962364291,0.576648417196071,0.24916998553369465,0.7303232410180941,0.7294623299636518,0.45744797462502,0.48484848484848486,0.5841974587410544,0.36444056075832626,0.7243802547454834
3,0.0,0.5,1.0,1.0,8,31,10,4,0.11055825352207375,0.29635548478015716,0.6846716227293922,0.6816770905589098,0.4776725712298808,0.897406368541996,0.8969792788487176,0.7526454569778374,0.5789781333246994,0.5765776237731511,0.26026149182048786,0.8281626276133814,0.8276964442337124,0.6590455003918929,0.33962264150943394,0.5608679245283019,0.4988597600219606,0.5641062259674072
3,0.0,0.5,1.0,1.0,9,34,10,4,0.11294902896663489,0.2936446663704213,0.7281430355417013,0.7255646226990158,0.530127077392864,0.9083491277292126,0.907971490705844,0.7934094346634827,0.5819277872440823,0.5795476978671059,0.258562819030027,0.8174624962315958,0.8169738155354499,0.6216283231336616,0.35714285714285715,0.5759795918367348,0.4850766684819321,0.6002953052520752
3,0.0,0.75,0.0,0.0,0,14,3,3,0.2924775573506926,0.2923059650630969,0.7676004897405504,0.7669015261782167,0.6128119238539005,0.8019282820082536,0.8013325861275414,0.6406540834881669,0.4052692392830435,0.4040820054686909,0.18601781799168735,0.39299760652501203,0.3917748685998332,0.16938304041028776,0.8554216867469879,0.9094457831325301,0.003240805416165714,0.1022176742553711
3,0.0,0.75,0.0,0.0,1,25,10,3,0.18523051102851149,0.29005237124319594,0.6692864416660497,0.665456029662198,0.5206168908430283,0.7849276230002521,0.7842712471813089,0.5998687124749003,0.5127915711794835,0.5092846206251442,0.34721797836317814,0.6670370059186,0.6663531018504028,0.5086807911004654,0,0.0,inf,0.39208197593688965
3,0.0,0.75,0.0,0.0,2,109,4,4,0.30756199170358334,0.3073762154095664,0.902462641840836,0.9020594281071008,0.7700580044778049,0.897406368541996,0.8969792788487176,0.7526454569778374,0.8332735078549995,0.8328288887203085,0.6662608393363932,0.8281626276133814,0.8276964442337124,0.6590455003918929,0.9850746268656716,0.990990990990991,2.7518312319903043e-05,2.1599175930023193
3,0.0,0.75,0.0,0.0,3,20,10,3,0.17682389439017424,0.2987037889485726,0.6170166707744581,0.6124319618559425,0.3833495045883223,0.7250071641342934,0.7241254949570672,0.44647024161769056,0.44255493142540814,0.438373235230095,0.20004879074970539,0.5768907032387738,0.5759618527970575,0.3218598099085454,0,0.0,inf,0.3018174171447754
3,0.0,0.75,0.0,0.0,4,20,10,3,0.18580884129808356,0.2933324297094974,0.6652042551431304,0.6613242362558466,0.5173158143176342,0.789789857030486,0.789150994948784,0.6112350182388241,0.328445154526276,0.3236076622886384,0.12379249545967139,0.37108297259378914,0.3697983388154702,0.1394956227629166,0,0.0,inf,0.31697607040405273
3,0.0,0.75,0.0,0.0,5,26,10,3,0.18182448410476462,0.2952681866383984,0.6533555541635513,0.6493436648806119,0.5086917591797616,0.7921997857472497,0.7915695648752535,0.6162892627615703,0.522849608253767,0.5194182875412622,0.3549873530866696,0.6705723119966838,0.6699012798556625,0.5090921424894774,0,0.0,inf,0.5134167671203613
3,0.0,0.75,0.0,0.0,6,25,10,3,0.18731047765647485,0.2951949292340659,0.6801346143186776,0.6764407515639992,0.524219721837749,0.8019282820082536,0.8013325861275414,0.6406540834881669,0.3458097887623042,0.3411181151631242,0.1309775698462504,0.39299760652501203,0.3917748685998332,0.16938304041028776,0,0.0,inf,0.38133835792541504
3,0.0,0.75,0.0,0.0,7,16,4,4,0.3033095950933378,0.3032464954491562,0.908286786541069,0.9079097241974984,0.7915753497024844,0.9083491277292126,0.907971490705844,0.7934094346634827,0.8275657449881184,0.8271091218083314,0.6463279830892504,0.8174624962315958,0.8169738155354499,0.6216283231336616,0.9850746268656716,0.990990990990991,4.11093411040956e-05,0.09271621704101562
3,0.0,0.75,0.0,0.0,8,23,10,4,0.1818946432992242,0.22242314534707053,0.6795344066449541,0.6758217415128958,0.5126195526727925,0.897406368541996,0.8969792788487176,0.7526454569778374,0.5282370821562857,0.5248402282485283,0.3728561151222162,0.8281626276133814,0.8276964442337124,0.6590455003918929,0,0.0,inf,0.3754312992095947
3,0.0,0.75,0.0,0.0,9,21,10,3,0.18644387773166998,0.2921798821377828,0.6674011422458613,0.663545129405414,0.5160938747332253,0.789789857030486,0.789150994948784,0.6112350182388241,0.3282279323634822,0.3233865992615794,0.12243281346183638,0.37108297259378914,0.3697983388154702,0.1394956227629166,0,0.0,inf,0.3340909481048584
3,0.0,0.75,0.0,0.25,0,33,10,3,0.1629074673133057,0.2960201779761228,0.6644711699918147,0.6607748489571883,0.4993525936959101,0.7916267295012033,0.7909944647108239,0.6144266258107057,0.4997914282295529,0.49639295263584815,0.30738630344190615,0.676923515689911,0.6762649947927467,0.5243675728058969,0,0.0,inf,0.6338977813720703
3,0.0,0.75,0.0,0.25,1,24,10,3,0.16148173736801114,0.29528817300617044,0.6502844201459269,0.6464292296158635,0.48361712785591543,0.7921997857472497,0.7915695648752535,0.6162892627615703,0.522431544563035,0.5191842025942116,0.3627879223183943,0.6705723119966838,0.6699012798556625,0.5090921424894774,0,0.0,inf,0.5821635723114014
3,0.0,0.75,0.0,0.25,2,27,4,4,0.3042848217540427,0.30446028467943204,0.9075030477238635,0.9071224809899361,0.7887321917624809,0.9116055475593928,0.9112424542131328,0.8049349549879696,0.5894891945512665,0.5884010899777646,0.323317771505139,0.5843445647456531,0.5832362201059156,0.31666379824114854,0.9850746268656716,0.990990990990991,4.1109341104095276e-05,0.3519268035888672
3,0.0,0.75,0.0,0.25,3,26,10,3,0.1579129644764634,0.28945903424303016,0.6617037362567549,0.6579725112908201,0.49495285366677083,0.7889606460971244,0.7883188157233192,0.6085417084158432,0.5052420919878358,0.50187574560251,0.31995645176536225,0.6729934599358477,0.6723248877323879,0.5180642050574342,0,0.0,inf,0.6520199775695801
3,0.0,0.75,0.0,0.25,4,40,10,3,0.16519058787982885,0.29973679890523935,0.6698621293962156,0.666225197346562,0.5021342679247554,0.7916267295012033,0.7909944647108239,0.6144266258107057,0.5089285511680175,0.5055921542571973,0.3148344513716207,0.676923515689911,0.6762649947927467,0.5243675728058969,0,0.0,inf,1.1216425895690918
3,0.0,0.75,0.0,0.25,5,111,2,2,0.3068011020001426,0.30680110200014254,0.5878399019601795,0.5871126581313231,0.3706193494105449,0.5879077429223252,0.5871790535706989,0.3717161405198315,0.36125751720550614,0.3604629020287074,0.2103606801472888,0.3583049328090519,0.3574951225917129,0.21372048023913012,0.9923664122137404,0.9958938530367101,7.025922392248866e-06,3.241062879562378
3,0.0,0.75,0.0,0.25,6,24,4,3,0.2666416197563837,0.3040502341459027,0.7849609767732114,0.7840509283604128,0.6242363345399347,0.7916267295012033,0.7909944647108239,0.6144266258107057,0.6135603619200488,0.612498837321242,0.3974012736280992,0.676923515689911,0.6762649947927467,0.5243675728058969,0,0.0,inf,0.35071659088134766
3,0.0,0.75,0.0,0.25,7,25,10,3,0.16383821623153494,0.29460506205074477,0.6522069722844018,0.6483709594569912,0.49921828256672723,0.789789857030486,0.789150994948784,0.6112350182388241,0.3415447979514867,0.3370645876633763,0.1241582280548035,0.3710829725937891,0.3697983388154702,0.1394956227629166,0,0.0,inf,0.614933967590332
3,0.0,0.75,0.0,0.25,8,32,10,4,0.1476685322591354,0.21480098822045227,0.6556101649072632,0.6518128706172148,0.4764927770626094,0.9000920107272863,0.8996771460213145,0.7622414951112423,0.5318533093787395,0.528669193474271,0.3580128135754855,0.8255305231223697,0.8250587365522001,0.6500663075088151,0,0.0,inf,0.8808948993682861
3,0.0,0.75,0.0,0.25,9,22,4,4,0.30225652517010054,0.3021997676838216,0.9062134325366954,0.9058270894842647,0.7840181975146335,0.9059896953135614,0.9056014712345598,0.78488266182146,0.5873387821333589,0.5862432727316306,0.31946428176436936,0.5748290461154254,0.5736875181321726,0.30027918183731894,0.9861111111111112,0.991689363782387,2.484556090800766e-05,0.25263500213623047
3,0.0,0.75,0.0,0.5,0,111,10,3,0.14221148047800836,0.2993238249881724,0.6587405221904666,0.6551171453143776,0.4846617443459656,0.7916267295012033,0.7909944647108239,0.6144266258107057,0.48998198172527413,0.48666350276895326,0.27696307959284394,0.676923515689911,0.6762649947927467,0.5243675728058969,0,0.0,inf,2.3092875480651855
3,0.0,0.75,0.0,0.5,1,40,2,2,0.30676087177327976,0.30676087177327976,0.5886439109427256,0.587918508065989,0.3721699660878811,0.5843445647456531,0.5836076786123202,0.3649394192885749,0.8305539068239395,0.8303432824176652,0.8446015258713421,0.8355924525231782,0.8353842128672957,0.8588617959976426,0.9924242424242424,0.9959326415022617,6.965388707697593e-06,0.6121659278869629
3,0.0,0.75,0.0,0.5,2,37,4,4,0.3075619917035833,0.3073762154095664,0.902462641840836,0.9020594281071008,0.7700580044778049,0.897406368541996,0.8969792788487176,0.7526454569778374,0.8332735078549994,0.8328288887203082,0.6662608393363932,0.8281626276133814,0.8276964442337124,0.6590455003918929,0.9850746268656716,0.990990990990991,2.751831231990326e-05,0.522374153137207
3,0.0,0.75,0.0,0.5,3,110,10,3,0.14623166928510498,0.2971878020133297,0.6732560974394924,0.6697945028872555,0.5014161343913608,0.8019282820082536,0.8013325861275414,0.6406540834881669,0.37417937224602527,0.3701183817828041,0.139520473950754,0.39299760652501203,0.3917748685998332,0.16938304041028776,0,0.0,inf,3.2896852493286133
3,0.0,0.75,0.0,0.5,4,22,4,4,0.3075619917035833,0.3073762154095663,0.902462641840836,0.9020594281071008,0.7700580044778049,0.897406368541996,0.8969792788487176,0.7526454569778374,0.8332735078549995,0.8328288887203084,0.6662608393363932,0.8281626276133816,0.8276964442337125,0.6590455003918929,0.9850746268656716,0.990990990990991,2.751831231990326e-05,0.1419057846069336
3,0.0,0.75,0.0,0.5,5,25,4,4,0.30330959509333777,0.30324649544915616,0.908286786541069,0.9079097241974984,0.7915753497024844,0.9083491277292126,0.907971490705844,0.7934094346634827,0.8275657449881185,0.8271091218083316,0.6463279830892504,0.8174624962315958,0.8169738155354499,0.6216283231336616,0.9850746268656716,0.990990990990991,4.110934110409517e-05,0.43730807304382324
3,0.0,0.75,0.0,0.5,6,45,4,4,0.3075619917035833,0.3073762154095664,0.902462641840836,0.9020594281071008,0.7700580044778049,0.897406368541996,0.8969792788487176,0.7526454569778374,0.8332735078549994,0.8328288887203081,0.6662608393363932,0.8281626276133814,0.8276964442337124,0.6590455003918929,0.9850746268656716,0.990990990990991,2.751831231990326e-05,1.2203402519226074
3,0.0,0.75,0.0,0.5,7,32,10,3,0.13899657182898473,0.2868210276664337,0.6484279930940159,0.6446926698364183,0.4939290976849915,0.7849276230002521,0.7842712471813089,0.5998687124749003,0.47051246399468993,0.46706454542140086,0.2804543056359694,0.6670370059186,0.6663531018504028,0.5086807911004654,0,0.0,inf,0.8604271411895752
3,0.0,0.75,0.0,0.5,8,40,10,3,0.1330525658162624,0.289959848751594,0.6106643155825486,0.6064157185306877,0.37147672817029437,0.7481612335885639,0.7473688711868739,0.49755280006294755,0.4160977735370032,0.41216860159161506,0.15139715579761337,0.5810891359137416,0.5801926807359072,0.3179041264978014,0,0.0,inf,1.104295253753662
3,0.0,0.75,0.0,0.5,9,28,4,4,0.3022565251701005,0.3021997676838216,0.9062134325366955,0.9058270894842648,0.7840181975146335,0.9059896953135614,0.9056014712345598,0.78488266182146,0.5873387821333589,0.5862432727316306,0.31946428176436936,0.5748290461154254,0.5736875181321726,0.30027918183731894,0.9861111111111112,0.991689363782387,2.4845560908007117e-05,0.43315672874450684
3,0.0,0.75,0.0,0.75,0,17,4,4,0.3022565251701006,0.30219976768382173,0.9062134325366955,0.9058270894842648,0.7840181975146335,0.9059896953135614,0.9056014712345598,0.78488266182146,0.5873387821333589,0.5862432727316306,0.31946428176436936,0.5748290461154254,0.5736875181321726,0.30027918183731894,0.9861111111111112,0.991689363782387,2.4845560908007117e-05,0.11580371856689453
3,0.0,0.75,0.0,0.75,1,18,4,4,0.30330959509333777,0.30324649544915616,0.908286786541069,0.9079097241974984,0.7915753497024844,0.9083491277292126,0.907971490705844,0.7934094346634827,0.8275657449881184,0.8271091218083314,0.6463279830892504,0.8174624962315958,0.8169738155354499,0.6216283231336616,0.9850746268656716,0.990990990990991,4.1109341104095276e-05,0.08032464981079102
3,0.0,0.75,0.0,0.75,2,109,4,4,0.3075619917035833,0.3073762154095663,0.902462641840836,0.9020594281071008,0.7700580044778049,0.897406368541996,0.8969792788487176,0.7526454569778374,0.8332735078549995,0.8328288887203085,0.6662608393363932,0.8281626276133816,0.8276964442337125,0.6590455003918929,0.9850746268656716,0.990990990990991,2.7518312319902826e-05,2.3187708854675293
3,0.0,0.75,0.0,0.75,3,26,4,4,0.3075619917035833,0.3073762154095664,0.902462641840836,0.9020594281071008,0.7700580044778049,0.897406368541996,0.8969792788487176,0.7526454569778374,0.8332735078549995,0.8328288887203085,0.6662608393363932,0.8281626276133814,0.8276964442337124,0.6590455003918929,0.9850746268656716,0.990990990990991,2.751831231990326e-05,0.39197540283203125
3,0.0,0.75,0.0,0.75,4,38,4,4,0.30428482175404264,0.30446028467943204,0.9075030477238635,0.9071224809899361,0.7887321917624809,0.9116055475593928,0.9112424542131328,0.8049349549879696,0.5894891945512666,0.5884010899777649,0.323317771505139,0.5843445647456531,0.5832362201059156,0.31666379824114854,0.9850746268656716,0.990990990990991,4.110934110409517e-05,0.5580470561981201
3,0.0,0.75,0.0,0.75,5,26,5,5,0.29615108835549186,0.2959491323549751,1.0,1.0,1.0,1.0,1.0,1.0,0.739964857200733,0.7391430675807577,0.476493102656082,0.7303232410180941,0.7294623299636518,0.45744797462502,0.9850746268656716,0.990990990990991,4.2109008270411075e-05,0.41019606590270996
3,0.0,0.75,0.0,0.75,6,42,10,3,0.11916012497558257,0.28546728857617026,0.6380044103833822,0.6342753874556735,0.4591194107785385,0.7849276230002521,0.7842712471813089,0.5998687124749003,0.45761593113140936,0.4542108333932433,0.2637818738467161,0.6372585608267675,0.6365134920042134,0.43702870926961385,0,0.0,inf,0.6971266269683838
3,0.0,0.75,0.0,0.75,7,23,10,3,0.12443076032565459,0.2968141051600345,0.6638731005371666,0.6604148048951783,0.4691297547323222,0.8019282820082536,0.8013325861275414,0.6406540834881669,0.37143655071445136,0.36749626875998076,0.12569938370506048,0.39299760652501203,0.3917748685998332,0.16938304041028776,0,0.0,inf,0.45368480682373047
3,0.0,0.75,0.0,0.75,8,110,2,2,0.30254059460160804,0.3025405946016079,0.5933918153386777,0.5926772493795246,0.3814880303054271,0.5976802337166613,0.5969738544387009,0.39109438552078163,0.35106802469867254,0.3502652674629063,0.19014367174674995,0.3381718605862629,0.3373449913477328,0.17299042327272104,0.9928057553956835,0.9971942446043166,2.982916571742881e-06,2.0941901206970215
3,0.0,0.75,0.0,0.75,9,36,4,4,0.3033095950933377,0.3032464954491562,0.908286786541069,0.9079097241974984,0.7915753497024844,0.9083491277292126,0.907971490705844,0.7934094346634827,0.8275657449881185,0.8271091218083316,0.6463279830892504,0.8174624962315958,0.8169738155354499,0.6216283231336616,0.9850746268656716,0.990990990990991,4.1109341104095276e-05,0.8918147087097168
3,0.0,0.75,0.0,1.0,0,28,10,4,0.13855214694276316,0.2910297184059818,0.74235016828323,0.7398191943644894,0.5645456514901561,0.9116055475593928,0.9112424542131328,0.8049349549879696,0.47872316296586337,0.47563027092273147,0.2027024035419998,0.5843445647456531,0.5832362201059156,0.31666379824114854,0,0.0,inf,0.7152194976806641
3,0.0,0.75,0.0,1.0,1,34,10,4,0.13664485999826778,0.29056503119001015,0.7261814284418407,0.7234916239949963,0.5424183109340602,0.9116055475593928,0.9112424542131328,0.8049349549879696,0.4527788959521355,0.44953206878027585,0.18847359785060336,0.5843445647456531,0.5832362201059156,0.31666379824114854,0,0.0,inf,0.718461275100708
3,0.0,0.75,0.0,1.0,2,46,10,3,0.09865567692175217,0.28537363229623297,0.5585375090201846,0.5540707810686136,0.35512001897223683,0.7548712966501103,0.7541043224033086,0.5123044922655382,0.2904702579930063,0.286108377419315,0.06284198051982792,0.307184590216507,0.3057130460362364,0.02947307308205422,0,0.0,inf,0.851191520690918
3,0.0,0.75,0.0,1.0,3,41,10,4,0.13655474677520557,0.29132401300112326,0.7241416691633927,0.7214318275308073,0.539389907965763,0.9116055475593928,0.9112424542131328,0.8049349549879696,0.45704083226511383,0.4538192924415003,0.18896244025472494,0.5843445647456531,0.5832362201059156,0.31666379824114854,0,0.0,inf,0.7497646808624268
3,0.0,0.75,0.0,1.0,4,23,10,5,0.15795174765823647,0.2931772306154604,0.8289434949068671,0.8272924384460613,0.6890419469610878,1.0,1.0,1.0,0.5955411225111835,0.5931909994058481,0.28452641538156537,0.7303232410180941,0.7294623299636517,0.45744797462502,0,0.0,inf,0.3507084846496582
3,0.0,0.75,0.0,1.0,5,37,10,4,0.13475012770722095,0.2919550936802786,0.6955733244510622,0.6925794876930871,0.5243984601434949,0.9059896953135614,0.9056014712345598,0.78488266182146,0.44553887540025644,0.44224464976018957,0.1843940719224443,0.5748290461154254,0.5736875181321726,0.30027918183731894,0,0.0,inf,0.6620478630065918
3,0.0,0.75,0.0,1.0,6,26,10,4,0.13648284595189028,0.2938717428411875,0.700969516059883,0.6980302177618415,0.5294326394769298,0.9116055475593928,0.9112424542131328,0.8049349549879696,0.4517978866335836,0.4485428045281067,0.18752616771301758,0.5843445647456531,0.5832362201059156,0.31666379824114854,0,0.0,inf,0.5053582191467285
3,0.0,0.75,0.0,1.0,7,64,10,4,0.13504640612087224,0.28077959006668085,0.7032992012281294,0.7003828024002683,0.537403403064415,0.9116055475593928,0.9112424542131328,0.8049349549879696,0.4315268027634115,0.42815135621431866,0.18740398266624184,0.5843445647456531,0.5832362201059156,0.31666379824114854,0,0.0,inf,1.1642303466796875
3,0.0,0.75,0.0,1.0,8,1000,10,4,0.12604059391986516,0.2831392501528667,0.7132239156267314,0.7104108187671141,0.5472447082529771,0.9137594533047027,0.9134059329538328,0.8127690521941776,0.4442743849634778,0.44098271752525214,0.19313542734926764,0.5879863206256295,0.5868905825581722,0.3229571956914917,0,0.0,inf,20.1418776512146
3,0.0,0.75,0.0,1.0,9,32,10,4,0.1275876438209723,0.2801931780000557,0.6940700004494206,0.6910612455594017,0.5092672625940182,0.897406368541996,0.8969792788487176,0.7526454569778374,0.6083260696328247,0.6059988924121219,0.3291760038908698,0.8281626276133814,0.8276964442337124,0.6590455003918929,0,0.0,inf,0.8956201076507568
3,0.0,0.75,0.25,0.0,0,34,10,3,0.16591900917594612,0.2926181517915793,0.6775373419524676,0.6739801959240861,0.5127012018243738,0.7889606460971244,0.7883188157233192,0.6085417084158432,0.5301779023468822,0.5269806013296342,0.3152851432889584,0.6729934599358478,0.672324887732388,0.5180642050574342,0,0.0,inf,0.8529262542724609
3,0.0,0.75,0.25,0.0,1,28,10,3,0.16043265424785264,0.2927646090722171,0.6806037999161283,0.6770923180605352,0.5033640766850274,0.8021489417124285,0.8015540214626932,0.6413806962628472,0.5193457309511511,0.5160882325812007,0.30563925235823297,0.6631635923571185,0.6624852435215407,0.4806777554355714,0,0.0,inf,0.6730763912200928
3,0.0,0.75,0.25,0.0,2,110,10,3,0.15582918367736823,0.29141793886687417,0.6443675179857602,0.6404450987911758,0.4834810800357792,0.7889606460971246,0.7883188157233194,0.6085417084158432,0.3304092788002317,0.3258533865168639,0.11291536056163487,0.369580369309153,0.36829146223863185,0.13669890873660492,0,0.0,inf,2.5362906455993652
3,0.0,0.75,0.25,0.0,3,113,10,3,0.15611620296857426,0.2915529706841873,0.6375899235870942,0.6335942975037284,0.47836834267371764,0.7849276230002521,0.7842712471813089,0.5998687124749003,0.4807416124866252,0.47721026090316093,0.2990431021333181,0.6670370059186,0.6663531018504028,0.5086807911004654,0,0.0,inf,2.7637977600097656
3,0.0,0.75,0.25,0.0,4,30,4,4,0.30330959509333777,0.30324649544915616,0.908286786541069,0.9079097241974984,0.7915753497024844,0.9083491277292126,0.907971490705844,0.7934094346634827,0.8275657449881185,0.8271091218083316,0.6463279830892504,0.8174624962315958,0.8169738155354499,0.6216283231336616,0.9850746268656716,0.990990990990991,4.11093411040956e-05,0.4433867931365967
3,0.0,0.75,0.25,0.0,5,119,10,3,0.158612277965989,0.2918732876211208,0.6447716852943094,0.64085572354209,0.4784624483915285,0.7921997857472497,0.7915695648752535,0.6162892627615703,0.5155803891816467,0.5122864611283541,0.3591077989660005,0.6705723119966838,0.6699012798556625,0.5090921424894774,0,0.0,inf,2.284602165222168
3,0.0,0.75,0.25,0.0,6,30,10,3,0.14646363749380223,0.2717772247826757,0.624596701031196,0.6204516713832461,0.48150131005863916,0.792676458447326,0.7920479364188314,0.6178455857756018,0.3021590260485811,0.2974044948800497,0.10960982579631011,0.37630819673063254,0.37503844305790235,0.14631627595794314,0,0.0,inf,0.7372598648071289
3,0.0,0.75,0.25,0.0,7,37,10,4,0.16006912658920772,0.23091585965096295,0.6835124964893579,0.6800332160449225,0.49841202824095876,0.9116055475593928,0.9112424542131328,0.8049349549879696,0.37569843803524683,0.3714677451499602,0.12729999406888368,0.5843445647456531,0.5832362201059156,0.31666379824114854,0,0.0,inf,0.6842811107635498
3,0.0,0.75,0.25,0.0,8,41,4,4,0.30225652517010054,0.3021997676838218,0.9062134325366954,0.9058270894842647,0.7840181975146335,0.9059896953135614,0.9056014712345598,0.78488266182146,0.5873387821333589,0.5862432727316306,0.31946428176436936,0.5748290461154254,0.5736875181321726,0.30027918183731894,0.9861111111111112,0.991689363782387,2.484556090800766e-05,0.5931127071380615
3,0.0,0.75,0.25,0.0,9,88,10,3,0.15975757817996541,0.29161869101764826,0.663102402538209,0.6593985081262863,0.5005684021073022,0.8021489417124285,0.8015540214626932,0.6413806962628472,0.34690413305022105,0.34247796052038965,0.12572094099281883,0.39339458151409673,0.39217294967754845,0.17010623090404783,0,0.0,inf,1.7511639595031738
3,0.0,0.75,0.25,0.25,0,16,4,4,0.3075619917035833,0.3073762154095664,0.902462641840836,0.9020594281071008,0.7700580044778049,0.897406368541996,0.8969792788487176,0.7526454569778374,0.8332735078549995,0.8328288887203085,0.6662608393363932,0.8281626276133816,0.8276964442337125,0.6590455003918929,0.9850746268656716,0.990990990990991,2.7518312319903043e-05,0.07307577133178711
3,0.0,0.75,0.25,0.25,1,50,10,4,0.13164268931854917,0.21817573052821326,0.6611744955045857,0.657574299524305,0.47611763442308586,0.9037907607564276,0.9033926442098374,0.7752391372397232,0.356913064263528,0.35272497015780635,0.1179760145487532,0.5710951027994496,0.5699404978572171,0.2922549271034125,0.32,0.54776,1.1966893685701991,0.9520139694213867
3,0.0,0.75,0.25,0.25,2,1000,10,3,0.1424575180431899,0.2839914215120193,0.6293591107312471,0.6254209699422243,0.4694280717641247,0.7852802150932446,0.7846251091678986,0.6010060305727019,0.5183269087602916,0.5151901359129126,0.3204597071579473,0.6603075896392546,0.6596101398698013,0.4926820471129652,0.32,0.54776,1.1914621169704485,19.616833209991455
3,0.0,0.75,0.25,0.25,3,107,10,3,0.14238548551957794,0.2955877785211987,0.6420711872617715,0.6382675709928077,0.46815443042237237,0.7921997857472497,0.7915695648752535,0.6162892627615703,0.5135047153123544,0.5103359708932259,0.34274122805465973,0.6705723119966838,0.6699012798556625,0.5090921424894774,0.32,0.54776,1.2116288902029342,3.0667219161987305
3,0.0,0.75,0.25,0.25,4,30,4,4,0.30756199170358317,0.3073762154095662,0.902462641840836,0.9020594281071008,0.7700580044778049,0.897406368541996,0.8969792788487176,0.7526454569778374,0.8332735078549994,0.8328288887203081,0.6662608393363932,0.8281626276133814,0.8276964442337124,0.6590455003918929,0.9850746268656716,0.990990990990991,2.7518312319902935e-05,0.5076687335968018
3,0.0,0.75,0.25,0.25,5,42,4,4,0.2926859041788298,0.2924940346636299,0.9032922516795583,0.9028927793128343,0.7730668342239174,0.9037907607564276,0.9033926442098374,0.7752391372397232,0.5824622892768059,0.5813499290240142,0.3104286934092968,0.5710951027994496,0.5699404978572171,0.2922549271034125,0.9850746268656716,0.990990990990991,2.7586872797032147e-05,0.7373712062835693
3,0.0,0.75,0.25,0.25,6,52,4,4,0.2843088592105316,0.28406081045250714,0.9077861546703494,0.9074068545396607,0.7897360784811976,0.9083491277292126,0.907971490705844,0.7934094346634827,0.5899610729900625,0.5888745916158099,0.32413564590320154,0.5788304759989464,0.5777029410434702,0.3072954269871484,0.9861111111111112,0.991689363782387,2.500223522710135e-05,0.9643285274505615
3,0.0,0.75,0.25,0.25,7,37,10,3,0.14449965169705228,0.29728289958574566,0.6544734031290697,0.6508008573144329,0.48731966981620645,0.7926764584473263,0.7920479364188315,0.6178455857756018,0.4773798134300694,0.47397494911264554,0.2583819539865264,0.6489462238665674,0.6482315250053116,0.4562355416832998,0.32,0.5433149145723996,1.2131748367813155,0.6035823822021484
3,0.0,0.75,0.25,0.25,8,29,10,3,0.1460100886370248,0.29029849418724296,0.6631059502647824,0.6595377932735996,0.4994795242724263,0.8019282820082536,0.8013325861275414,0.6406540834881669,0.36681891479552814,0.36271153005033535,0.13888304604351864,0.39299760652501203,0.3917748685998332,0.16938304041028776,0.32,0.54776,1.2049787116859303,0.5075709819793701
3,0.0,0.75,0.25,0.25,9,30,10,3,0.1357147087812266,0.29054711905859276,0.6287847200958052,0.6248333886362097,0.4514541812023963,0.7889606460971246,0.7883188157233194,0.6085417084158432,0.33344393785672344,0.3290936091946373,0.10892407267889437,0.369580369309153,0.36829146223863185,0.13669890873660492,0.32,0.5201951309735741,1.2140282909557596,0.6569185256958008
3,0.0,0.75,0.25,0.5,0,110,4,4,0.2843088592105316,0.2840608104525071,0.9077861546703496,0.9074068545396609,0.7897360784811976,0.9083491277292126,0.907971490705844,0.7934094346634827,0.5899610729900625,0.5888745916158099,0.32413564590320154,0.5788304759989464,0.5777029410434702,0.3072954269871484,0.9861111111111112,0.991689363782387,2.500223522710135e-05,2.051245927810669
3,0.0,0.75,0.25,0.5,1,111,10,3,0.1266614303268331,0.290962486209851,0.6538140328941395,0.6502370582061457,0.49740134126188273,0.789789857030486,0.789150994948784,0.6112350182388241,0.35730121841732565,0.3532515040585512,0.14276107274626254,0.3710829725937891,0.3697983388154702,0.1394956227629166,0.32,0.4902862045719188,0.8042481199744675,2.1581056118011475
3,0.0,0.75,0.25,0.5,2,82,2,2,0.3068011020001426,0.30680110200014254,0.5878399019601795,0.5871126581313231,0.3706193494105449,0.5879077429223252,0.5871790535706989,0.3717161405198315,0.36125751720550614,0.3604629020287074,0.2103606801472888,0.3583049328090519,0.3574951225917129,0.21372048023913012,0.9923664122137404,0.9958938530367101,7.025922392248866e-06,1.7961320877075195
3,0.0,0.75,0.25,0.5,3,72,4,4,0.2926859041788298,0.2924940346636297,0.9032922516795583,0.9028927793128343,0.7730668342239174,0.9037907607564276,0.9033926442098374,0.7752391372397232,0.5824622892768059,0.5813499290240142,0.3104286934092968,0.5710951027994496,0.5699404978572171,0.2922549271034125,0.9850746268656716,0.990990990990991,2.7586872797032147e-05,1.2526774406433105
3,0.0,0.75,0.25,0.5,4,32,10,3,0.12327853979494813,0.2919472538369556,0.6460180448476637,0.6423617226528651,0.4926410011627481,0.7849276230002521,0.7842712471813089,0.5998687124749003,0.4745082608872837,0.4711983962296414,0.3057562234183166,0.6670370059186,0.6663531018504028,0.5086807911004654,0.32,0.4902862045719188,0.8062687395975492,0.5931236743927002
3,0.0,0.75,0.25,0.5,5,56,10,3,0.12588429144791818,0.2924316846548497,0.668215746475391,0.6648005881849705,0.5010933595283624,0.8021489417124285,0.8015540214626932,0.6413806962628472,0.37485487827833447,0.37093387389219035,0.14605029508173953,0.39339458151409673,0.39217294967754845,0.17010623090404783,0.32,0.4902862045719188,0.820756825336521,1.040048360824585
3,0.0,0.75,0.25,0.5,6,19,5,5,0.2961510883554918,0.29594913235497505,1.0,1.0,1.0,1.0,1.0,1.0,0.739964857200733,0.7391430675807577,0.476493102656082,0.7303232410180941,0.7294623299636518,0.45744797462502,0.9850746268656716,0.990990990990991,4.210900827041064e-05,0.232757568359375
3,0.0,0.75,0.25,0.5,7,28,10,3,0.11650050527528658,0.26780276572004286,0.6206164873132501,0.616673957216428,0.45003374672235325,0.7921997857472497,0.7915695648752535,0.6162892627615703,0.5123174615328847,0.5092231415485929,0.29276361571898296,0.6705723119966838,0.6699012798556625,0.5090921424894774,0.32,0.4902862045719188,0.8359297459568406,0.4901418685913086
3,0.0,0.75,0.25,0.5,8,59,4,4,0.2869099494121843,0.286554804443487,0.9019138104143678,0.901508118740358,0.76805910791063,0.8974063685419958,0.8969792788487174,0.7526454569778374,0.5801585390045755,0.5790381841833446,0.30625770311642325,0.5602281539441709,0.5590350821308032,0.2730752262032187,0.9928057553956835,0.9971942446043166,4.98225090437383e-06,1.2619941234588623
3,0.0,0.75,0.25,0.5,9,40,4,4,0.2869099494121842,0.286554804443487,0.9019138104143678,0.901508118740358,0.76805910791063,0.8974063685419958,0.8969792788487174,0.7526454569778374,0.5801585390045755,0.5790381841833446,0.30625770311642325,0.5602281539441709,0.5590350821308032,0.2730752262032187,0.9928057553956835,0.9971942446043166,4.98225090437383e-06,0.6733250617980957
3,0.0,0.75,0.25,0.75,0,26,4,4,0.3042848217540426,0.30446028467943204,0.9075030477238635,0.9071224809899361,0.7887321917624809,0.9116055475593928,0.9112424542131328,0.8049349549879696,0.5894891945512666,0.5884010899777649,0.323317771505139,0.5843445647456531,0.5832362201059156,0.31666379824114854,0.9850746268656716,0.990990990990991,4.110934110409517e-05,0.41577982902526855
3,0.0,0.75,0.25,0.75,1,109,4,4,0.3022565251701006,0.3021997676838218,0.9062134325366954,0.9058270894842647,0.7840181975146335,0.9059896953135614,0.9056014712345598,0.78488266182146,0.5873387821333589,0.5862432727316306,0.31946428176436936,0.5748290461154255,0.5736875181321727,0.30027918183731894,0.9861111111111112,0.991689363782387,2.484556090800766e-05,2.003249406814575
3,0.0,0.75,0.25,0.75,2,60,10,3,0.11015028837258757,0.2898885794562765,0.6411707296051229,0.6375532625859207,0.45555456899526336,0.7921997857472497,0.7915695648752535,0.6162892627615703,0.5169784832499039,0.5140224036967219,0.31742517156289585,0.6705723119966838,0.6699012798556625,0.5090921424894774,0.32,0.42147410568463195,0.9693202155588323,1.4540214538574219
3,0.0,0.75,0.25,0.75,3,53,4,4,0.2869099494121843,0.286554804443487,0.9019138104143678,0.901508118740358,0.76805910791063,0.8974063685419958,0.8969792788487174,0.7526454569778374,0.5801585390045755,0.5790381841833446,0.30625770311642325,0.5602281539441709,0.5590350821308032,0.2730752262032187,0.9928057553956835,0.9971942446043166,4.98225090437383e-06,1.5162017345428467
3,0.0,0.75,0.25,0.75,4,53,5,5,0.2961510883554918,0.2959491323549751,1.0,1.0,1.0,1.0,1.0,1.0,0.739964857200733,0.7391430675807577,0.476493102656082,0.7303232410180941,0.7294623299636517,0.45744797462502,0.9850746268656716,0.990990990990991,4.2109008270411075e-05,1.4093387126922607
3,0.0,0.75,0.25,0.75,5,16,5,5,0.29615108835549186,0.2959491323549751,1.0,1.0,1.0,1.0,1.0,1.0,0.739964857200733,0.7391430675807577,0.476493102656082,0.7303232410180941,0.7294623299636517,0.45744797462502,0.9850746268656716,0.990990990990991,4.210900827041064e-05,0.13234996795654297
3,0.0,0.75,0.25,0.75,6,23,5,5,0.2961510883554919,0.2959491323549752,1.0,1.0,1.0,1.0,1.0,1.0,0.739964857200733,0.7391430675807577,0.476493102656082,0.7303232410180941,0.7294623299636518,0.45744797462502,0.9850746268656716,0.990990990990991,4.210900827041064e-05,0.49234676361083984
3,0.0,0.75,0.25,0.75,7,86,2,2,0.3068011020001426,0.30680110200014254,0.5878399019601795,0.5871126581313231,0.3706193494105449,0.5879077429223252,0.5871790535706989,0.3717161405198315,0.36125751720550614,0.3604629020287074,0.2103606801472888,0.3583049328090519,0.3574951225917129,0.21372048023913012,0.9923664122137404,0.9958938530367101,7.025922392248866e-06,1.8707435131072998
3,0.0,0.75,0.25,0.75,8,34,4,4,0.3075619917035833,0.3073762154095663,0.902462641840836,0.9020594281071008,0.7700580044778049,0.897406368541996,0.8969792788487176,0.7526454569778374,0.8332735078549994,0.8328288887203081,0.6662608393363932,0.8281626276133816,0.8276964442337125,0.6590455003918929,0.9850746268656716,0.990990990990991,2.7518312319902935e-05,0.5660371780395508
3,0.0,0.75,0.25,0.75,9,65,10,3,0.1075623897801628,0.29171007505004876,0.6419467476548515,0.6383460787557688,0.45316517304024145,0.8021489417124285,0.8015540214626932,0.6413806962628472,0.3522264272600891,0.3482739597652952,0.12410790600317369,0.39339458151409673,0.39217294967754845,0.17010623090404783,0.32,0.42147410568463195,0.9758995098179948,1.2068169116973877
3,0.0,0.75,0.25,1.0,0,35,10,5,0.14913727583056438,0.29202753886102417,0.8243397847993719,0.8226603643286965,0.6621569773564501,1.0,1.0,1.0,0.5794542412198667,0.5770376709383996,0.2678184224615741,0.7303232410180941,0.7294623299636518,0.45744797462502,0.24242424242424243,0.364000364000364,0.9289553351720339,0.6213207244873047
3,0.0,0.75,0.25,1.0,1,69,10,4,0.12706165491851906,0.2932161863025224,0.705231643540453,0.7023742841321969,0.5174448880336276,0.9116055475593928,0.9112424542131328,0.8049349549879696,0.45997735313532995,0.4568229194136159,0.18468245473918876,0.5843445647456531,0.5832362201059156,0.31666379824114854,0.24242424242424243,0.364000364000364,1.1736425839157583,1.93845796585083
3,0.0,0.75,0.25,1.0,2,111,10,4,0.11628156051544557,0.28301282351710005,0.6984120267793388,0.6954850095422924,0.5198363533094678,0.9037907607564276,0.9033926442098374,0.7752391372397232,0.45289020378454964,0.44968973121965267,0.1867570876428087,0.5710951027994496,0.5699404978572171,0.2922549271034125,0.24242424242424243,0.364000364000364,1.166353448317223,4.3394880294799805
3,0.0,0.75,0.25,1.0,3,1000,10,3,0.09079266458704476,0.2837363278282259,0.6158861712425523,0.6121213874895605,0.4218443798168446,0.7916267295012033,0.7909944647108239,0.6144266258107057,0.4546310215918779,0.4514032646113043,0.23198347347004453,0.676923515689911,0.6762649947927467,0.5243675728058969,0.24242424242424243,0.364000364000364,1.384879138234818,19.206316471099854
3,0.0,0.75,0.25,1.0,4,112,10,4,0.12426458393006456,0.2879240285760666,0.6812902235620637,0.6781980658332467,0.5062458751582305,0.9116055475593928,0.9112424542131328,0.8049349549879696,0.4365073666050401,0.4332123861466312,0.1789002698720552,0.5843445647456531,0.5832362201059156,0.31666379824114854,0.24242424242424243,0.364000364000364,1.1837744767105158,3.377894639968872
3,0.0,0.75,0.25,1.0,5,39,10,4,0.12710608036702867,0.2894453421349611,0.7198585166077481,0.71714294390236,0.5310597759016781,0.9116055475593928,0.9112424542131328,0.8049349549879696,0.45569962322238294,0.4525202020014073,0.18652006612552469,0.5843445647456531,0.5832362201059156,0.31666379824114854,0.24242424242424243,0.364000364000364,1.1736425839157583,1.0857291221618652
3,0.0,0.75,0.25,1.0,6,58,10,4,0.12637379401154306,0.29277119416803676,0.6963379605669587,0.6933968637900233,0.51613691475412,0.9116055475593928,0.9112424542131328,0.8049349549879696,0.4590819293584585,0.4559254592878058,0.18738136905101951,0.5843445647456531,0.5832362201059156,0.31666379824114854,0.24242424242424243,0.364000364000364,1.1682988720011884,1.6497540473937988
3,0.0,0.75,0.25,1.0,7,22,10,4,0.12729282794185956,0.2916211364019386,0.7113918803640166,0.7085890522806211,0.5320772377173933,0.897406368541996,0.8969792788487176,0.7526454569778374,0.5713535568946237,0.5688441548036456,0.2981685346283744,0.8281626276133816,0.8276964442337125,0.6590455003918929,0.24242424242424243,0.364000364000364,1.1644482529110314,0.5187628269195557
3,0.0,0.75,0.25,1.0,8,37,10,4,0.12920818429637237,0.2904004374371675,0.7193435728403559,0.7166238242434313,0.5532351044492081,0.9059896953135614,0.9056014712345598,0.78488266182146,0.4533699260365474,0.45017805678292283,0.19970772054458621,0.5748290461154254,0.5736875181321726,0.30027918183731894,0.24242424242424243,0.364000364000364,1.1701195673377087,0.9074456691741943
3,0.0,0.75,0.25,1.0,9,36,10,5,0.13305083982576582,0.26655072209039843,0.7491239655276271,0.7466983808962129,0.5432416026600624,1.0,1.0,1.0,0.5969702525418527,0.5946233268041814,0.2950576249414157,0.7303232410180941,0.7294623299636518,0.45744797462502,0.24242424242424243,0.364000364000364,1.143586125281388,0.9950523376464844
3,0.0,0.75,0.5,0.0,0,18,4,4,0.2926859041788298,0.2924940346636299,0.9032922516795583,0.9028927793128343,0.7730668342239174,0.9037907607564276,0.9033926442098374,0.7752391372397232,0.5824622892768059,0.5813499290240142,0.3104286934092968,0.5710951027994496,0.5699404978572171,0.2922549271034125,0.9850746268656716,0.990990990990991,2.7586872797032147e-05,0.0767052173614502
3,0.0,0.75,0.5,0.0,1,55,4,4,0.3022565251701005,0.3021997676838216,0.9062134325366955,0.9058270894842648,0.7840181975146335,0.9059896953135614,0.9056014712345598,0.78488266182146,0.5873387821333589,0.5862432727316306,0.31946428176436936,0.5748290461154254,0.5736875181321726,0.30027918183731894,0.9861111111111112,0.991689363782387,2.484556090800766e-05,1.474179744720459
3,0.0,0.75,0.5,0.0,2,25,10,4,0.1466160676560074,0.24605600832414118,0.6720146134799049,0.6685296216328603,0.48173943704964817,0.897406368541996,0.8969792788487176,0.7526454569778374,0.5175336760574372,0.514391641868415,0.32490652125968894,0.8281626276133814,0.8276964442337124,0.6590455003918929,0,0.0,inf,0.5570769309997559
3,0.0,0.75,0.5,0.0,3,29,10,3,0.14329437960591115,0.2924466511398904,0.6380389081051122,0.6341898750389792,0.46844318591865014,0.7852802150932446,0.7846251091678986,0.6010060305727019,0.5122701900119079,0.5090908182926343,0.3435654173377219,0.6603075896392546,0.6596101398698013,0.4926820471129652,0,0.0,inf,0.7301692962646484
3,0.0,0.75,0.5,0.0,4,37,4,3,0.24904272911829842,0.29974266159524954,0.7412155106922423,0.7401290320105346,0.5888742992044402,0.7889606460971244,0.7883188157233192,0.6085417084158432,0.6029129160360168,0.6018330308441828,0.3698513819438109,0.6729934599358478,0.672324887732388,0.5180642050574342,0,0.0,inf,0.3635437488555908
3,0.0,0.75,0.5,0.0,5,48,5,5,0.2961510883554918,0.2959491323549751,1.0,1.0,1.0,1.0,1.0,1.0,0.739964857200733,0.7391430675807577,0.476493102656082,0.7303232410180941,0.7294623299636518,0.45744797462502,0.9850746268656716,0.990990990990991,4.210900827041064e-05,1.1510579586029053
3,0.0,0.75,0.5,0.0,6,37,10,4,0.14150400613114003,0.2306236856318569,0.6676167859234767,0.6640835179151439,0.47587927074494735,0.9116055475593928,0.9112424542131328,0.8049349549879696,0.3726643372080526,0.36857668366886287,0.11947420372719454,0.5843445647456531,0.5832362201059156,0.31666379824114854,0,0.0,inf,0.9059281349182129
3,0.0,0.75,0.5,0.0,7,49,10,3,0.14571337044828453,0.2947036223298541,0.6831814962185436,0.6798239428057191,0.5081041842796669,0.8021489417124285,0.8015540214626932,0.6413806962628472,0.5196706588942265,0.5165525074154868,0.27677181321585115,0.6631635923571185,0.6624852435215407,0.4806777554355714,0,0.0,inf,0.9255101680755615
3,0.0,0.75,0.5,0.0,8,51,4,4,0.30225652517010054,0.30219976768382173,0.9062134325366955,0.9058270894842648,0.7840181975146335,0.9059896953135614,0.9056014712345598,0.78488266182146,0.5873387821333589,0.5862432727316306,0.31946428176436936,0.5748290461154255,0.5736875181321727,0.30027918183731894,0.9861111111111112,0.991689363782387,2.484556090800755e-05,0.9962794780731201
3,0.0,0.75,0.5,0.0,9,111,10,3,0.13590223983107838,0.2910810708302028,0.6376399897292601,0.6337880652710833,0.46788964454186327,0.7889606460971246,0.7883188157233194,0.6085417084158432,0.3356734159560159,0.3313447334443924,0.11398602823407045,0.369580369309153,0.36829146223863185,0.13669890873660492,0,0.0,inf,3.3179855346679688
3,0.0,0.75,0.5,0.25,0,40,2,2,0.3008090782574572,0.30080907825745745,0.5916192536088873,0.59090064872952,0.37797664007241627,0.5960908120545209,0.5953808212273226,0.38786077858471907,0.3619366914575412,0.36114595767768487,0.21102260030291872,0.3630009071665581,0.3622037553645316,0.22135304847415632,0.9926470588235294,0.9960820771631582,6.745289484540997e-06,1.0208990573883057
3,0.0,0.75,0.5,0.25,1,73,4,4,0.2913748138964655,0.2912005202031931,0.9090437908389912,0.9086701087019787,0.7943429996270311,0.9137594533047027,0.9134059329538328,0.8127690521941776,0.5920564220257112,0.5909771353447553,0.3278765860803966,0.5879863206256295,0.5868905825581722,0.3229571956914917,0.9850746268656716,0.990990990990991,4.110934110409517e-05,1.981626033782959
3,0.0,0.75,0.5,0.25,2,87,4,4,0.3042848217540427,0.30446028467943204,0.9075030477238635,0.9071224809899361,0.7887321917624809,0.9116055475593928,0.9112424542131328,0.8049349549879696,0.5894891945512666,0.5884010899777649,0.323317771505139,0.5843445647456531,0.5832362201059156,0.31666379824114854,0.9850746268656716,0.990990990990991,4.110934110409517e-05,2.4397566318511963
3,0.0,0.75,0.5,0.25,3,60,5,5,0.2961510883554918,0.29594913235497505,1.0,1.0,1.0,1.0,1.0,1.0,0.739964857200733,0.7391430675807577,0.476493102656082,0.7303232410180941,0.7294623299636518,0.45744797462502,0.9850746268656716,0.990990990990991,4.210900827041064e-05,1.613196611404419
3,0.0,0.75,0.5,0.25,4,40,4,4,0.2878514609258369,0.287719889790186,0.9069960203513316,0.9066131841674229,0.7868715044443074,0.9116055475593928,0.9112424542131328,0.8049349549879696,0.5886439109427256,0.5875528978883743,0.32179929612451813,0.5843445647456531,0.5832362201059156,0.31666379824114854,0.9861111111111112,0.991689363782387,2.492293167061059e-05,1.0103809833526611
3,0.0,0.75,0.5,0.25,5,29,4,4,0.28430885921053173,0.284060810452507,0.9077861546703496,0.9074068545396609,0.7897360784811976,0.9083491277292126,0.907971490705844,0.7934094346634827,0.5899610729900625,0.5888745916158099,0.32413564590320154,0.5788304759989464,0.5777029410434702,0.3072954269871484,0.9861111111111112,0.991689363782387,2.5002235227100916e-05,0.6430399417877197
3,0.0,0.75,0.5,0.25,6,50,2,2,0.3008090782574572,0.30080907825745745,0.5916192536088873,0.59090064872952,0.37797664007241627,0.5960908120545209,0.5953808212273226,0.38786077858471907,0.3619366914575412,0.36114595767768487,0.21102260030291872,0.3630009071665581,0.3622037553645316,0.22135304847415632,0.9926470588235294,0.9960820771631582,6.745289484540997e-06,1.1706669330596924
3,0.0,0.75,0.5,0.25,7,36,2,2,0.29845323867529133,0.2984532386752915,0.5923035749787092,0.5915865303510878,0.37932760189374876,0.5936479709519707,0.5929324165216566,0.3829540138806239,0.34926995282480183,0.3484640814213256,0.18697208993064182,0.3313580831174686,0.33051922751079077,0.16087386817347216,0.9927007299270073,0.996118069288801,6.6955267664262985e-06,0.8584156036376953
3,0.0,0.75,0.5,0.25,8,37,2,2,0.30254059460160804,0.3025405946016079,0.5933918153386777,0.5926772493795246,0.3814880303054271,0.5976802337166613,0.5969738544387009,0.39109438552078163,0.35106802469867254,0.3502652674629063,0.19014367174674995,0.3381718605862629,0.3373449913477328,0.17299042327272104,0.9928057553956835,0.9971942446043166,2.982916571742881e-06,0.9557034969329834
3,0.0,0.75,0.5,0.25,9,110,4,4,0.28999564489917856,0.28967696566936396,0.9041296431413824,0.9037339420232676,0.7760883163884392,0.9000920107272863,0.8996771460213145,0.7622414951112423,0.8316380064779839,0.8311899265252473,0.6606232811996562,0.8255305231223697,0.8250587365522001,0.6500663075088151,0.9850746268656716,0.990990990990991,2.7657088559506675e-05,3.2160451412200928
3,0.0,0.75,0.5,0.5,0,26,5,5,0.2961510883554918,0.29594913235497505,1.0,1.0,1.0,1.0,1.0,1.0,0.739964857200733,0.7391430675807577,0.476493102656082,0.7303232410180941,0.7294623299636518,0.45744797462502,0.9850746268656716,0.990990990990991,4.210900827041064e-05,0.5823771953582764
3,0.0,0.75,0.5,0.5,1,38,5,5,0.2961510883554918,0.29594913235497505,1.0,1.0,1.0,1.0,1.0,1.0,0.739964857200733,0.7391430675807577,0.476493102656082,0.7303232410180941,0.7294623299636518,0.45744797462502,0.9850746268656716,0.990990990990991,4.210900827041064e-05,0.9920909404754639
3,0.0,0.75,0.5,0.5,2,33,4,4,0.2926859041788298,0.2924940346636299,0.9032922516795583,0.9028927793128343,0.7730668342239174,0.9037907607564276,0.9033926442098374,0.7752391372397232,0.5824622892768059,0.5813499290240142,0.3104286934092968,0.5710951027994496,0.5699404978572171,0.2922549271034125,0.9850746268656716,0.990990990990991,2.7586872797032147e-05,0.7987539768218994
3,0.0,0.75,0.5,0.5,3,55,10,3,0.10447289143847746,0.2665877460118346,0.6065152230359252,0.6025026451488936,0.43495253112201393,0.7921997857472497,0.7915695648752535,0.6162892627615703,0.49280604085497276,0.4896591153455009,0.2923117057547191,0.6705723119966838,0.6699012798556625,0.5090921424894774,0.57,0.6666354790419161,0.21378547487868926,1.562197208404541
3,0.0,0.75,0.5,0.5,4,98,4,4,0.30225652517010054,0.3021997676838216,0.9062134325366954,0.9058270894842647,0.7840181975146335,0.9059896953135614,0.9056014712345598,0.78488266182146,0.5873387821333589,0.5862432727316306,0.31946428176436936,0.5748290461154254,0.5736875181321726,0.30027918183731894,0.9861111111111112,0.991689363782387,2.4845560908007876e-05,2.775686264038086
3,0.0,0.75,0.5,0.5,5,110,4,4,0.28785146092583686,0.287719889790186,0.9069960203513316,0.9066131841674229,0.7868715044443074,0.9116055475593928,0.9112424542131328,0.8049349549879696,0.5886439109427256,0.5875528978883743,0.32179929612451813,0.5843445647456531,0.5832362201059156,0.31666379824114854,0.9861111111111112,0.991689363782387,2.4922931670610373e-05,3.186946392059326
3,0.0,0.75,0.5,0.5,6,41,10,3,0.10458090531862328,0.2660654406181727,0.6069634015594971,0.6029539992219536,0.43017223556543915,0.7921997857472497,0.7915695648752535,0.6162892627615703,0.4731721678894157,0.4699020397885475,0.2944635162265822,0.6705723119966838,0.6699012798556625,0.5090921424894774,0.48,0.5818322868433173,0.22967173764692847,1.0085499286651611
3,0.0,0.75,0.5,0.5,7,70,10,3,0.11143137937044689,0.2993749308120765,0.6339698816454805,0.6301737513674334,0.40017441767118916,0.7548712966501103,0.7541043224033087,0.5123044922655382,0.3406242976882251,0.3364478000396214,0.06538791112340632,0.307184590216507,0.3057130460362364,0.02947307308205422,0.625,0.7197144173192077,0.1994822123502632,1.8097467422485352
3,0.0,0.75,0.5,0.5,8,27,4,4,0.2869099494121843,0.2865548044434872,0.9019138104143678,0.901508118740358,0.76805910791063,0.8974063685419958,0.8969792788487174,0.7526454569778374,0.5801585390045755,0.5790381841833446,0.30625770311642325,0.5602281539441709,0.5590350821308032,0.2730752262032187,0.9928057553956835,0.9971942446043166,4.98225090437383e-06,0.46746301651000977
3,0.0,0.75,0.5,0.5,9,110,10,3,0.11301869773294387,0.28947898385543347,0.6685215024749838,0.6651768891553237,0.5128661448571639,0.7849276230002521,0.7842712471813089,0.5998687124749003,0.4572100315750532,0.45388477156024876,0.22376535998297953,0.6670370059186,0.6663531018504028,0.5086807911004654,0.5888888888888889,0.6839768738385298,0.2011999850199423,2.53410005569458
3,0.0,0.75,0.5,0.75,0,38,4,4,0.3033095950933377,0.3032464954491562,0.908286786541069,0.9079097241974984,0.7915753497024844,0.9083491277292126,0.907971490705844,0.7934094346634827,0.8275657449881185,0.8271091218083316,0.6463279830892504,0.8174624962315958,0.8169738155354499,0.6216283231336616,0.9850746268656716,0.990990990990991,4.1109341104095276e-05,0.652195930480957
3,0.0,0.75,0.5,0.75,1,55,4,4,0.2913748138964657,0.291200520203193,0.9090437908389912,0.9086701087019787,0.7943429996270311,0.9137594533047027,0.9134059329538328,0.8127690521941776,0.5920564220257112,0.5909771353447553,0.3278765860803966,0.5879863206256295,0.5868905825581722,0.3229571956914917,0.9850746268656716,0.990990990990991,4.110934110409517e-05,0.9592361450195312
3,0.0,0.75,0.5,0.75,2,46,4,4,0.30225652517010054,0.3021997676838216,0.9062134325366954,0.9058270894842647,0.7840181975146335,0.9059896953135614,0.9056014712345598,0.78488266182146,0.5873387821333589,0.5862432727316306,0.31946428176436936,0.5748290461154254,0.5736875181321726,0.30027918183731894,0.9861111111111112,0.991689363782387,2.4845560908007876e-05,0.9837031364440918
3,0.0,0.75,0.5,0.75,3,45,4,4,0.2926859041788298,0.2924940346636297,0.9032922516795583,0.9028927793128343,0.7730668342239174,0.9037907607564276,0.9033926442098374,0.7752391372397232,0.5824622892768059,0.5813499290240142,0.3104286934092968,0.5710951027994496,0.5699404978572171,0.2922549271034125,0.9850746268656716,0.990990990990991,2.758687279703258e-05,1.2291455268859863
3,0.0,0.75,0.5,0.75,4,60,5,5,0.2961510883554917,0.2959491323549751,1.0,1.0,1.0,1.0,1.0,1.0,0.7399648572007331,0.7391430675807578,0.476493102656082,0.7303232410180941,0.7294623299636518,0.45744797462502,0.9850746268656716,0.990990990990991,4.210900827041064e-05,1.375260829925537
3,0.0,0.75,0.5,0.75,5,46,10,3,0.0997007401402115,0.2968643779427715,0.6362425941029136,0.6325502044669785,0.4143190324328423,0.7548712966501103,0.7541043224033087,0.5123044922655382,0.3670839359677173,0.3631767106989132,0.09315150613033583,0.307184590216507,0.3057130460362364,0.02947307308205422,0.6,0.7392007392007393,0.179622032303205,0.8596823215484619
3,0.0,0.75,0.5,0.75,6,84,4,4,0.28999564489917856,0.2896769656693638,0.9041296431413824,0.9037339420232676,0.7760883163884392,0.9000920107272863,0.8996771460213145,0.7622414951112423,0.8316380064779839,0.8311899265252473,0.6606232811996562,0.8255305231223697,0.8250587365522001,0.6500663075088151,0.9850746268656716,0.990990990990991,2.7657088559506892e-05,1.6679744720458984
3,0.0,0.75,0.5,0.75,7,109,5,5,0.2961510883554918,0.2959491323549751,1.0,1.0,1.0,1.0,1.0,1.0,0.7399648572007331,0.7391430675807578,0.476493102656082,0.7303232410180941,0.7294623299636518,0.45744797462502,0.9850746268656716,0.990990990990991,4.210900827041064e-05,2.3977770805358887
3,0.0,0.75,0.5,0.75,8,48,4,4,0.2843088592105316,0.28406081045250703,0.9077861546703496,0.9074068545396609,0.7897360784811976,0.9083491277292126,0.907971490705844,0.7934094346634827,0.5899610729900625,0.5888745916158099,0.32413564590320154,0.5788304759989464,0.5777029410434702,0.3072954269871484,0.9861111111111112,0.991689363782387,2.500223522710135e-05,0.8390522003173828
3,0.0,0.75,0.5,0.75,9,108,4,4,0.30428482175404264,0.3044602846794321,0.9075030477238635,0.9071224809899361,0.7887321917624809,0.9116055475593928,0.9112424542131328,0.8049349549879696,0.5894891945512665,0.5884010899777646,0.323317771505139,0.5843445647456531,0.5832362201059156,0.31666379824114854,0.9850746268656716,0.990990990990991,4.1109341104095276e-05,2.0061898231506348
3,0.0,0.75,0.5,1.0,0,40,10,5,0.14191813444342719,0.2934645863411079,0.8160463732980542,0.8143003107069634,0.6384815341057388,1.0,1.0,1.0,0.5848732070131756,0.582507830914752,0.25854160837254325,0.7303232410180941,0.7294623299636518,0.45744797462502,0.48484848484848486,0.6492979465952439,0.283439688489929,0.6862506866455078
3,0.0,0.75,0.5,1.0,1,53,10,5,0.1416732391241879,0.2923128412622047,0.8182752752613954,0.8165503691019944,0.638192556598766,1.0,1.0,1.0,0.5740215944219883,0.5715943862628879,0.2552362944523943,0.7303232410180941,0.7294623299636517,0.45744797462502,0.48484848484848486,0.6492979465952439,0.2834396884899289,0.9282610416412354
3,0.0,0.75,0.5,1.0,2,41,10,4,0.11913590103978687,0.28370793389863763,0.733274430436402,0.730715070021887,0.5646605736408784,0.9059896953135614,0.9056014712345598,0.78488266182146,0.4883560545900373,0.48540297813601463,0.21247844563821763,0.5748290461154254,0.5736875181321726,0.30027918183731894,0.33,0.4834102395078005,0.3914118625017797,0.7142620086669922
3,0.0,0.75,0.5,1.0,3,45,10,4,0.11525279419004451,0.28329424604050446,0.7009156302149794,0.6980351204980499,0.509607512198622,0.897406368541996,0.8969792788487176,0.7526454569778374,0.5738525052002257,0.571381985395893,0.2870905397033567,0.8281626276133814,0.8276964442337124,0.6590455003918929,0.33962264150943394,0.4700352526439483,0.39851417374108095,0.7429218292236328
3,0.0,0.75,0.5,1.0,4,32,10,4,0.1202341138346925,0.29700682015155017,0.6901077212622118,0.6871289949649072,0.49989763009710647,0.897406368541996,0.8969792788487176,0.7526454569778374,0.5613557283838323,0.5588187346934379,0.27618782584866236,0.8281626276133814,0.8276964442337124,0.6590455003918929,0.330188679245283,0.4799319867813018,0.38748568260983546,0.5872371196746826
3,0.0,0.75,0.5,1.0,5,110,10,4,0.11819825851825734,0.2881344252563497,0.7211625328787923,0.7184865897320073,0.5182798463184022,0.9116055475593928,0.9112424542131328,0.8049349549879696,0.45353235433725136,0.4503777433775376,0.18128839765416535,0.5843445647456531,0.5832362201059156,0.31666379824114854,0.35353535353535354,0.4957787976655901,0.38779866761196596,2.103844165802002
3,0.0,0.75,0.5,1.0,6,78,10,4,0.10294839656307161,0.2723872474487072,0.6782826433915828,0.6751969950807968,0.48733603835055284,0.9083491277292126,0.907971490705844,0.7934094346634827,0.4309637181607755,0.42768113780870437,0.17052494282249162,0.5788304759989464,0.5777029410434702,0.3072954269871484,0.336734693877551,0.4881729019660054,0.39012627159579544,1.5490367412567139
3,0.0,0.75,0.5,1.0,7,52,10,4,0.11865809729903856,0.28536976258931646,0.728801249581831,0.7261895676147345,0.5488972422975454,0.897406368541996,0.8969792788487176,0.7526454569778374,0.5470967885609903,0.5444714639315721,0.2785245691829151,0.8281626276133814,0.8276964442337124,0.6590455003918929,0.33962264150943394,0.4700352526439483,0.3962397308773749,0.9616029262542725
3,0.0,0.75,0.5,1.0,8,89,10,5,0.14107729642760763,0.2918686203646376,0.8135312471461591,0.8117613113226432,0.6360024112827612,1.0,1.0,1.0,0.5746301084030317,0.5722063675326022,0.25604504147540946,0.7303232410180941,0.7294623299636518,0.45744797462502,0.48484848484848486,0.6492979465952439,0.283439688489929,2.6298396587371826
3,0.0,0.75,0.5,1.0,9,25,10,5,0.14162097194834555,0.2926418832175043,0.8207904014132905,0.8190893684863145,0.6406716794217434,1.0,1.0,1.0,0.5848732070131756,0.582507830914752,0.25854160837254325,0.7303232410180941,0.7294623299636518,0.45744797462502,0.48484848484848486,0.6492979465952439,0.2834396884899289,0.673215389251709
3,0.0,0.75,0.75,0.0,0,32,4,4,0.30428482175404264,0.30446028467943204,0.9075030477238635,0.9071224809899361,0.7887321917624809,0.9116055475593928,0.9112424542131328,0.8049349549879696,0.5894891945512665,0.5884010899777646,0.323317771505139,0.5843445647456531,0.5832362201059156,0.31666379824114854,0.9850746268656716,0.990990990990991,4.110934110409517e-05,0.7839689254760742
3,0.0,0.75,0.75,0.0,1,74,10,3,0.12481500945712341,0.29134967696466313,0.6309595992474494,0.6271575284414983,0.45955824281914304,0.7852802150932446,0.7846251091678986,0.6010060305727019,0.5056445639259234,0.5025405164488729,0.27616204530254723,0.6603075896392546,0.6596101398698013,0.4926820471129652,0,0.0,inf,2.2080302238464355
3,0.0,0.75,0.75,0.0,2,33,4,4,0.3022565251701006,0.30219976768382173,0.9062134325366955,0.9058270894842648,0.7840181975146335,0.9059896953135614,0.9056014712345598,0.78488266182146,0.5873387821333589,0.5862432727316306,0.31946428176436936,0.5748290461154255,0.5736875181321727,0.30027918183731894,0.9861111111111112,0.991689363782387,2.484556090800755e-05,0.8390092849731445
3,0.0,0.75,0.75,0.0,3,111,10,4,0.1338563830190672,0.2548894169913744,0.6999047445030584,0.6968225370319082,0.5076511350560586,0.897406368541996,0.8969792788487176,0.7526454569778374,0.540468355086228,0.5375937214104927,0.3321821007881441,0.8281626276133814,0.8276964442337124,0.6590455003918929,0,0.0,inf,3.356384515762329
3,0.0,0.75,0.75,0.0,4,26,5,5,0.29615108835549186,0.29594913235497505,1.0,1.0,1.0,1.0,1.0,1.0,0.739964857200733,0.7391430675807577,0.476493102656082,0.7303232410180941,0.7294623299636518,0.45744797462502,0.9850746268656716,0.990990990990991,4.210900827041064e-05,0.61810302734375
3,0.0,0.75,0.75,0.0,5,73,10,3,0.10894391662098828,0.27387074958983004,0.6253731200910981,0.6215063783635549,0.44117200086702124,0.7916267295012034,0.790994464710824,0.6144266258107057,0.3136268544064529,0.3093074460468478,0.10313321172507757,0.37440901171420427,0.3731338810288383,0.14279638485309123,0,0.0,inf,1.4080233573913574
3,0.0,0.75,0.75,0.0,6,112,10,3,0.1268189998898027,0.2934066345702906,0.6818846135194967,0.6786095904335785,0.4985798787751409,0.8021489417124285,0.8015540214626932,0.6413806962628472,0.5155957374666339,0.5125568453287273,0.25555701000668923,0.6631635923571185,0.6624852435215407,0.4806777554355714,0,0.0,inf,2.2174997329711914
3,0.0,0.75,0.75,0.0,7,33,10,3,0.12235155277883941,0.29914320325299754,0.6080323560425233,0.6038809664457906,0.3866760920256339,0.7375733655715297,0.7367405406672015,0.4724246305454723,0.4172109640383681,0.41342622264782075,0.1624161342365716,0.5960555189006077,0.5951809391979391,0.35653127194845763,0,0.0,inf,0.843350887298584
3,0.0,0.75,0.75,0.0,8,113,4,4,0.30330959509333777,0.3032464954491562,0.908286786541069,0.9079097241974984,0.7915753497024844,0.9083491277292126,0.907971490705844,0.7934094346634827,0.8275657449881185,0.8271091218083316,0.6463279830892504,0.8174624962315958,0.8169738155354499,0.6216283231336616,0.9850746268656716,0.990990990990991,4.110934110409517e-05,2.171880006790161
3,0.0,0.75,0.75,0.0,9,109,4,4,0.2843088592105316,0.28406081045250714,0.9077861546703494,0.9074068545396607,0.7897360784811976,0.9083491277292126,0.907971490705844,0.7934094346634827,0.5899610729900625,0.5888745916158099,0.32413564590320154,0.5788304759989464,0.5777029410434702,0.3072954269871484,0.9861111111111112,0.991689363782387,2.500223522710135e-05,3.1744296550750732
3,0.0,0.75,0.75,0.25,0,24,10,3,0.09423455345495062,0.26723110724805393,0.5895661812982105,0.5854242410667707,0.4268404790554518,0.7926764584473263,0.7920479364188315,0.6178455857756018,0.30229939632342956,0.29802428013876975,0.10878381566296684,0.3763081967306326,0.3750384430579024,0.14631627595794314,0.32,0.42147410568463195,0.9416815327789616,0.6184718608856201
3,0.0,0.75,0.75,0.25,1,28,4,4,0.2878514609258369,0.287719889790186,0.9069960203513316,0.9066131841674229,0.7868715044443074,0.9116055475593928,0.9112424542131328,0.8049349549879696,0.5886439109427256,0.5875528978883743,0.32179929612451813,0.5843445647456531,0.5832362201059156,0.31666379824114854,0.9861111111111112,0.991689363782387,2.492293167061059e-05,0.6781749725341797
3,0.0,0.75,0.75,0.25,2,28,5,5,0.2961510883554918,0.29594913235497505,1.0,1.0,1.0,1.0,1.0,1.0,0.739964857200733,0.7391430675807577,0.476493102656082,0.7303232410180941,0.7294623299636518,0.45744797462502,0.9850746268656716,0.990990990990991,4.2109008270411075e-05,0.599318265914917
3,0.0,0.75,0.75,0.25,3,22,4,4,0.30428482175404264,0.3044602846794321,0.9075030477238635,0.9071224809899361,0.7887321917624809,0.9116055475593928,0.9112424542131328,0.8049349549879696,0.5894891945512666,0.5884010899777649,0.323317771505139,0.5843445647456531,0.5832362201059156,0.31666379824114854,0.9850746268656716,0.990990990990991,4.110934110409517e-05,0.3616647720336914
3,0.0,0.75,0.75,0.25,4,33,4,4,0.30330959509333777,0.30324649544915605,0.908286786541069,0.9079097241974984,0.7915753497024844,0.9083491277292126,0.907971490705844,0.7934094346634827,0.8275657449881185,0.8271091218083316,0.6463279830892504,0.8174624962315958,0.8169738155354499,0.6216283231336616,0.9850746268656716,0.990990990990991,4.110934110409517e-05,0.5199954509735107
3,0.0,0.75,0.75,0.25,5,52,4,4,0.2926859041788298,0.2924940346636297,0.9032922516795583,0.9028927793128343,0.7730668342239174,0.9037907607564276,0.9033926442098374,0.7752391372397232,0.5824622892768059,0.5813499290240142,0.3104286934092968,0.5710951027994496,0.5699404978572171,0.2922549271034125,0.9850746268656716,0.990990990990991,2.7586872797032147e-05,0.8725481033325195
3,0.0,0.75,0.75,0.25,6,53,5,5,0.2961510883554918,0.29594913235497516,1.0,1.0,1.0,1.0,1.0,1.0,0.739964857200733,0.7391430675807577,0.476493102656082,0.7303232410180941,0.7294623299636518,0.45744797462502,0.9850746268656716,0.990990990990991,4.210900827041064e-05,0.9256608486175537
3,0.0,0.75,0.75,0.25,7,46,10,3,0.09701313639990329,0.26978676847739,0.6158181699431737,0.6119435147041992,0.4479986106665393,0.7921997857472497,0.7915695648752535,0.6162892627615703,0.5040731890512384,0.5010366712269315,0.2653216372318278,0.6705723119966838,0.6699012798556625,0.5090921424894774,0.32,0.42147410568463195,0.9359419477272941,1.29459547996521
3,0.0,0.75,0.75,0.25,8,22,4,4,0.3042848217540427,0.30446028467943204,0.9075030477238635,0.9071224809899361,0.7887321917624809,0.9116055475593928,0.9112424542131328,0.8049349549879696,0.5894891945512665,0.5884010899777646,0.323317771505139,0.5843445647456531,0.5832362201059156,0.31666379824114854,0.9850746268656716,0.990990990990991,4.1109341104095276e-05,0.18999409675598145
3,0.0,0.75,0.75,0.25,9,48,5,5,0.29615108835549175,0.2959491323549751,1.0,1.0,1.0,1.0,1.0,1.0,0.739964857200733,0.7391430675807577,0.476493102656082,0.7303232410180941,0.7294623299636518,0.45744797462502,0.9850746268656716,0.990990990990991,4.210900827041064e-05,0.6902122497558594
3,0.0,0.75,0.75,0.5,0,111,4,4,0.3075619917035833,0.3073762154095664,0.902462641840836,0.9020594281071008,0.7700580044778049,0.897406368541996,0.8969792788487176,0.7526454569778374,0.8332735078549995,0.8328288887203085,0.6662608393363932,0.8281626276133816,0.8276964442337125,0.6590455003918929,0.9850746268656716,0.990990990990991,2.7518312319902826e-05,2.2547764778137207
3,0.0,0.75,0.75,0.5,1,68,4,4,0.30756199170358317,0.3073762154095662,0.902462641840836,0.9020594281071008,0.7700580044778049,0.897406368541996,0.8969792788487176,0.7526454569778374,0.8332735078549995,0.8328288887203085,0.6662608393363932,0.8281626276133816,0.8276964442337125,0.6590455003918929,0.9850746268656716,0.990990990990991,2.7518312319903043e-05,1.882465124130249
3,0.0,0.75,0.75,0.5,2,49,10,3,0.10162010891782419,0.29310135550256955,0.688520250720325,0.685441668401272,0.5276734420280802,0.7916267295012033,0.7909944647108239,0.6144266258107057,0.484703345689568,0.48162291897161763,0.22590658140085187,0.676923515689911,0.6762649947927467,0.5243675728058969,0.6179775280898876,0.7392007392007393,0.1758962114511688,1.2868022918701172
3,0.0,0.75,0.75,0.5,3,36,4,4,0.30428482175404264,0.3044602846794321,0.9075030477238635,0.9071224809899361,0.7887321917624809,0.9116055475593928,0.9112424542131328,0.8049349549879696,0.5894891945512665,0.5884010899777646,0.323317771505139,0.5843445647456531,0.5832362201059156,0.31666379824114854,0.9850746268656716,0.990990990990991,4.1109341104095276e-05,0.8791797161102295
3,0.0,0.75,0.75,0.5,4,36,4,4,0.3033095950933378,0.3032464954491562,0.908286786541069,0.9079097241974984,0.7915753497024844,0.9083491277292126,0.907971490705844,0.7934094346634827,0.8275657449881184,0.8271091218083314,0.6463279830892504,0.8174624962315958,0.8169738155354499,0.6216283231336616,0.9850746268656716,0.990990990990991,4.110934110409517e-05,0.8840415477752686
3,0.0,0.75,0.75,0.5,5,46,4,4,0.28999564489917856,0.2896769656693638,0.9041296431413824,0.9037339420232676,0.7760883163884392,0.9000920107272863,0.8996771460213145,0.7622414951112423,0.8316380064779839,0.8311899265252473,0.6606232811996562,0.8255305231223697,0.8250587365522001,0.6500663075088151,0.9850746268656716,0.990990990990991,2.7657088559506567e-05,1.2306492328643799
3,0.0,0.75,0.75,0.5,6,27,4,4,0.30330959509333777,0.30324649544915616,0.908286786541069,0.9079097241974984,0.7915753497024844,0.9083491277292126,0.907971490705844,0.7934094346634827,0.8275657449881184,0.8271091218083314,0.6463279830892504,0.8174624962315958,0.8169738155354499,0.6216283231336616,0.9850746268656716,0.990990990990991,4.1109341104095276e-05,0.568810224533081
3,0.0,0.75,0.75,0.5,7,36,5,5,0.2961510883554918,0.2959491323549751,1.0,1.0,1.0,1.0,1.0,1.0,0.739964857200733,0.7391430675807577,0.476493102656082,0.7303232410180941,0.7294623299636518,0.45744797462502,0.9850746268656716,0.990990990990991,4.210900827041064e-05,0.9141461849212646
3,0.0,0.75,0.75,0.5,8,54,4,4,0.28999564489917856,0.2896769656693641,0.9041296431413824,0.9037339420232676,0.7760883163884392,0.9000920107272863,0.8996771460213145,0.7622414951112423,0.8316380064779841,0.8311899265252475,0.6606232811996562,0.8255305231223697,0.8250587365522001,0.6500663075088151,0.9850746268656716,0.990990990990991,2.7657088559506675e-05,1.2470831871032715
3,0.0,0.75,0.75,0.5,9,112,5,5,0.2961510883554917,0.2959491323549751,1.0,1.0,1.0,1.0,1.0,1.0,0.739964857200733,0.7391430675807577,0.476493102656082,0.7303232410180941,0.7294623299636518,0.45744797462502,0.9850746268656716,0.990990990990991,4.210900827041064e-05,2.983025074005127
3,0.0,0.75,0.75,0.75,0,48,5,5,0.2961510883554918,0.29594913235497516,1.0,1.0,1.0,1.0,1.0,1.0,0.739964857200733,0.7391430675807577,0.476493102656082,0.7303232410180941,0.7294623299636517,0.45744797462502,0.9850746268656716,0.990990990990991,4.210900827041064e-05,0.8665156364440918
3,0.0,0.75,0.75,0.75,1,68,4,4,0.30428482175404264,0.3044602846794321,0.9075030477238635,0.9071224809899361,0.7887321917624809,0.9116055475593928,0.9112424542131328,0.8049349549879696,0.5894891945512665,0.5884010899777646,0.323317771505139,0.5843445647456531,0.5832362201059156,0.31666379824114854,0.9850746268656716,0.990990990990991,4.1109341104095276e-05,1.3201885223388672
3,0.0,0.75,0.75,0.75,2,63,4,4,0.3042848217540427,0.30446028467943204,0.9075030477238635,0.9071224809899361,0.7887321917624809,0.9116055475593928,0.9112424542131328,0.8049349549879696,0.5894891945512666,0.5884010899777649,0.323317771505139,0.5843445647456531,0.5832362201059156,0.31666379824114854,0.9850746268656716,0.990990990990991,4.110934110409517e-05,1.1914458274841309
3,0.0,0.75,0.75,0.75,3,74,4,4,0.3033095950933378,0.3032464954491562,0.908286786541069,0.9079097241974984,0.7915753497024844,0.9083491277292126,0.907971490705844,0.7934094346634827,0.8275657449881185,0.8271091218083316,0.6463279830892504,0.8174624962315958,0.8169738155354499,0.6216283231336616,0.9850746268656716,0.990990990990991,4.110934110409517e-05,1.339082956314087
3,0.0,0.75,0.75,0.75,4,46,4,4,0.2913748138964657,0.291200520203193,0.9090437908389912,0.9086701087019787,0.7943429996270311,0.9137594533047027,0.9134059329538328,0.8127690521941776,0.5920564220257112,0.5909771353447553,0.3278765860803966,0.5879863206256295,0.5868905825581722,0.3229571956914917,0.9850746268656716,0.990990990990991,4.110934110409517e-05,0.8029041290283203
3,0.0,0.75,0.75,0.75,5,56,4,4,0.2926859041788298,0.2924940346636297,0.9032922516795583,0.9028927793128343,0.7730668342239174,0.9037907607564276,0.9033926442098374,0.7752391372397232,0.5824622892768059,0.5813499290240142,0.3104286934092968,0.5710951027994496,0.5699404978572171,0.2922549271034125,0.9850746268656716,0.990990990990991,2.758687279703258e-05,0.9991085529327393
3,0.0,0.75,0.75,0.75,6,30,4,4,0.3033095950933377,0.30324649544915616,0.908286786541069,0.9079097241974984,0.7915753497024844,0.9083491277292126,0.907971490705844,0.7934094346634827,0.8275657449881185,0.8271091218083316,0.6463279830892504,0.8174624962315958,0.8169738155354499,0.6216283231336616,0.9850746268656716,0.990990990990991,4.110934110409517e-05,0.4806649684906006
3,0.0,0.75,0.75,0.75,7,63,4,4,0.2869099494121843,0.28655480444348713,0.9019138104143678,0.901508118740358,0.76805910791063,0.8974063685419958,0.8969792788487174,0.7526454569778374,0.5801585390045755,0.5790381841833446,0.30625770311642325,0.5602281539441709,0.5590350821308032,0.2730752262032187,0.9928057553956835,0.9971942446043166,4.98225090437383e-06,1.040477991104126
3,0.0,0.75,0.75,0.75,8,53,5,5,0.2961510883554918,0.29594913235497505,1.0,1.0,1.0,1.0,1.0,1.0,0.739964857200733,0.7391430675807577,0.476493102656082,0.7303232410180941,0.7294623299636517,0.45744797462502,0.9850746268656716,0.990990990990991,4.210900827041064e-05,0.9303126335144043
3,0.0,0.75,0.75,0.75,9,112,10,3,0.07561327590504172,0.26998280854351714,0.605072203949649,0.6012248234862884,0.43107797613802107,0.7926764584473263,0.7920479364188315,0.6178455857756018,0.31134652408160113,0.30729960787992,0.12260104283715259,0.3763081967306326,0.3750384430579024,0.14631627595794314,0.8983050847457628,0.9334272631208171,0.0025031601638043554,2.1591453552246094
3,0.0,0.75,0.75,1.0,0,25,10,5,0.13615546152419178,0.2927048296525993,0.8168134649098512,0.8150835942835561,0.6237746096747538,1.0,1.0,1.0,0.5815770212398448,0.5792071645567981,0.2500798232079373,0.7303232410180941,0.7294623299636517,0.45744797462502,0.7272727272727273,0.8085008085008084,0.08030896597002164,0.47169947624206543
3,0.0,0.75,0.75,1.0,1,32,10,4,0.11176460880717973,0.2875384329685014,0.7227602519203339,0.7201181169024234,0.5189030188086033,0.9116055475593928,0.9112424542131328,0.8049349549879696,0.46338797146231286,0.4603155846127994,0.18553348773253858,0.5843445647456531,0.5832362201059156,0.31666379824114854,0.42168674698795183,0.5362505362505362,0.1498729818959988,0.8380322456359863
3,0.0,0.75,0.75,1.0,2,27,10,4,0.11406643936394294,0.2911698465425428,0.7207470734977389,0.7180842002948113,0.5364774606631899,0.9059896953135614,0.9056014712345598,0.78488266182146,0.4923077089837146,0.48939888437979834,0.20870056099507106,0.5748290461154255,0.5736875181321727,0.30027918183731894,0.42857142857142855,0.5405405405405405,0.14802582786439128,0.7031984329223633
3,0.0,0.75,0.75,1.0,3,34,10,4,0.11154994722904187,0.28723761479874593,0.7172761806794994,0.7145802100706048,0.5405166437753751,0.897406368541996,0.8969792788487176,0.7526454569778374,0.5527922352860599,0.5502299569688959,0.2573680902667531,0.8281626276133816,0.8276964442337125,0.6590455003918929,0.42857142857142855,0.5405405405405405,0.14802582786439128,0.7217333316802979
3,0.0,0.75,0.75,1.0,4,112,10,4,0.10681754700688945,0.2669333407691576,0.7285535023530458,0.725965868587772,0.538116084570673,0.9083491277292126,0.907971490705844,0.7934094346634827,0.5212406741865627,0.5184986295934583,0.24417109621377012,0.8174624962315958,0.8169738155354499,0.6216283231336616,0.43902439024390244,0.546000546000546,0.14745242911769707,2.492785692214966
3,0.0,0.75,0.75,1.0,5,36,10,4,0.10900615594519182,0.28115443209628277,0.6857714890113468,0.682773668148113,0.5010337261062242,0.9059896953135614,0.9056014712345598,0.78488266182146,0.4356325570705778,0.4323971740220553,0.17803669189929047,0.5748290461154254,0.5736875181321726,0.30027918183731894,0.42857142857142855,0.5325522566901877,0.1499894811038771,0.655198335647583
3,0.0,0.75,0.75,1.0,6,51,10,5,0.13532526755808905,0.2908459858658895,0.8090623389286782,0.8072592206189217,0.6197112299748615,1.0,1.0,1.0,0.5676007820150911,0.5651516832561106,0.24636736139777748,0.7303232410180941,0.7294623299636518,0.45744797462502,0.7272727272727273,0.8252527336496802,0.0800212837466162,0.9353878498077393
3,0.0,0.75,0.75,1.0,7,58,10,5,0.1361386961500573,0.29319358365646186,0.8118142564859894,0.8100371772381496,0.620830737033187,1.0,1.0,1.0,0.5813719521570093,0.5790009340073101,0.2497982737507715,0.7303232410180941,0.7294623299636518,0.45744797462502,0.7272727272727273,0.8085008085008084,0.08030896597002167,1.0792901515960693
3,0.0,0.75,0.75,1.0,8,80,10,4,0.08985694052586689,0.2536496312598518,0.6815716536271307,0.6785370444759419,0.4866885224054247,0.9137594533047027,0.9134059329538328,0.8127690521941776,0.40776939331997103,0.4043786389426326,0.1653277565565712,0.5879863206256295,0.5868905825581722,0.3229571956914917,0.4444444444444444,0.5515719801434087,0.1467072371747024,1.563856601715088
3,0.0,0.75,0.75,1.0,9,43,10,4,0.10773292472215709,0.2793120797870686,0.7082377730977447,0.7054556149109864,0.515110332155236,0.9116055475593928,0.9112424542131328,0.8049349549879696,0.44567384192761955,0.4424978284333679,0.18303247737486936,0.5843445647456531,0.5832362201059156,0.31666379824114854,0.43373493975903615,0.5405405405405405,0.14829644099435518,0.8255531787872314
3,0.0,0.75,1.0,0.0,0,112,10,4,0.13574235664844517,0.292480734901712,0.7049496856144286,0.7020489866393385,0.5315180379704797,0.9059896953135614,0.9056014712345598,0.78488266182146,0.45272265319365923,0.44947235771117117,0.1886952642244587,0.5748290461154254,0.5736875181321726,0.30027918183731894,0,0.0,inf,2.2160885334014893
3,0.0,0.75,1.0,0.0,1,40,10,4,0.12977740332816817,0.28165123118596813,0.714703581159092,0.7118977530397399,0.5363929423641633,0.897406368541996,0.8969792788487176,0.7526454569778374,0.6083260696328247,0.6059988924121219,0.3291760038908698,0.8281626276133816,0.8276964442337125,0.6590455003918929,0,0.0,inf,0.723752498626709
3,0.0,0.75,1.0,0.0,2,163,10,4,0.1363295391912568,0.28650224580279743,0.7226390845190829,0.7199122935819473,0.5478504889465636,0.9059896953135614,0.9056014712345598,0.78488266182146,0.4545965420117057,0.4513573756073633,0.19209879078770792,0.5748290461154254,0.5736875181321726,0.30027918183731894,0,0.0,inf,3.0244438648223877
3,0.0,0.75,1.0,0.0,3,53,10,3,0.08672085382928997,0.2651365504509681,0.5369921880222109,0.5322981238082123,0.3211915293515817,0.7250071641342934,0.7241254949570672,0.44647024161769056,0.3585969179183638,0.35464433482480756,0.11733888222408617,0.5768907032387738,0.5759618527970575,0.3218598099085454,0,0.0,inf,1.0266578197479248
3,0.0,0.75,1.0,0.0,4,32,10,4,0.13076133511721622,0.2927358434701796,0.6870124892731302,0.6839339094262459,0.5042301170755158,0.897406368541996,0.8969792788487176,0.7526454569778374,0.5568782912329133,0.5542450027713886,0.29962432008122336,0.8281626276133816,0.8276964442337125,0.6590455003918929,0,0.0,inf,0.555058479309082
3,0.0,0.75,1.0,0.0,5,113,10,4,0.137379119216554,0.28404018923139873,0.7299347195210578,0.7272780025785812,0.5585131231797411,0.9059896953135614,0.9056014712345598,0.78488266182146,0.4568836307216837,0.4536556399882473,0.19759243589057912,0.5748290461154254,0.5736875181321726,0.30027918183731894,0,0.0,inf,2.3577029705047607
3,0.0,0.75,1.0,0.0,6,89,10,4,0.12418332599933486,0.27924650907224696,0.6895347140688849,0.6864768601105057,0.5228579706196447,0.9037907607564276,0.9033926442098374,0.7752391372397232,0.4222214211783753,0.4187824028493217,0.17739532472745284,0.5710951027994496,0.5699404978572171,0.2922549271034125,0,0.0,inf,2.2763404846191406
3,0.0,0.75,1.0,0.0,7,1000,10,4,0.12913978683672217,0.2851733164876908,0.6933158974632462,0.6903064487455209,0.5224182534777738,0.9116055475593928,0.9112424542131328,0.8049349549879696,0.4743077035963043,0.4711926052734549,0.20564095284973047,0.5843445647456531,0.5832362201059156,0.31666379824114854,0,0.0,inf,19.148980379104614
3,0.0,0.75,1.0,0.0,8,46,10,3,0.09788677679840835,0.2865004365023874,0.542641497159056,0.5380126601829518,0.34271441944414227,0.7548712966501103,0.7541043224033086,0.5123044922655382,0.27588932385139137,0.27143632433621206,0.05573887003337507,0.307184590216507,0.3057130460362364,0.02947307308205422,0,0.0,inf,0.9056408405303955
3,0.0,0.75,1.0,0.0,9,39,10,4,0.13879237789527193,0.29062187355197716,0.7379774231503908,0.735405366263212,0.5739269155481185,0.9116055475593928,0.9112424542131328,0.8049349549879696,0.471502604863769,0.46836961592763016,0.20833386640768697,0.5843445647456531,0.5832362201059156,0.31666379824114854,0,0.0,inf,1.0368657112121582
3,0.0,0.75,1.0,0.25,0,75,10,4,0.11465599056411657,0.2761069080934336,0.7049653226477757,0.7021045776660649,0.5248598588313895,0.9137594533047027,0.9134059329538328,0.8127690521941776,0.4735118366896862,0.47043543507552094,0.19278083941215546,0.5879863206256295,0.5868905825581722,0.3229571956914917,0.24242424242424243,0.364000364000364,1.1690325213635007,2.091623306274414
3,0.0,0.75,1.0,0.25,1,37,10,5,0.14879951811067468,0.2924083945400205,0.823265931134677,0.8215762439577646,0.6592684657741661,1.0,1.0,1.0,0.5781567079281812,0.575732681667605,0.26613261234294555,0.7303232410180941,0.7294623299636518,0.45744797462502,0.24242424242424243,0.364000364000364,0.9290672264327111,1.057058334350586
3,0.0,0.75,1.0,0.25,2,43,10,4,0.12906694429144738,0.2906033311304812,0.7186571245333971,0.7159277064798607,0.5405310954358824,0.9059896953135614,0.9056014712345598,0.78488266182146,0.4763100543812367,0.4732480714044206,0.20031607128365977,0.5748290461154254,0.5736875181321726,0.30027918183731894,0.24242424242424243,0.364000364000364,1.1706694221270595,1.2096781730651855
3,0.0,0.75,1.0,0.25,3,52,10,4,0.1264569073906796,0.2883249603958649,0.7014916724524898,0.6985962126725695,0.5229726350884085,0.9083491277292126,0.907971490705844,0.7934094346634827,0.5719899278103802,0.5694878905683283,0.2954021935829639,0.8174624962315958,0.8169738155354499,0.6216283231336616,0.24242424242424243,0.364000364000364,1.1694725800617112,1.5055601596832275
3,0.0,0.75,1.0,0.25,4,43,10,5,0.14929235597001167,0.293082494985202,0.8209532412419186,0.8192414433170273,0.6593135987676393,1.0,1.0,1.0,0.5894833330879912,0.5871243926954306,0.27003104824227414,0.7303232410180941,0.7294623299636518,0.45744797462502,0.24242424242424243,0.364000364000364,0.9290672264327111,1.2103397846221924
3,0.0,0.75,1.0,0.25,5,41,10,4,0.1110594122901669,0.27636169262142496,0.6961148487371832,0.6931661544810275,0.5199079013440394,0.9037907607564276,0.9033926442098374,0.7752391372397232,0.44737766970670045,0.44414576482874013,0.18525807690729065,0.5710951027994496,0.5699404978572171,0.2922549271034125,0.24242424242424243,0.364000364000364,1.161361066672857,1.1181926727294922
3,0.0,0.75,1.0,0.25,6,47,10,4,0.12663162829675406,0.2914793448653749,0.7116943432267923,0.7088956542428189,0.5261028194456056,0.897406368541996,0.8969792788487176,0.7526454569778374,0.5717020701390972,0.5691959947670445,0.29724004831375406,0.8281626276133814,0.8276964442337124,0.6590455003918929,0.24242424242424243,0.364000364000364,1.1668022830030735,1.3086998462677002
3,0.0,0.75,1.0,0.25,7,112,10,4,0.12559247583875813,0.29113508204820554,0.6985545048045635,0.6956349817758813,0.5169474424548337,0.9083491277292126,0.907971490705844,0.7934094346634827,0.5698365522389964,0.5673264833769929,0.28995293554868473,0.8174624962315958,0.8169738155354499,0.6216283231336616,0.24242424242424243,0.364000364000364,1.1716819238331608,2.384925365447998
3,0.0,0.75,1.0,0.25,8,47,10,4,0.13171977293132603,0.2970466472742001,0.7218845899883659,0.7191847999472446,0.5522984744247356,0.897406368541996,0.8969792788487176,0.7526454569778374,0.5722068419330633,0.5697037004361581,0.2974516311216291,0.8281626276133816,0.8276964442337125,0.6590455003918929,0.24242424242424243,0.364000364000364,1.1629106443683876,1.3425028324127197
3,0.0,0.75,1.0,0.25,9,113,10,4,0.1277943552806647,0.2973856936003453,0.6968419703515769,0.6938994026704755,0.5145910828225034,0.897406368541996,0.8969792788487176,0.7526454569778374,0.5996782014674404,0.5973361113396427,0.3060694420695911,0.8281626276133816,0.8276964442337125,0.6590455003918929,0.24242424242424243,0.364000364000364,1.1615865445809073,2.1722285747528076
3,0.0,0.75,1.0,0.5,0,32,10,5,0.1415639797670978,0.293102930676485,0.8160463732980541,0.8143003107069633,0.6384815341057388,1.0,1.0,1.0,0.5848732070131755,0.5825078309147519,0.25854160837254325,0.7303232410180941,0.7294623299636518,0.45744797462502,0.48484848484848486,0.6492979465952439,0.283405710631627,0.5795683860778809
3,0.0,0.75,1.0,0.5,1,25,10,4,0.11660441001808157,0.28391037433151745,0.705035896585694,0.7022050924234814,0.5202614610613133,0.9059896953135614,0.9056014712345598,0.78488266182146,0.44343593528657704,0.44022293529233086,0.18398643988529575,0.5748290461154254,0.5736875181321726,0.30027918183731894,0.32673267326732675,0.47873960917439173,0.3915761036259495,0.48186659812927246
3,0.0,0.75,1.0,0.5,2,92,10,4,0.10725248249135162,0.277108503429581,0.6741852841862064,0.6710492010932397,0.4882809142036916,0.9037907607564276,0.9033926442098374,0.7752391372397232,0.4341695218386951,0.43089154182278455,0.17090209332830544,0.5710951027994496,0.5699404978572171,0.2922549271034125,0.34615384615384615,0.4762471722824146,0.39785647215875397,1.8839681148529053
3,0.0,0.75,1.0,0.5,3,110,10,4,0.11593453842847735,0.2849178445705592,0.7163264942370403,0.7136052654667284,0.5195645927045859,0.9116055475593928,0.9112424542131328,0.8049349549879696,0.44781837451459294,0.4446323686945462,0.18235092165307853,0.5843445647456531,0.5832362201059156,0.31666379824114854,0.3333333333333333,0.4834102395078005,0.3906736116410787,2.180541753768921
3,0.0,0.75,1.0,0.5,4,112,10,4,0.11932551470915853,0.2830005202866729,0.7301418022121838,0.7275519422913923,0.5602631914189901,0.9059896953135614,0.9056014712345598,0.78488266182146,0.46881550950711354,0.465749023772401,0.20644110451173833,0.5748290461154254,0.5736875181321726,0.30027918183731894,0.32673267326732675,0.47873960917439173,0.3915761036259494,2.2887766361236572
3,0.0,0.75,1.0,0.5,5,39,10,3,0.08206574165745865,0.28493875373933597,0.6009815945505931,0.5971251684596739,0.41394474345268917,0.7916267295012033,0.7909944647108239,0.6144266258107057,0.4446235972893318,0.44139060962444543,0.2173159841131812,0.676923515689911,0.6762649947927467,0.5243675728058969,0.34285714285714286,0.48917695976519504,0.46801461556643653,0.6769599914550781
3,0.0,0.75,1.0,0.5,6,53,10,4,0.10801606970891985,0.2799485511721565,0.6811582953568782,0.6780942862079062,0.4957011022848208,0.9037907607564276,0.9033926442098374,0.7752391372397232,0.42469979326450774,0.42137337613654896,0.17206234104444415,0.5710951027994496,0.5699404978572171,0.2922549271034125,0.34615384615384615,0.49590875278948676,0.38420595812031744,0.9647343158721924
3,0.0,0.75,1.0,0.5,7,71,10,4,0.1201758687568496,0.29691623734199196,0.6912225078336234,0.6882544970149027,0.5019238329916678,0.897406368541996,0.8969792788487176,0.7526454569778374,0.5613557283838323,0.5588187346934379,0.27618782584866236,0.8281626276133814,0.8276964442337124,0.6590455003918929,0.34285714285714286,0.49364432926076757,0.3846079641560046,1.3736217021942139
3,0.0,0.75,1.0,0.5,8,45,10,5,0.14015148536579797,0.28975260922410057,0.8134756295560837,0.8117051658180321,0.6350594320494815,1.0,1.0,1.0,0.5682298977713883,0.5657696887531333,0.2534254043791212,0.7303232410180941,0.7294623299636518,0.45744797462502,0.48484848484848486,0.6492979465952439,0.2834057106316271,1.033630609512329
3,0.0,0.75,1.0,0.5,9,82,10,3,0.08156779817391417,0.2770827181504888,0.6655014167752229,0.6622727410835895,0.4904795919956453,0.8021489417124285,0.8015540214626932,0.6413806962628472,0.5154855170442678,0.5126693857944995,0.2547834974552949,0.6631635923571185,0.6624852435215407,0.4806777554355714,0.3673469387755102,0.5123607019341616,0.46844936287487726,1.536529779434204
3,0.0,0.75,1.0,0.75,0,62,10,4,0.11296932805869234,0.2919130762354767,0.7122596326591377,0.7095158257340335,0.537738766913835,0.897406368541996,0.8969792788487176,0.7526454569778374,0.5527922352860599,0.5502299569688959,0.2573680902667531,0.8281626276133814,0.8276964442337124,0.6590455003918929,0.42857142857142855,0.5405405405405405,0.14802582786439128,1.1195483207702637
3,0.0,0.75,1.0,0.75,1,49,10,3,0.07590096172319734,0.28375537202528833,0.6745094162355942,0.6713995459257753,0.5191399565619396,0.7889606460971244,0.7883188157233192,0.6085417084158432,0.5381908882921721,0.5355388430663729,0.2553294963111643,0.6729934599358477,0.6723248877323879,0.5180642050574342,0.4444444444444444,0.5572582892170521,0.17863952286673665,0.9276111125946045
3,0.0,0.75,1.0,0.75,2,36,10,4,0.11246409180914853,0.2891100964700081,0.7039674624612052,0.701152250942511,0.5221877844764394,0.9116055475593928,0.9112424542131328,0.8049349549879696,0.4776501580368632,0.47466702471794747,0.19982957218239517,0.5843445647456531,0.5832362201059156,0.31666379824114854,0.44,0.5567365117926916,0.14917364672454111,0.712376594543457
3,0.0,0.75,1.0,0.75,3,53,10,4,0.10805381547386039,0.27997361669326265,0.7059984312778709,0.7031881988549582,0.5153313314181134,0.897406368541996,0.8969792788487176,0.7526454569778374,0.5543080275609689,0.5517471500722413,0.2636107276278075,0.8281626276133814,0.8276964442337124,0.6590455003918929,0.4044943820224719,0.5075498033244512,0.15767790595788056,1.4544970989227295
3,0.0,0.75,1.0,0.75,4,49,10,3,0.07212367648336916,0.2767152083537538,0.5973678187315634,0.5935214164522423,0.40652863309796694,0.789789857030486,0.789150994948784,0.6112350182388241,0.34263507869447796,0.33886060729508743,0.12808292987843475,0.3710829725937891,0.3697983388154702,0.1394956227629166,0.45,0.5630630630630631,0.17871163736870854,1.368600606918335
3,0.0,0.75,1.0,0.75,5,39,10,5,0.1360004665400417,0.2926615909060704,0.8138606699084158,0.8121029153913318,0.6220113526238154,1.0,1.0,1.0,0.5815770212398449,0.5792071645567982,0.2500798232079373,0.7303232410180941,0.7294623299636518,0.45744797462502,0.7272727272727273,0.8274545454545454,0.08004423029423921,0.8386213779449463
3,0.0,0.75,1.0,0.75,6,61,10,4,0.09059709051330235,0.2631150198532653,0.6814361903281194,0.6783993687157304,0.4802105960510181,0.8974063685419958,0.8969792788487174,0.7526454569778374,0.40751055361225347,0.404117091998285,0.161385249474201,0.5602281539441709,0.5590350821308032,0.2730752262032187,0.43373493975903615,0.546000546000546,0.14728480231739535,1.0681753158569336
3,0.0,0.75,1.0,0.75,7,51,10,4,0.10508084317313736,0.2687683241768704,0.6935170765308012,0.6905926625934714,0.49388957274697604,0.9059896953135614,0.9056014712345598,0.78488266182146,0.4280924322098707,0.42481317220631787,0.1708205394277789,0.5748290461154254,0.5736875181321726,0.30027918183731894,0.4235294117647059,0.5299417064122947,0.15013542598253005,0.9928321838378906
3,0.0,0.75,1.0,0.75,8,29,10,4,0.11211720567187461,0.28714096093313035,0.7262364315659646,0.7236259032558345,0.5524690220552987,0.897406368541996,0.8969792788487176,0.7526454569778374,0.5527922352860599,0.550229956968896,0.2573680902667531,0.8281626276133816,0.8276964442337125,0.6590455003918929,0.42857142857142855,0.5405405405405405,0.14802582786439128,0.7550451755523682
3,0.0,0.75,1.0,0.75,9,55,10,5,0.13612367432800487,0.293184320248119,0.8118142564859894,0.8100371772381496,0.620830737033187,1.0,1.0,1.0,0.5813719521570093,0.5790009340073102,0.2497982737507715,0.7303232410180941,0.7294623299636518,0.45744797462502,0.7272727272727273,0.8274545454545454,0.08004423029423921,1.3301022052764893
3,0.0,0.75,1.0,1.0,0,114,10,4,0.0929387658067151,0.28131803495723784,0.6634993489282307,0.6603251533327743,0.4473641306788099,0.9000920107272863,0.8996771460213145,0.7622414951112423,0.5781327842048918,0.5757464230650612,0.24788369451393777,0.8255305231223697,0.8250587365522001,0.6500663075088151,0.45454545454545453,0.641974025974026,0.13962275495137222,2.255650520324707
3,0.0,0.75,1.0,1.0,1,1000,10,5,0.12867618229433778,0.2860859480704092,0.7889993095967682,0.7870138566754991,0.5942530899306269,1.0,1.0,1.0,0.5511566022262658,0.5486250227736973,0.2349814198225784,0.7303232410180941,0.7294623299636518,0.45744797462502,0.7575757575757576,0.8225307626505232,0.06907572833191422,20.91422748565674
3,0.0,0.75,1.0,1.0,2,113,10,4,0.08777034176316532,0.2705256525427105,0.6703287383733495,0.6672178094279084,0.46224913881378094,0.8974063685419958,0.8969792788487174,0.7526454569778374,0.41782660735426114,0.4145320013875825,0.16018141075781128,0.5602281539441709,0.5590350821308032,0.2730752262032187,0.45,0.6346,0.14144978227824428,3.461730718612671
3,0.0,0.75,1.0,1.0,3,30,10,4,0.10054456186384092,0.2799216834478251,0.6852597320773063,0.6822896988237391,0.478398458101048,0.9059896953135614,0.9056014712345598,0.78488266182146,0.44554378198785843,0.442406031641998,0.17565824798916652,0.5748290461154254,0.5736875181321726,0.30027918183731894,0.45,0.6346,0.14144978227824434,0.7881765365600586
3,0.0,0.75,1.0,1.0,4,45,10,4,0.10555021581093132,0.2846328420671314,0.7532644364932702,0.7509367720544612,0.5595350090707107,0.9116055475593928,0.9112424542131328,0.8049349549879696,0.50509550914571,0.5022956893024993,0.2124345142246396,0.5843445647456531,0.5832362201059156,0.31666379824114854,0.44871794871794873,0.6380256410256411,0.14102445382973205,1.2476694583892822
3,0.0,0.75,1.0,1.0,5,61,10,4,0.09481154538795974,0.2823921763126398,0.6818422946346431,0.6788408449603976,0.4784795067856359,0.9037907607564276,0.9033926442098374,0.7752391372397232,0.4394326452288745,0.43626135130782906,0.17194049869976688,0.5710951027994496,0.5699404978572171,0.2922549271034125,0.44871794871794873,0.6380256410256411,0.14102445382973205,1.7443335056304932
3,0.0,0.75,1.0,1.0,6,72,10,5,0.13042210466734672,0.2894200169005001,0.8072968632301313,0.805483629192039,0.6061556454533821,1.0,1.0,1.0,0.5767246887464439,0.5743373880637688,0.2432092937975053,0.7303232410180941,0.7294623299636517,0.45744797462502,0.7446808510638298,0.8225307626505232,0.06929338009203961,1.9647717475891113
3,0.0,0.75,1.0,1.0,7,113,10,3,0.0662458141089656,0.2868893666152641,0.562479283072297,0.5583503589688583,0.3416151066946644,0.7852802150932446,0.7846251091678986,0.6010060305727019,0.4332051148238371,0.4299973004169703,0.17321021001119358,0.6603075896392546,0.6596101398698013,0.4926820471129652,0.4520547945205479,0.6359726027397261,0.17401475901067837,3.410648822784424
3,0.0,0.75,1.0,1.0,8,44,10,4,0.09078113412879818,0.27316262719326573,0.7063739321235375,0.7036056841957538,0.5108419361138051,0.9116055475593928,0.9112424542131328,0.8049349549879696,0.4480532220135865,0.4449330639751694,0.18432252219627762,0.5843445647456531,0.5832362201059156,0.31666379824114854,0.4520547945205479,0.6359726027397261,0.1444474749025309,1.1823439598083496
3,0.0,0.75,1.0,1.0,9,37,10,5,0.13013884756344496,0.2893517668544499,0.8072968632301314,0.8054836291920391,0.6061556454533821,1.0,1.0,1.0,0.5767246887464439,0.5743373880637688,0.2432092937975053,0.7303232410180941,0.7294623299636518,0.45744797462502,0.7446808510638298,0.8225307626505232,0.06929338009203963,1.0444066524505615
3,0.0,1.0,0.0,0.0,0,35,10,3,0.15363477242198237,0.29289272641825737,0.6565390548035406,0.6527806878186551,0.49693909151829413,0.8019282820082536,0.8013325861275414,0.6406540834881669,0.35189075765962724,0.34752368324090926,0.1276658262800019,0.39299760652501203,0.3917748685998332,0.16938304041028776,0,0.0,inf,0.9547405242919922
3,0.0,1.0,0.0,0.0,1,33,10,4,0.16878184759394024,0.27914746148221603,0.7237772035387515,0.7208681854024389,0.5876636536203447,0.9116055475593928,0.9112424542131328,0.8049349549879696,0.43959329016183973,0.4359873330387772,0.2042704388886358,0.5843445647456531,0.5832362201059156,0.31666379824114854,0,0.0,inf,0.8604137897491455
3,0.0,1.0,0.0,0.0,2,51,10,3,0.13527816407959026,0.2772995832103804,0.637831477466317,0.63386089491574,0.48743188710290725,0.7926764584473263,0.7920479364188315,0.6178455857756018,0.3114934309306454,0.30684334019159965,0.1176079421094989,0.3763081967306326,0.3750384430579024,0.14631627595794314,0,0.0,inf,1.302490472793579
3,0.0,1.0,0.0,0.0,3,35,10,4,0.16885967655096099,0.2878436204381255,0.7261047657409014,0.723221257702262,0.5891173909053868,0.9083491277292126,0.907971490705844,0.7934094346634827,0.5954196279078059,0.5928174388149132,0.3901453478204173,0.8174624962315958,0.8169738155354499,0.6216283231336616,0,0.0,inf,0.9732983112335205
3,0.0,1.0,0.0,0.0,4,54,10,4,0.14275066751450968,0.24069850008749333,0.6756388291086065,0.6722221957814264,0.5310523905182629,0.9116055475593928,0.9112424542131328,0.8049349549879696,0.4254275485489003,0.42172958392562987,0.19870906035537422,0.5843445647456531,0.5832362201059156,0.31666379824114854,0,0.0,inf,1.281585931777954
3,0.0,1.0,0.0,0.0,5,33,10,4,0.1367638423861516,0.19643963870547185,0.5992472826912022,0.594759463581333,0.36789974034899514,0.897406368541996,0.8969792788487176,0.7526454569778374,0.49676802914914947,0.49327897611448984,0.25175055645907346,0.8281626276133816,0.8276964442337125,0.6590455003918929,0,0.0,inf,0.8446211814880371
3,0.0,1.0,0.0,0.0,6,36,10,4,0.1704185975398202,0.2812123442636472,0.7337242242714275,0.7309196986082522,0.5889847995457638,0.9083491277292126,0.907971490705844,0.7934094346634827,0.6516260363900704,0.6493841538296604,0.4276867332197902,0.8174624962315958,0.8169738155354499,0.6216283231336616,0,0.0,inf,0.8645830154418945
3,0.0,1.0,0.0,0.0,7,111,10,3,0.15261250857833875,0.2920058993508154,0.6412922772760233,0.637356636040271,0.4812070042125985,0.7889606460971246,0.7883188157233194,0.6085417084158432,0.32112434385956523,0.3165349940014747,0.11536062977593488,0.36958036930915306,0.3682914622386319,0.13669890873660492,0,0.0,inf,3.3181376457214355
3,0.0,1.0,0.0,0.0,8,31,10,4,0.1582526861139021,0.2596473992157635,0.6983214324446039,0.6951407047218046,0.5429926231638192,0.9059896953135614,0.9056014712345598,0.78488266182146,0.40318269019862113,0.39933710240703185,0.17122736428524665,0.5748290461154254,0.5736875181321726,0.30027918183731894,0,0.0,inf,0.8538377285003662
3,0.0,1.0,0.0,0.0,9,23,10,4,0.1190661453238169,0.1916813314050722,0.5815018434156217,0.5769119323870804,0.3927947175905017,0.897406368541996,0.8969792788487176,0.7526454569778374,0.4764072316668471,0.47286927337645573,0.29609355646804275,0.8281626276133814,0.8276964442337124,0.6590455003918929,0,0.0,inf,0.5865778923034668
3,0.0,1.0,0.0,0.25,0,26,10,4,0.15561893792814716,0.2762129278466503,0.7298101960691272,0.7270404090975231,0.5577750085692065,0.9059896953135614,0.9056014712345598,0.78488266182146,0.45189758591759216,0.4484788988201827,0.18923188857178738,0.5748290461154255,0.5736875181321727,0.30027918183731894,0,0.0,inf,0.6915278434753418
3,0.0,1.0,0.0,0.25,1,78,10,4,0.12872597272065514,0.20254415161748732,0.6065038502295796,0.6022740854756824,0.36161010624340195,0.9116055475593928,0.9112424542131328,0.8049349549879696,0.40451528981464546,0.4005817051552045,0.16887295134427216,0.5843445647456531,0.5832362201059156,0.31666379824114854,0,0.0,inf,2.286348581314087
3,0.0,1.0,0.0,0.25,2,27,10,3,0.13490975244315373,0.29426827193217114,0.6291504061342379,0.625229430419933,0.4621090869602598,0.7889606460971244,0.7883188157233192,0.6085417084158432,0.5083359456392488,0.5051533194864386,0.3074855352082436,0.6729934599358477,0.6723248877323879,0.5180642050574342,0,0.0,inf,0.6105301380157471
3,0.0,1.0,0.0,0.25,3,35,10,3,0.11928470433446625,0.27125869482888354,0.5932503919108525,0.5889504091149593,0.4142605636249217,0.7889606460971244,0.7883188157233192,0.6085417084158432,0.44352639770329827,0.43992482455730647,0.2598083194595389,0.6729934599358478,0.672324887732388,0.5180642050574342,0,0.0,inf,0.7254958152770996
3,0.0,1.0,0.0,0.25,4,26,10,4,0.15825565475345305,0.28942926865313484,0.719559423201783,0.7166845528527761,0.5570497523306975,0.9059896953135614,0.9056014712345598,0.78488266182146,0.4884510843273793,0.48526039289313055,0.21988348582611322,0.5748290461154254,0.5736875181321726,0.30027918183731894,0,0.0,inf,0.6453709602355957
3,0.0,1.0,0.0,0.25,5,30,10,4,0.1386430760821815,0.23075070568009323,0.6348649402948722,0.6310043840876478,0.45703841151357766,0.897406368541996,0.8969792788487176,0.7526454569778374,0.5135848135532112,0.5104361642269505,0.3022543680900418,0.8281626276133814,0.8276964442337124,0.6590455003918929,0,0.0,inf,0.7895500659942627
3,0.0,1.0,0.0,0.25,6,35,10,3,0.13244968497993664,0.2856535729053312,0.6309470208740755,0.6270558525119182,0.47375770294686076,0.8021489417124285,0.8015540214626932,0.6413806962628472,0.3320864070478406,0.32777750461837635,0.1237070302130799,0.39339458151409673,0.39217294967754845,0.17010623090404783,0,0.0,inf,0.948500394821167
3,0.0,1.0,0.0,0.25,7,53,10,4,0.15407401592895034,0.2823780268822277,0.7052766914203404,0.7022580681343478,0.5551038387303131,0.9116055475593928,0.9112424542131328,0.8049349549879696,0.4497304800369657,0.44630194994880906,0.1970034157129758,0.5843445647456531,0.5832362201059156,0.31666379824114854,0,0.0,inf,1.4746665954589844
3,0.0,1.0,0.0,0.25,8,37,10,4,0.15862790040234778,0.2831966236222061,0.734645529934244,0.7319271449970093,0.563124620986237,0.9116055475593928,0.9112424542131328,0.8049349549879696,0.45804003703122426,0.4546624265101917,0.1930608386546104,0.5843445647456531,0.5832362201059156,0.31666379824114854,0,0.0,inf,1.0032460689544678
3,0.0,1.0,0.0,0.25,9,27,10,3,0.11825443410873665,0.26372872800979164,0.6008186385890865,0.5965980045998462,0.4194375938160557,0.7889606460971246,0.7883188157233194,0.6085417084158432,0.318110761645496,0.31369663707795975,0.10128264623279307,0.369580369309153,0.36829146223863185,0.13669890873660492,0,0.0,inf,0.675684928894043
3,0.0,1.0,0.0,0.5,0,29,10,3,0.09478682437706368,0.24493163918681332,0.565054301288919,0.5605909272567934,0.3734305030441467,0.7849276230002521,0.7842712471813089,0.5998687124749003,0.3896907811930298,0.38587698870479287,0.1914869679059779,0.6670370059186,0.6663531018504028,0.5086807911004654,0,0.0,inf,0.7858748435974121
3,0.0,1.0,0.0,0.5,1,35,10,3,0.11275947315789578,0.28444640393384435,0.5979743391372996,0.5938580949782737,0.4304821219246051,0.8021489417124285,0.8015540214626932,0.6413806962628472,0.3058458774987234,0.30151999724476153,0.10731041385157315,0.39339458151409673,0.39217294967754845,0.17010623090404783,0,0.0,inf,0.9944279193878174
3,0.0,1.0,0.0,0.5,2,66,10,3,0.10502410130054853,0.26705426750134537,0.5584114695353923,0.5538818682774765,0.38840384216160595,0.7926764584473263,0.7920479364188315,0.6178455857756018,0.4146160490441869,0.4109599092926462,0.21577939180287695,0.6489462238665674,0.6482315250053116,0.4562355416832998,0,0.0,inf,1.8841168880462646
3,0.0,1.0,0.0,0.5,3,1000,10,4,0.14134278342196194,0.27556369562760585,0.7208763272414099,0.7180773508478773,0.5492980192103487,0.9059896953135614,0.9056014712345598,0.78488266182146,0.4522025242347971,0.4488726556233317,0.1892960464096012,0.5748290461154255,0.5736875181321727,0.30027918183731894,0,0.0,inf,23.36308526992798
3,0.0,1.0,0.0,0.5,4,1000,10,4,0.1458785098591521,0.2880395471524583,0.6979858656595987,0.6949515059561596,0.532319391093762,0.897406368541996,0.8969792788487176,0.7526454569778374,0.5735664173698861,0.5709682313120197,0.33961742724024624,0.8281626276133816,0.8276964442337125,0.6590455003918929,0,0.0,inf,19.78935742378235
3,0.0,1.0,0.0,0.5,5,115,10,3,0.11031887556960142,0.2749506360703296,0.6167977994411081,0.6128746300951304,0.4243209894810882,0.8019282820082536,0.8013325861275414,0.6406540834881669,0.35199436235126585,0.347956506423322,0.12458068752331815,0.39299760652501203,0.3917748685998332,0.16938304041028776,0,0.0,inf,3.4213480949401855
3,0.0,1.0,0.0,0.5,6,23,10,4,0.14474820841966263,0.29060424953608693,0.7052696004127013,0.7023158072520171,0.5314308457515231,0.9116055475593928,0.9112424542131328,0.8049349549879696,0.4622070540743202,0.4589402365634252,0.1965819818602841,0.5843445647456531,0.5832362201059156,0.31666379824114854,0,0.0,inf,0.5609054565429688
3,0.0,1.0,0.0,0.5,7,49,10,4,0.1406923036762518,0.28522780232656963,0.7113929220269062,0.7084939818837053,0.5545117357742819,0.9037907607564276,0.9033926442098374,0.7752391372397232,0.4574067022397264,0.45410176213779885,0.19587956010621504,0.5710951027994496,0.5699404978572171,0.2922549271034125,0,0.0,inf,1.3047120571136475
3,0.0,1.0,0.0,0.5,8,37,10,4,0.1386879996960254,0.28396376155237063,0.7020561919463045,0.6990645426645797,0.5450168615017713,0.9000920107272863,0.8996771460213145,0.7622414951112423,0.6221000747781986,0.6197992814528981,0.36573512328161223,0.8255305231223697,0.8250587365522001,0.6500663075088151,0,0.0,inf,0.6959421634674072
3,0.0,1.0,0.0,0.5,9,29,10,4,0.14533868592985313,0.29356906622010187,0.7015633936602452,0.6985724568314059,0.5278284393732212,0.9116055475593928,0.9112424542131328,0.8049349549879696,0.4682808245455364,0.46505090208855165,0.20185317716792575,0.5843445647456531,0.5832362201059156,0.31666379824114854,0,0.0,inf,0.5108654499053955
3,0.0,1.0,0.0,0.75,0,111,10,4,0.14089293333700315,0.2979427377084802,0.7082495006219491,0.7053726349178239,0.5397804933119562,0.897406368541996,0.8969792788487176,0.7526454569778374,0.5870508467556991,0.584589611548192,0.32821366443253963,0.8281626276133816,0.8276964442337125,0.6590455003918929,0,0.0,inf,2.1805598735809326
3,0.0,1.0,0.0,0.75,1,113,10,4,0.13702795765134876,0.2912811607327868,0.7068421656731207,0.7039572817482055,0.538691935166168,0.9116055475593928,0.9112424542131328,0.8049349549879696,0.4400972515611237,0.43676828526232153,0.18856264445803558,0.5843445647456531,0.5832362201059156,0.31666379824114854,0,0.0,inf,2.7867300510406494
3,0.0,1.0,0.0,0.75,2,1000,10,4,0.1265858752629867,0.2804584412007592,0.6832354049573757,0.6801182135293553,0.5022303030854306,0.9116055475593928,0.9112424542131328,0.8049349549879696,0.40479941347196674,0.401260579810043,0.16393462596623992,0.5843445647456531,0.5832362201059156,0.31666379824114854,0,0.0,inf,20.76307773590088
3,0.0,1.0,0.0,0.75,3,38,10,3,0.10115183466208073,0.27846154497889386,0.6134853607311868,0.6096146759474835,0.4328420411928966,0.7889606460971246,0.7883188157233194,0.6085417084158432,0.32927598959800114,0.32520403229517714,0.11600373039425196,0.369580369309153,0.36829146223863185,0.13669890873660492,0,0.0,inf,1.0631170272827148
3,0.0,1.0,0.0,0.75,4,112,10,4,0.1325355059654434,0.28852091740169006,0.6872219970101173,0.6841377852890592,0.5092205636268511,0.897406368541996,0.8969792788487176,0.7526454569778374,0.559985952128356,0.5573634063308625,0.3061058193495723,0.8281626276133814,0.8276964442337124,0.6590455003918929,0,0.0,inf,3.3282618522644043
3,0.0,1.0,0.0,0.75,5,52,10,4,0.12352715605963888,0.2716470629384191,0.6729501632830611,0.6697157969549151,0.5000673166391333,0.9000920107272863,0.8996771460213145,0.7622414951112423,0.589559678033415,0.5871047967336395,0.3381070646642673,0.8255305231223697,0.8250587365522001,0.6500663075088151,0,0.0,inf,1.4787795543670654
3,0.0,1.0,0.0,0.75,6,29,10,5,0.15932688542937437,0.29317728943494403,0.8290539356109367,0.8274016852321987,0.6904966779751693,1.0,1.0,1.0,0.5964089953539429,0.5940601691015197,0.2865483900450392,0.7303232410180941,0.7294623299636518,0.45744797462502,0,0.0,inf,0.7991840839385986
3,0.0,1.0,0.0,0.75,7,111,10,3,0.10273643061001743,0.2858230231583241,0.6032404137300612,0.5992728806033266,0.415331955981103,0.8019282820082536,0.8013325861275414,0.6406540834881669,0.3234465557093755,0.3193463639512293,0.10910734906839892,0.39299760652501203,0.3917748685998332,0.16938304041028776,0,0.0,inf,3.3836333751678467
3,0.0,1.0,0.0,0.75,8,111,10,4,0.1376724993164367,0.2873408048412298,0.7237828145784057,0.7210610823955496,0.547494140213443,0.9059896953135614,0.9056014712345598,0.78488266182146,0.45739363427787927,0.45416242260834305,0.1916245982968644,0.5748290461154254,0.5736875181321726,0.30027918183731894,0,0.0,inf,3.2991857528686523
3,0.0,1.0,0.0,0.75,9,112,10,4,0.1386497553016329,0.2960075055376093,0.6896266765145619,0.6865622253481333,0.5206968667212709,0.897406368541996,0.8969792788487176,0.7526454569778374,0.5879389886995305,0.585479233710375,0.33234983592595607,0.8281626276133816,0.8276964442337125,0.6590455003918929,0,0.0,inf,3.3610615730285645
3,0.0,1.0,0.0,1.0,0,35,10,4,0.10990978660477302,0.2800643698566522,0.7340335274080981,0.7314662717753392,0.5403851402937822,0.9116055475593928,0.9112424542131328,0.8049349549879696,0.4674980895555673,0.4644033202445973,0.19328287608304393,0.5843445647456531,0.5832362201059156,0.31666379824114854,0,0.0,inf,0.8331482410430908
3,0.0,1.0,0.0,1.0,1,47,10,4,0.12416657323084455,0.2959599932592231,0.7219442339254017,0.7192588230957246,0.5273861006947302,0.9083491277292126,0.907971490705844,0.7934094346634827,0.5872418588138539,0.5848414467585322,0.28906292284081037,0.8174624962315958,0.8169738155354499,0.6216283231336616,0,0.0,inf,0.8197336196899414
3,0.0,1.0,0.0,1.0,2,40,10,4,0.12603088656327138,0.2964120552273149,0.7185373253560483,0.7158186803168715,0.5261760628125339,0.9116055475593928,0.9112424542131328,0.8049349549879696,0.4767458362505774,0.47370238720024604,0.19177902986189985,0.5843445647456531,0.5832362201059156,0.31666379824114854,0,0.0,inf,0.7811312675476074
3,0.0,1.0,0.0,1.0,3,86,10,3,0.09531189962009687,0.3046225766325647,0.6348897479364294,0.6313061218359401,0.41386216940444015,0.7595386266093844,0.7587891678710779,0.523012647821584,0.43851601946844965,0.4351871372737964,0.17651027107607573,0.5985980779182607,0.5977499332867956,0.3492141733820439,0,0.0,inf,2.298373222351074
3,0.0,1.0,0.0,1.0,4,54,10,5,0.14702151601043,0.28882386913010744,0.8169849475911318,0.815235368626644,0.6573708801725194,1.0,1.0,1.0,0.5705928356055858,0.5681256106707702,0.26504940183762443,0.7303232410180941,0.7294623299636517,0.45744797462502,0,0.0,inf,1.4822041988372803
3,0.0,1.0,0.0,1.0,5,41,10,4,0.11249287455022715,0.2835326857788164,0.6842499814748616,0.6812001553386989,0.4652418463049905,0.9116055475593928,0.9112424542131328,0.8049349549879696,0.46591339583441527,0.4628069411115421,0.18825754162445474,0.5843445647456531,0.5832362201059156,0.31666379824114854,0,0.0,inf,1.0666565895080566
3,0.0,1.0,0.0,1.0,6,26,10,4,0.12635866678875696,0.3046037307304118,0.7295886115154623,0.7269745404609029,0.5249303485780508,0.897406368541996,0.8969792788487176,0.7526454569778374,0.5944654649858689,0.5921043747553684,0.29408512365294776,0.8281626276133816,0.8276964442337125,0.6590455003918929,0,0.0,inf,0.7169926166534424
3,0.0,1.0,0.0,1.0,7,19,10,5,0.14628482166241805,0.28795695706564856,0.809149936812566,0.807325457068802,0.6536391269130897,1.0,1.0,1.0,0.5705928356055858,0.5681256106707702,0.26504940183762443,0.7303232410180941,0.7294623299636517,0.45744797462502,0,0.0,inf,0.46644163131713867
3,0.0,1.0,0.0,1.0,8,26,10,3,0.08890063480579088,0.2960544242597524,0.616430929159245,0.6126868421100825,0.4018554781149816,0.789789857030486,0.789150994948784,0.6112350182388241,0.3311282630494933,0.3271889245337594,0.10732914222746692,0.37108297259378914,0.3697983388154702,0.1394956227629166,0,0.0,inf,0.7034189701080322
3,0.0,1.0,0.0,1.0,9,42,10,4,0.12633611783444654,0.3039988207535815,0.7242011919407358,0.7215350406182264,0.5213583963117203,0.897406368541996,0.8969792788487176,0.7526454569778374,0.5878909520689994,0.5854915839191651,0.2918256355554657,0.8281626276133814,0.8276964442337124,0.6590455003918929,0,0.0,inf,1.0606911182403564
3,0.0,1.0,0.25,0.0,0,47,10,3,0.13883655035465758,0.29494518928432767,0.6316980725780654,0.6278082346165645,0.46431773997500486,0.7926764584473263,0.7920479364188315,0.6178455857756018,0.46505719895319503,0.4615989826691682,0.2775297091178943,0.6489462238665674,0.6482315250053116,0.4562355416832998,0,0.0,inf,0.8826124668121338
3,0.0,1.0,0.25,0.0,1,50,10,3,0.1248854095603857,0.27142793816897676,0.622798217356734,0.6188210725216999,0.43930841565016593,0.8021489417124285,0.8015540214626932,0.6413806962628472,0.4439624487145618,0.4403752264652411,0.24909924623814456,0.6631635923571185,0.6624852435215407,0.4806777554355714,0,0.0,inf,1.0408923625946045
3,0.0,1.0,0.25,0.0,2,25,10,2,0.09983366419421275,0.28685222341413025,0.47603905251512896,0.47025115735401063,0.30196039927561247,0.5936479709519707,0.5929324165216566,0.3829540138806239,0.25603647871098245,0.25095709154829604,0.08858379241380251,0.3313580831174686,0.33051922751079077,0.16087386817347216,0,0.0,inf,0.38510775566101074
3,0.0,1.0,0.25,0.0,3,62,10,3,0.10348967865737108,0.2358796998323547,0.5529814909854002,0.5482567690808569,0.36784701718365037,0.7849276230002521,0.7842712471813089,0.5998687124749003,0.38150937965548765,0.37750742028944617,0.19102586982123568,0.6372585608267675,0.6365134920042134,0.43702870926961385,0,0.0,inf,1.3586461544036865
3,0.0,1.0,0.25,0.0,4,1000,10,3,0.09925128355787896,0.23368046287639824,0.55797443995973,0.5532972530088217,0.39773848635173026,0.7916267295012034,0.790994464710824,0.6144266258107057,0.2596180423585994,0.25482082791724675,0.07526626734653095,0.37440901171420427,0.3731338810288384,0.14279638485309123,0,0.0,inf,19.25681209564209
3,0.0,1.0,0.25,0.0,5,35,10,3,0.13621316053495855,0.2907414425239585,0.6212888230449709,0.617284907130701,0.45887457480119387,0.789789857030486,0.789150994948784,0.6112350182388241,0.31989683799372726,0.31549465524035697,0.11117730030388868,0.3710829725937891,0.3697983388154702,0.1394956227629166,0,0.0,inf,0.7432880401611328
3,0.0,1.0,0.25,0.0,6,20,10,3,0.12135339909791255,0.26825856352998745,0.6077485953529366,0.6036129605690058,0.428353799753335,0.8021489417124285,0.8015540214626932,0.6413806962628472,0.4873720016944407,0.4840650182434823,0.28426510147081646,0.6631635923571185,0.6624852435215407,0.4806777554355714,0,0.0,inf,0.2922956943511963
3,0.0,1.0,0.25,0.0,7,32,10,4,0.12267831925720928,0.2165561595462533,0.5978691832950872,0.5936180804622135,0.40913502762775344,0.9059896953135614,0.9056014712345598,0.78488266182146,0.33199679514361563,0.32767345201413756,0.10733263386010938,0.5748290461154255,0.5736875181321727,0.30027918183731894,0,0.0,inf,0.5764060020446777
3,0.0,1.0,0.25,0.0,8,31,10,4,0.153635040496654,0.28621937852088064,0.7204551374768026,0.7175868511908187,0.5825501818800818,0.9000920107272863,0.8996771460213145,0.7622414951112423,0.6353632929543269,0.6330864373763369,0.3970650858480096,0.8255305231223697,0.8250587365522001,0.6500663075088151,0,0.0,inf,0.5397276878356934
3,0.0,1.0,0.25,0.0,9,34,10,3,0.13287785241395553,0.2890826718755303,0.6088939051744153,0.6047606316671338,0.4483037678075532,0.7852802150932446,0.7846251091678986,0.6010060305727019,0.4793932134203619,0.4760250998422618,0.2937323051644319,0.6603075896392546,0.6596101398698013,0.4926820471129652,0,0.0,inf,0.6227822303771973
3,0.0,1.0,0.25,0.25,0,66,10,3,0.11937253943294385,0.2843384902813526,0.6229046551665918,0.6190349696324248,0.4597048228366583,0.7849276230002521,0.7842712471813089,0.5998687124749003,0.4511310735421753,0.44770125436247443,0.2555654608247371,0.6670370059186,0.6663531018504028,0.5086807911004654,0.24242424242424243,0.3771083786625222,1.9646723194221285,1.484525203704834
3,0.0,1.0,0.25,0.25,1,63,10,4,0.12892219983626935,0.2637178517924789,0.6979854927619646,0.6949596454490761,0.5226481336225771,0.9137594533047027,0.9134059329538328,0.8127690521941776,0.4809936760420019,0.4778421744793916,0.20638419069628153,0.5879863206256295,0.5868905825581722,0.3229571956914917,0.24242424242424243,0.4113909585409334,1.6607728063714522,1.2456028461456299
3,0.0,1.0,0.25,0.25,2,111,10,4,0.14342686075465852,0.2866884645015245,0.7023553061517053,0.6993703445137129,0.5283612951925591,0.9059896953135614,0.9056014712345598,0.78488266182146,0.46314997927230844,0.4598863005453144,0.1965090164700282,0.5748290461154255,0.5736875181321727,0.30027918183731894,0.24242424242424243,0.4102905300510091,1.6570238852532673,3.310847759246826
3,0.0,1.0,0.25,0.25,3,34,10,4,0.15258335300432918,0.29734862814329355,0.7158924293633274,0.7130450983780598,0.5578392555863058,0.9116055475593928,0.9112424542131328,0.8049349549879696,0.4621184716632325,0.45885111605942663,0.19838253867329042,0.5843445647456531,0.5832362201059156,0.31666379824114854,0.24242424242424243,0.4052046283373103,1.6594751622410122,0.8537685871124268
3,0.0,1.0,0.25,0.25,4,94,10,3,0.10025214860342255,0.25630256392947115,0.5616573100364451,0.5571449048055086,0.39373570033468214,0.792676458447326,0.7920479364188314,0.6178455857756018,0.29837286635456917,0.29397168922507716,0.09790370126635355,0.37630819673063254,0.37503844305790235,0.14631627595794314,0.24242424242424243,0.3771083786625222,1.9661265192444484,2.3255720138549805
3,0.0,1.0,0.25,0.25,5,42,10,4,0.12260172482482129,0.25271247539806996,0.6918571087889565,0.6887685510732509,0.5240894461400492,0.9116055475593928,0.9112424542131328,0.8049349549879696,0.43209217540500217,0.4286419689105942,0.1777563447132906,0.5843445647456531,0.5832362201059156,0.31666379824114854,0.24242424242424243,0.374251497005988,1.667839176447846,0.740689754486084
3,0.0,1.0,0.25,0.25,6,25,10,4,0.15243240034570246,0.2936979802975485,0.7311668102098271,0.728472559333504,0.5642404546123654,0.9116055475593928,0.9112424542131328,0.8049349549879696,0.4584784469961246,0.45518898010132336,0.19723435751717044,0.5843445647456531,0.5832362201059156,0.31666379824114854,0.24242424242424243,0.4052046283373103,1.6594751622410122,0.3909885883331299
3,0.0,1.0,0.25,0.25,7,32,10,3,0.11572090159233407,0.29120405796004234,0.5866655477377826,0.5824264698264575,0.41179268959147386,0.7921997857472497,0.7915695648752535,0.6162892627615703,0.45295062369507644,0.4495346033539845,0.24787107700872604,0.6705723119966838,0.6699012798556625,0.5090921424894774,0.24242424242424243,0.3756745065003073,1.9647398048333793,0.5688631534576416
3,0.0,1.0,0.25,0.25,8,36,10,5,0.14142943299201097,0.23123574692850332,0.7444529409456975,0.741899395770176,0.5752272786479354,1.0,1.0,1.0,0.4910209239225052,0.48794013385343593,0.21541300554326384,0.7303232410180941,0.7294623299636518,0.45744797462502,0.24242424242424243,0.4381480940557908,1.6614119869151618,0.6661744117736816
3,0.0,1.0,0.25,0.25,9,38,10,3,0.11344344096535358,0.28387597989338315,0.5936894899798963,0.589519990141387,0.42596017719513535,0.7849276230002521,0.7842712471813089,0.5998687124749003,0.44526070877448504,0.4417941927412052,0.2536678075182857,0.6372585608267675,0.6365134920042134,0.43702870926961385,0.24242424242424243,0.37855323835088445,1.9646033215690686,0.6478729248046875
3,0.0,1.0,0.25,0.5,0,43,10,4,0.10262894972870212,0.22455522949358556,0.5978743370399442,0.5938852964348561,0.40916288461384176,0.9000920107272863,0.8996771460213145,0.7622414951112423,0.47189656330524304,0.4687262618198448,0.28558880795768543,0.8255305231223697,0.8250587365522001,0.6500663075088151,0.24242424242424243,0.39006494054145224,1.1673027439740724,0.8303172588348389
3,0.0,1.0,0.25,0.5,1,57,10,3,0.09517268879045454,0.27251495334423315,0.584514360608226,0.5803504564554199,0.3918045273545098,0.7926764584473263,0.7920479364188315,0.6178455857756018,0.42449730264579666,0.42100030042156655,0.1974987631317509,0.6489462238665674,0.6482315250053116,0.4562355416832998,0.24242424242424243,0.42147410568463195,1.3752292427292383,1.5542373657226562
3,0.0,1.0,0.25,0.5,2,88,10,4,0.1264340810217965,0.27177421143952823,0.6719815764257926,0.6687266302161458,0.4983910957941561,0.9037907607564276,0.9033926442098374,0.7752391372397232,0.41109198893432153,0.4075553079889673,0.16082098722484472,0.5710951027994496,0.5699404978572171,0.2922549271034125,0.24242424242424243,0.3781909864481563,1.1712064218431442,1.7818303108215332
3,0.0,1.0,0.25,0.5,3,1000,10,4,0.11621701133393268,0.26172705867638385,0.6457072949676365,0.6422147753686307,0.46292798628356296,0.9059896953135614,0.9056014712345598,0.78488266182146,0.36574783334680416,0.3619689946324473,0.14022027440972296,0.5748290461154254,0.5736875181321726,0.30027918183731894,0.24242424242424243,0.39520958083832336,1.1698257071377534,19.90678834915161
3,0.0,1.0,0.25,0.5,4,87,10,3,0.10426229718263888,0.28791990151177854,0.6022971305201835,0.5983133136805315,0.43228270065094787,0.7926764584473263,0.7920479364188315,0.6178455857756018,0.4469243786827281,0.4435655633426697,0.24569262676127107,0.6489462238665674,0.6482315250053116,0.4562355416832998,0.24242424242424243,0.403275082488085,1.3770725138775775,1.5567207336425781
3,0.0,1.0,0.25,0.5,5,112,10,3,0.10488858622255155,0.29107981680740586,0.6053493258296201,0.6013938325830267,0.4311885006025852,0.7916267295012033,0.7909944647108239,0.6144266258107057,0.46913834942741484,0.4659122180937539,0.26615457678430926,0.676923515689911,0.6762649947927467,0.5243675728058969,0.24242424242424243,0.4196153148248956,1.3750578495823054,2.5029430389404297
3,0.0,1.0,0.25,0.5,6,111,10,4,0.14239395327998683,0.29762529239544133,0.7175077597684404,0.7147176209311384,0.551906097082547,0.897406368541996,0.8969792788487176,0.7526454569778374,0.6112648933474086,0.6089434168521105,0.3395608344910866,0.8281626276133814,0.8276964442337124,0.6590455003918929,0.24242424242424243,0.40982673436397166,1.160885232630433,3.3660049438476562
3,0.0,1.0,0.25,0.5,7,43,10,4,0.1212056113447782,0.26235595427742286,0.6946707012921637,0.6916611475231033,0.495181851657296,0.9116055475593928,0.9112424542131328,0.8049349549879696,0.4577380384287315,0.45450765552302896,0.18125644439212046,0.5843445647456531,0.5832362201059156,0.31666379824114854,0.24242424242424243,0.42147410568463195,1.1618314157079086,1.2060823440551758
3,0.0,1.0,0.25,0.5,8,20,10,3,0.09562111582633563,0.26528192226236885,0.5576859374344869,0.5532496550337538,0.38930043586699575,0.789789857030486,0.789150994948784,0.6112350182388241,0.32280999678188543,0.3186911818004611,0.11147605103486317,0.3710829725937891,0.3697983388154702,0.1394956227629166,0.24242424242424243,0.3829550201921738,1.3817088591954623,0.4688379764556885
3,0.0,1.0,0.25,0.5,9,1000,10,4,0.13113833800520194,0.2881704886410059,0.6779881719537932,0.6748154484853687,0.503384674333012,0.9116055475593928,0.9112424542131328,0.8049349549879696,0.44767822620304243,0.44438949340083117,0.1867465998308019,0.5843445647456531,0.5832362201059156,0.31666379824114854,0.24242424242424243,0.40000969720478075,1.1693034305466097,21.64563822746277
3,0.0,1.0,0.25,0.75,0,79,10,4,0.1310639192603306,0.29583581967500144,0.7053169070878462,0.7024502112597042,0.5305871004897235,0.897406368541996,0.8969792788487176,0.7526454569778374,0.5731492570226042,0.5706453557973923,0.3018514530164042,0.8281626276133816,0.8276964442337125,0.6590455003918929,0.24242424242424243,0.3696003696003696,1.1526414971179317,1.5886602401733398
3,0.0,1.0,0.25,0.75,1,89,10,2,0.058183186841430916,0.28234345266756944,0.47854760622177706,0.47334426544702507,0.2930493295290151,0.5976802337166613,0.5969738544387009,0.39109438552078163,0.24350292684043018,0.23892860535207552,0.08176676200857946,0.3381718605862629,0.3373449913477328,0.17299042327272104,0.22699386503067484,0.3696003696003696,1.5614469619476035,2.4235453605651855
3,0.0,1.0,0.25,0.75,2,45,10,4,0.1305046072644581,0.29608867163734526,0.720679551564809,0.7179611414329812,0.5458951416328298,0.897406368541996,0.8969792788487176,0.7526454569778374,0.5730339384173476,0.5705280738998004,0.3033051198272725,0.8281626276133814,0.8276964442337124,0.6590455003918929,0.24242424242424243,0.3696003696003696,1.1520955389661265,1.2900705337524414
3,0.0,1.0,0.25,0.75,3,1000,10,4,0.1163189580781464,0.2775569588961427,0.7057699898600367,0.7029129540442517,0.5191493403105426,0.9137594533047027,0.9134059329538328,0.8127690521941776,0.461680111864696,0.4585292775988354,0.18576476900440503,0.5879863206256295,0.5868905825581722,0.3229571956914917,0.24242424242424243,0.3696003696003696,1.1660703490872364,20.480517387390137
3,0.0,1.0,0.25,0.75,4,33,10,5,0.1500355810928047,0.29312163223343835,0.8224644260299233,0.8207652782919773,0.6643879270150842,1.0,1.0,1.0,0.5901580688958782,0.5878000900405983,0.2716790894555809,0.7303232410180941,0.7294623299636518,0.45744797462502,0.24242424242424243,0.3696003696003696,0.9156115149370252,0.8653898239135742
3,0.0,1.0,0.25,0.75,5,53,10,5,0.14963831645757875,0.29256152628973503,0.8250468281744922,0.8233723535196968,0.6634838867111514,1.0,1.0,1.0,0.586496700359682,0.584117584503291,0.2706171739125919,0.7303232410180941,0.7294623299636518,0.45744797462502,0.24242424242424243,0.3696003696003696,0.9157758557480493,1.3378572463989258
3,0.0,1.0,0.25,0.75,6,29,10,5,0.14938329376680265,0.292387018871845,0.8229678534849044,0.8212735239228441,0.6614438297002633,1.0,1.0,1.0,0.5897154061810801,0.5873548805163054,0.27109969140225737,0.7303232410180941,0.7294623299636518,0.45744797462502,0.24242424242424243,0.3696003696003696,0.9156115149370252,0.7850844860076904
3,0.0,1.0,0.25,0.75,7,42,10,5,0.15046829985213647,0.29344990178591124,0.826097715862981,0.8244333414161736,0.6662204773845135,1.0,1.0,1.0,0.5901580688958782,0.5878000900405983,0.2716790894555809,0.7303232410180941,0.7294623299636517,0.45744797462502,0.24242424242424243,0.3696003696003696,0.9156115149370252,1.140305519104004
3,0.0,1.0,0.25,0.75,8,30,10,5,0.15061721029679695,0.29275253991464223,0.8267403063629108,0.8250820819860302,0.6652891812951314,1.0,1.0,1.0,0.58971540618108,0.5873548805163052,0.27109969140225737,0.7303232410180941,0.7294623299636517,0.45744797462502,0.24242424242424243,0.3696003696003696,0.9156115149370252,0.7851552963256836
3,0.0,1.0,0.25,0.75,9,112,10,5,0.15016938267756785,0.2932069154229845,0.8217438566738651,0.8200378125502314,0.6624652512176501,1.0,1.0,1.0,0.5901580688958781,0.5878000900405982,0.2716790894555809,0.7303232410180941,0.7294623299636518,0.45744797462502,0.24242424242424243,0.3696003696003696,0.9156115149370252,3.210571050643921
3,0.0,1.0,0.25,1.0,0,44,10,4,0.1003765130827942,0.2770063110356948,0.6870424819371224,0.684048293045031,0.4864293068262057,0.8974063685419958,0.8969792788487174,0.7526454569778374,0.4420181294379449,0.43880878764714587,0.17204409406312743,0.5602281539441709,0.5590350821308032,0.2730752262032187,0.24242424242424243,0.32464897329762193,1.3482344839952642,0.8020915985107422
3,0.0,1.0,0.25,1.0,1,114,10,4,0.10587535081683801,0.2864412908280722,0.6924001556006664,0.689458287224548,0.5020370992020006,0.9037907607564276,0.9033926442098374,0.7752391372397232,0.429452090677165,0.4261718837710365,0.1748418673636542,0.5710951027994496,0.5699404978572171,0.2922549271034125,0.24242424242424243,0.32464897329762193,1.3523973879156694,2.249274969100952
3,0.0,1.0,0.25,1.0,2,49,10,4,0.11708983704640606,0.2939588032924376,0.6961332623001859,0.693228663749914,0.4953619047179665,0.9116055475593928,0.9112424542131328,0.8049349549879696,0.4603408743277038,0.45724024529489443,0.18104003870252644,0.5843445647456531,0.5832362201059156,0.31666379824114854,0.24242424242424243,0.32464897329762193,1.3463516587419055,0.8913366794586182
3,0.0,1.0,0.25,1.0,3,27,10,5,0.1399535185311323,0.2904615446066491,0.8058816417321096,0.8040392740320814,0.630458654141753,1.0,1.0,1.0,0.5817439715789181,0.5793610367662034,0.2568415720415216,0.7303232410180941,0.7294623299636518,0.45744797462502,0.24242424242424243,0.32464897329762193,1.0837717154042765,0.4701964855194092
3,0.0,1.0,0.25,1.0,4,35,10,4,0.11343168632234388,0.29033689832880066,0.6923311952637293,0.6893899141789738,0.49025692491700523,0.9059896953135614,0.9056014712345598,0.78488266182146,0.46134225732582596,0.45824695625520195,0.1819748090828467,0.5748290461154254,0.5736875181321726,0.30027918183731894,0.24242424242424243,0.32464897329762193,1.3464678161685746,0.6370134353637695
3,0.0,1.0,0.25,1.0,5,46,10,5,0.14000888338498538,0.2904817228424892,0.8064115694112367,0.8045742312284992,0.6319494763010691,1.0,1.0,1.0,0.582383419447025,0.5800041277678991,0.2577030826929515,0.7303232410180941,0.7294623299636518,0.45744797462502,0.24242424242424243,0.32464897329762193,1.0837717154042763,1.0006599426269531
3,0.0,1.0,0.25,1.0,6,49,10,4,0.11570669438056191,0.29357445212549577,0.7004333430435372,0.6975701808137067,0.49880542411615647,0.9083491277292126,0.907971490705844,0.7934094346634827,0.5812065806087524,0.5788007224982818,0.27152743143621094,0.8174624962315958,0.8169738155354499,0.6216283231336616,0.24242424242424243,0.32464897329762193,1.3461959796611986,1.3781101703643799
3,0.0,1.0,0.25,1.0,7,103,10,4,0.10252752299108099,0.277241287614258,0.7227225045861049,0.7200732398944348,0.5133767359649829,0.9137594533047027,0.9134059329538328,0.8127690521941776,0.483204701963371,0.48023700303387706,0.18968207875360626,0.5879863206256295,0.5868905825581722,0.3229571956914917,0.24242424242424243,0.32464897329762193,1.349883394343666,2.091092348098755
3,0.0,1.0,0.25,1.0,8,32,10,4,0.11532430779889244,0.2933696757616764,0.7004333430435372,0.6975701808137066,0.49880542411615647,0.9083491277292126,0.907971490705844,0.7934094346634827,0.5812065806087523,0.5788007224982817,0.27152743143621094,0.8174624962315958,0.8169738155354499,0.6216283231336616,0.24242424242424243,0.32464897329762193,1.3461959796611986,0.602257251739502
3,0.0,1.0,0.25,1.0,9,45,10,4,0.10527426569103465,0.2867242661288458,0.684145456092144,0.6811246402136761,0.4839225524912729,0.9037907607564276,0.9033926442098374,0.7752391372397232,0.41761153003794604,0.414263249113586,0.16346878827787045,0.5710951027994496,0.5699404978572171,0.2922549271034125,0.24242424242424243,0.32464897329762193,1.3523973879156694,0.8595526218414307
3,0.0,1.0,0.5,0.0,0,87,10,3,0.1140319918008005,0.283838142479903,0.6039192251977993,0.5998638492989488,0.43484833469375045,0.8021489417124285,0.8015540214626932,0.6413806962628472,0.3125969951828433,0.3083131870361199,0.10896382325257051,0.39339458151409673,0.39217294967754845,0.17010623090404783,0,0.0,inf,1.6958591938018799
3,0.0,1.0,0.5,0.0,1,48,10,4,0.1514945030607057,0.2951718278078187,0.7215322426498775,0.7187414339708826,0.5603747954602645,0.9116055475593928,0.9112424542131328,0.8049349549879696,0.46276213211074885,0.4594986864154625,0.19877396406742223,0.5843445647456531,0.5832362201059156,0.31666379824114854,0,0.0,inf,0.7941839694976807
3,0.0,1.0,0.5,0.0,2,28,10,3,0.09982563269142361,0.25585800296889916,0.559028721981971,0.5544892574324725,0.3884722260030673,0.7926764584473263,0.7920479364188315,0.6178455857756018,0.29761674208679606,0.29321082192974024,0.09448161250935669,0.3763081967306326,0.3750384430579024,0.14631627595794314,0,0.0,inf,0.4834601879119873
3,0.0,1.0,0.5,0.0,3,21,10,3,0.11239347889701114,0.2821877083185004,0.6009604392107575,0.5968747690130037,0.4305619916703821,0.8021489417124285,0.8015540214626932,0.6413806962628472,0.3023176999082867,0.2979698325000659,0.10469612254737838,0.39339458151409673,0.39217294967754845,0.17010623090404783,0,0.0,inf,0.37853169441223145
3,0.0,1.0,0.5,0.0,4,37,10,4,0.1506121516153416,0.29117802747691596,0.7166983418487637,0.7138574697522585,0.567025247587202,0.9059896953135614,0.9056014712345598,0.78488266182146,0.46282762938024485,0.45956234705419063,0.20335924719654838,0.5748290461154255,0.5736875181321727,0.30027918183731894,0,0.0,inf,0.6125533580780029
3,0.0,1.0,0.5,0.0,5,62,10,4,0.14512381767356852,0.2822953293788988,0.7346132959885296,0.7319544735963631,0.5483996190260496,0.9083491277292126,0.907971490705844,0.7934094346634827,0.6197418585403377,0.6174329150377397,0.3575827306956368,0.8174624962315958,0.8169738155354499,0.6216283231336616,0,0.0,inf,1.1002304553985596
3,0.0,1.0,0.5,0.0,6,49,10,3,0.11830010409039565,0.2887115699544342,0.6018147318163265,0.5977285900490835,0.42719562973253056,0.7852802150932446,0.7846251091678986,0.6010060305727019,0.4724231677170734,0.4691263658698694,0.2582413137803775,0.6603075896392546,0.6596101398698013,0.4926820471129652,0,0.0,inf,0.9309325218200684
3,0.0,1.0,0.5,0.0,7,37,10,4,0.1551094376654767,0.29636636317842874,0.7371343571307317,0.7345007924237302,0.5769423330915684,0.9083491277292126,0.907971490705844,0.7934094346634827,0.6204717038222463,0.6181671919710393,0.35843526795050773,0.8174624962315958,0.8169738155354499,0.6216283231336616,0,0.0,inf,0.731576681137085
3,0.0,1.0,0.5,0.0,8,1000,10,4,0.14076515472202863,0.28385076318021507,0.6884570437595677,0.6853345634146975,0.5270205800669832,0.9116055475593928,0.9112424542131328,0.8049349549879696,0.43955478031471623,0.4361501204209983,0.18603373192933842,0.5843445647456531,0.5832362201059156,0.31666379824114854,0,0.0,inf,19.501248359680176
3,0.0,1.0,0.5,0.0,9,33,10,4,0.14377932803669632,0.2932531055124957,0.6953189333099937,0.6922654143915548,0.5196398925671579,0.9116055475593928,0.9112424542131328,0.8049349549879696,0.4621184716632325,0.45885111605942663,0.19838253867329042,0.5843445647456531,0.5832362201059156,0.31666379824114854,0,0.0,inf,0.5902678966522217
3,0.0,1.0,0.5,0.25,0,1000,10,3,0.08658468018040089,0.2613890883178797,0.5502968968525798,0.5456998797557403,0.31999015465869357,0.7375733655715297,0.7367405406672015,0.4724246305454723,0.35666547933530934,0.35266135551471267,0.12011623867080704,0.5960555189006077,0.5951809391979391,0.35653127194845763,0.20786516853932585,0.2994011976047904,1.3684201070202608,20.233411073684692
3,0.0,1.0,0.5,0.25,1,42,10,5,0.1336914065672521,0.23869874258036602,0.7434192387356532,0.7408971826326152,0.5537892658975492,1.0,1.0,1.0,0.4824185277132844,0.4793453995905494,0.19698956815975463,0.7303232410180941,0.7294623299636518,0.45744797462502,0.24242424242424243,0.42147410568463195,1.1472455867171802,1.305966854095459
3,0.0,1.0,0.5,0.25,2,23,10,4,0.1420734819587934,0.29934002634578033,0.7032641264034702,0.7003336251792728,0.5327119901760704,0.897406368541996,0.8969792788487176,0.7526454569778374,0.5854952359716071,0.5830201890543543,0.33192673352707247,0.8281626276133814,0.8276964442337124,0.6590455003918929,0.24242424242424243,0.40982673436397166,1.1600696948734246,0.5826370716094971
3,0.0,1.0,0.5,0.25,3,43,10,4,0.13102177745266658,0.2831088586197021,0.6920584998278562,0.6890257102143252,0.5115588589514575,0.9083491277292126,0.907971490705844,0.7934094346634827,0.5645220865757182,0.5619304206888568,0.30661167326058275,0.8174624962315958,0.8169738155354499,0.6216283231336616,0.24242424242424243,0.403275082488085,1.1680393533858218,0.851555585861206
3,0.0,1.0,0.5,0.25,4,59,10,4,0.12737538398615675,0.27095248383051307,0.7051801751143597,0.7022648609369696,0.5174145918926081,0.9137594533047027,0.9134059329538328,0.8127690521941776,0.46838788710245804,0.4652086792520539,0.18032771665266759,0.5879863206256295,0.5868905825581722,0.3229571956914917,0.24242424242424243,0.39920159680638717,1.164378543407343,1.301511287689209
3,0.0,1.0,0.5,0.25,5,75,10,4,0.14198823824091036,0.2992923168931827,0.7045913046684019,0.70167391037827,0.5357876456859166,0.897406368541996,0.8969792788487176,0.7526454569778374,0.5859546680258542,0.5834823644205924,0.3324323081396273,0.8281626276133816,0.8276964442337125,0.6590455003918929,0.24242424242424243,0.40982673436397166,1.1600696948734246,1.3580327033996582
3,0.0,1.0,0.5,0.25,6,72,10,3,0.09442913471263062,0.2752009214183164,0.6030169422737703,0.599040253518087,0.39453721522138757,0.7921997857472497,0.7915695648752535,0.6162892627615703,0.4741374899817237,0.47094385923722915,0.22555459746267997,0.6705723119966838,0.6699012798556625,0.5090921424894774,0.24242424242424243,0.40000969720478075,1.379479877671217,1.388505220413208
3,0.0,1.0,0.5,0.25,7,119,10,5,0.16037363469140972,0.2932828685084391,0.8295142502200531,0.8278664489346005,0.691652038545542,1.0,1.0,1.0,0.5958398907681584,0.5934877524305398,0.28582964425880514,0.7303232410180941,0.7294623299636517,0.45744797462502,0.24242424242424243,0.42147410568463195,0.9353045403909497,2.836092948913574
3,0.0,1.0,0.5,0.25,8,1000,10,4,0.13268778391624164,0.28660334218029526,0.6947405318333326,0.6917327926661008,0.5233402574248983,0.9116055475593928,0.9112424542131328,0.8049349549879696,0.456586685435302,0.4533509020609041,0.19434602468899032,0.5843445647456531,0.5832362201059156,0.31666379824114854,0.24242424242424243,0.40000969720478075,1.1696822496503962,20.646063566207886
3,0.0,1.0,0.5,0.25,9,42,10,4,0.13784368569572122,0.2880606969251945,0.7260533487487292,0.7233557257046047,0.54849595629531,0.9083491277292126,0.907971490705844,0.7934094346634827,0.5832057171063972,0.5807256438581212,0.32224925488998646,0.8174624962315958,0.8169738155354499,0.6216283231336616,0.24242424242424243,0.403275082488085,1.1676202600157022,1.1919093132019043
3,0.0,1.0,0.5,0.5,0,111,10,3,0.09229953144908926,0.2841852486575603,0.5899982245994821,0.5859625180901158,0.4131858518270563,0.789789857030486,0.789150994948784,0.6112350182388241,0.3188474392641025,0.31479554179544117,0.11467983468897305,0.37108297259378914,0.3697983388154702,0.1394956227629166,0.32673267326732675,0.42223245816060184,0.6240431868208529,2.91745924949646
3,0.0,1.0,0.5,0.5,1,49,10,4,0.12831604883352213,0.28810718394826396,0.7412791890806427,0.7387646191953975,0.5553453394580619,0.9116055475593928,0.9112424542131328,0.8049349549879696,0.4741832208804162,0.4711021511955374,0.19931210751082085,0.5843445647456531,0.5832362201059156,0.31666379824114854,0.3333333333333333,0.427715996578272,0.5171503683099972,0.9253711700439453
3,0.0,1.0,0.5,0.5,2,34,10,3,0.08435237435063805,0.2530252776635431,0.5659599457460764,0.5616181012910414,0.35076820457353747,0.7548712966501103,0.7541043224033086,0.5123044922655382,0.28049688991438826,0.2761327484713461,0.062240202968376006,0.307184590216507,0.3057130460362364,0.02947307308205422,0.24666666666666667,0.32969774736241797,0.6111634028888139,0.9103071689605713
3,0.0,1.0,0.5,0.5,3,33,10,5,0.15089785072241474,0.29375989967681093,0.8280625570526875,0.8264169876002161,0.6652591394857965,1.0,1.0,1.0,0.5901580688958782,0.5878000900405983,0.2716790894555809,0.7303232410180941,0.7294623299636518,0.45744797462502,0.48484848484848486,0.657878787878788,0.3943361168839803,0.6680467128753662
3,0.0,1.0,0.5,0.5,4,52,10,5,0.15020638765052924,0.29251065594270165,0.8244211773963035,0.8227407572270558,0.6653192231044663,1.0,1.0,1.0,0.5901580688958781,0.5878000900405982,0.2716790894555809,0.7303232410180941,0.7294623299636518,0.45744797462502,0.48484848484848486,0.657878787878788,0.3943361168839803,1.3295559883117676
3,0.0,1.0,0.5,0.5,5,53,10,5,0.15027828475351102,0.2919689623382737,0.8205076746635431,0.8187897993568989,0.6634566309257021,1.0,1.0,1.0,0.5801569273038218,0.5777414080198718,0.26950195737642585,0.7303232410180941,0.7294623299636517,0.45744797462502,0.48484848484848486,0.657878787878788,0.3943361168839803,1.334035873413086
3,0.0,1.0,0.5,0.5,6,37,10,3,0.08973683802052004,0.28220690132874243,0.5943586494937079,0.5903651334145797,0.42691939349853986,0.7849276230002521,0.7842712471813089,0.5998687124749003,0.4351087145431017,0.4317476539550228,0.2423495726295317,0.6670370059186,0.6663531018504028,0.5086807911004654,0.3490566037735849,0.4466872706200502,0.6187772079671487,0.6800312995910645
3,0.0,1.0,0.5,0.5,7,48,10,5,0.14939200939330524,0.2923608216732841,0.8233179544373688,0.82162697560231,0.6604524499922113,1.0,1.0,1.0,0.577943040592935,0.575514783964033,0.26664008214334306,0.7303232410180941,0.7294623299636518,0.45744797462502,0.48484848484848486,0.657878787878788,0.39433611688398024,0.9065558910369873
3,0.0,1.0,0.5,0.5,8,36,10,4,0.1270555280935891,0.2883127875607286,0.7190550697192545,0.7163264155931599,0.5197201084549969,0.9083491277292126,0.907971490705844,0.7934094346634827,0.5996067615947555,0.5972625777526025,0.30578387718826744,0.8174624962315958,0.8169738155354499,0.6216283231336616,0.3673469387755102,0.4645880652488127,0.5033814527684694,0.6791112422943115
3,0.0,1.0,0.5,0.5,9,119,10,4,0.11147564145560587,0.258179202658958,0.6618099209264585,0.6584893035163422,0.4644799906940452,0.8974063685419958,0.8969792788487174,0.7526454569778374,0.40270317070832445,0.3991602412435849,0.14671501437678772,0.5602281539441709,0.5590350821308032,0.2730752262032187,0.30327868852459017,0.3942293349244571,0.5178772889860352,2.21917986869812
3,0.0,1.0,0.5,0.75,0,42,10,5,0.14227416358846257,0.29219305626430814,0.8193878911569074,0.8176721998956082,0.6421165288445938,1.0,1.0,1.0,0.5751582331389439,0.5727352769855647,0.2573515246874417,0.7303232410180941,0.7294623299636517,0.45744797462502,0.48484848484848486,0.6581924390143568,0.28077151888076607,0.7119050025939941
3,0.0,1.0,0.5,0.75,1,72,10,5,0.13561609279593048,0.26463287096885585,0.7608315506694125,0.7585529506606044,0.593099278466532,1.0,1.0,1.0,0.5036425812989148,0.5008019236324006,0.22807528700443572,0.7303232410180941,0.7294623299636518,0.45744797462502,0.48484848484848486,0.606149663862459,0.3134512844860855,1.3624424934387207
3,0.0,1.0,0.5,0.75,2,68,10,5,0.14279065414345635,0.29371120553065844,0.8223222647125253,0.8206344479890908,0.6419950012853067,1.0,1.0,1.0,0.5850485031431412,0.582681953144793,0.259373126132808,0.7303232410180941,0.7294623299636518,0.45744797462502,0.48484848484848486,0.6581924390143568,0.28077151888076607,1.7711858749389648
3,0.0,1.0,0.5,0.75,3,70,10,4,0.10297459032918667,0.2594739090165417,0.649363967411482,0.6459629853211579,0.44330912827523977,0.9000920107272863,0.8996771460213145,0.7622414951112423,0.5668312925020914,0.5642988135995489,0.300361562908783,0.8255305231223697,0.8250587365522001,0.6500663075088151,0.30833333333333335,0.4310445257345231,0.4081990373506373,1.3005855083465576
3,0.0,1.0,0.5,0.75,4,51,10,4,0.10208919145250214,0.271467210220349,0.6875349074514782,0.6845267646025567,0.4956450006614734,0.9037907607564276,0.9033926442098374,0.7752391372397232,0.4403905233788227,0.4371479407340114,0.17579877902955734,0.5710951027994496,0.5699404978572171,0.2922549271034125,0.3523809523809524,0.49900199600798395,0.38272442996092654,0.9355816841125488
3,0.0,1.0,0.5,0.75,5,121,10,3,0.0810641584032509,0.2804745367581481,0.5933625415459509,0.589426492197929,0.39413396954423835,0.7926764584473263,0.7920479364188315,0.6178455857756018,0.41878823450599945,0.41539878951139814,0.19740993236787985,0.6489462238665674,0.6482315250053116,0.4562355416832998,0.336734693877551,0.47501151543067704,0.46955341977735826,2.764765739440918
3,0.0,1.0,0.5,0.75,6,46,10,5,0.14265499918878138,0.2932267322078412,0.8166598684481166,0.8149182628405862,0.6410227808110105,1.0,1.0,1.0,0.5853753536979313,0.5830106677925814,0.25981260470788764,0.7303232410180941,0.7294623299636518,0.45744797462502,0.48484848484848486,0.6581924390143568,0.28077151888076607,0.8570466041564941
3,0.0,1.0,0.5,0.75,7,111,10,4,0.12135435403139153,0.2896646167883645,0.7457228725728399,0.7432783962374283,0.5537495186416216,0.9116055475593928,0.9112424542131328,0.8049349549879696,0.485768989064234,0.4827943826594874,0.20202077500153162,0.5843445647456531,0.5832362201059156,0.31666379824114854,0.36363636363636365,0.4967024476392836,0.3874866586598164,2.2376134395599365
3,0.0,1.0,0.5,0.75,8,111,10,5,0.14234790089472424,0.29337873496567257,0.8161323471846712,0.8143857304866462,0.6395644500995661,1.0,1.0,1.0,0.5853753536979314,0.5830106677925815,0.25981260470788764,0.7303232410180941,0.7294623299636518,0.45744797462502,0.48484848484848486,0.6581924390143568,0.28077151888076607,3.221266508102417
3,0.0,1.0,0.5,0.75,9,51,10,5,0.1425891749676667,0.2934680249957648,0.8228497859759708,0.8211669803430309,0.6434533319967511,1.0,1.0,1.0,0.5850485031431412,0.582681953144793,0.259373126132808,0.7303232410180941,0.7294623299636517,0.45744797462502,0.48484848484848486,0.6581924390143568,0.28077151888076607,1.53342866897583
3,0.0,1.0,0.5,1.0,0,24,10,4,0.10987287216269022,0.2902047054323545,0.69505104869226,0.6921584666675034,0.48682802169449185,0.9116055475593928,0.9112424542131328,0.8049349549879696,0.45913769428190043,0.4560581678168765,0.17693052372521365,0.5843445647456531,0.5832362201059156,0.31666379824114854,0.35353535353535354,0.5718181818181818,0.4800325169843966,0.5410449504852295
3,0.0,1.0,0.5,1.0,1,1000,10,4,0.10984335755258824,0.29593180164341015,0.6837859529721512,0.6807829150748306,0.4718344992735655,0.897406368541996,0.8969792788487176,0.7526454569778374,0.5554753114322081,0.552940700018348,0.25099329504255014,0.8281626276133814,0.8276964442337124,0.6590455003918929,0.33962264150943394,0.5623301886792452,0.4870742453755897,19.907015562057495
3,0.0,1.0,0.5,1.0,2,113,10,4,0.10969396857543248,0.28926196569903134,0.695427835383075,0.6925388273545704,0.4871319030122348,0.9116055475593928,0.9112424542131328,0.8049349549879696,0.4512459091460081,0.4481214489503002,0.17531320642178336,0.5843445647456531,0.5832362201059156,0.31666379824114854,0.35353535353535354,0.5718181818181818,0.4800325169843966,2.233633041381836
3,0.0,1.0,0.5,1.0,3,60,10,3,0.07196240416209385,0.28247712166237454,0.5886439465367782,0.5847263723917153,0.39481628066279273,0.789789857030486,0.789150994948784,0.6112350182388241,0.3315027408421144,0.32767842294006555,0.12179890522261763,0.37108297259378914,0.3697983388154702,0.1394956227629166,0.34285714285714286,0.5645142857142857,0.6071897252963951,1.1057050228118896
3,0.0,1.0,0.5,1.0,4,21,10,5,0.13482109578776813,0.2906188363830565,0.8017069945613274,0.7998346628461973,0.6129845020947853,1.0,1.0,1.0,0.5786092313168077,0.5762228558538034,0.2485892767863486,0.7303232410180941,0.7294623299636518,0.45744797462502,0.48484848484848486,0.5859518054640006,0.359507024213411,0.4030287265777588
3,0.0,1.0,0.5,1.0,5,28,10,5,0.13497336079494066,0.2909734292432942,0.8123898369082669,0.810618375238904,0.6190268267965865,1.0,1.0,1.0,0.5790323962364291,0.576648417196071,0.24916998553369465,0.7303232410180941,0.7294623299636517,0.45744797462502,0.48484848484848486,0.5859518054640006,0.359507024213411,0.44675302505493164
3,0.0,1.0,0.5,1.0,6,63,10,3,0.06947484444076132,0.2784073325282725,0.5792030584626762,0.5751968623997833,0.3797585964162578,0.7889606460971246,0.7883188157233194,0.6085417084158432,0.32259501399106416,0.31872122342489195,0.11649237271426305,0.369580369309153,0.36829146223863185,0.13669890873660492,0.3333333333333333,0.555,0.6110858159178794,1.3789265155792236
3,0.0,1.0,0.5,1.0,7,43,10,4,0.09667128944966016,0.2784217656819002,0.6926078703247608,0.6896924360636382,0.49232375880713686,0.9116055475593928,0.9112424542131328,0.8049349549879696,0.4432896994832291,0.4401203633714084,0.1774226746623216,0.5843445647456531,0.5832362201059156,0.31666379824114854,0.3333333333333333,0.555,0.49879854393437123,1.005211353302002
3,0.0,1.0,0.5,1.0,8,34,10,5,0.13387775491595602,0.28852341750349786,0.8068866578983445,0.8050632338485056,0.6164504040810976,1.0,1.0,1.0,0.5616701454151707,0.5591878423192765,0.24382042616420366,0.7303232410180941,0.7294623299636518,0.45744797462502,0.48484848484848486,0.5859518054640006,0.359507024213411,0.7978801727294922
3,0.0,1.0,0.5,1.0,9,53,10,4,0.10979817477404327,0.2954139618591944,0.6809151280787042,0.6778845695607533,0.47263864683494894,0.897406368541996,0.8969792788487176,0.7526454569778374,0.5765612061195791,0.57414658226331,0.25986248838468884,0.8281626276133814,0.8276964442337124,0.6590455003918929,0.33962264150943394,0.5623301886792452,0.4908575556595675,1.5095529556274414
3,0.0,1.0,0.75,0.0,0,29,10,4,0.13851914236262697,0.28998164622000905,0.7288227968617262,0.7261528112784182,0.5460420579164302,0.9083491277292126,0.907971490705844,0.7934094346634827,0.609030187110299,0.6067041525915772,0.33006708663239753,0.8174624962315958,0.8169738155354499,0.6216283231336616,0,0.0,inf,0.73307204246521
3,0.0,1.0,0.75,0.0,1,50,10,4,0.14199697179490303,0.2945153312633837,0.726956007892454,0.7242706378253553,0.5667749427160883,0.9083491277292126,0.907971490705844,0.7934094346634827,0.5852513058623459,0.5827871116170805,0.3196767325903739,0.8174624962315958,0.8169738155354499,0.6216283231336616,0,0.0,inf,1.4117763042449951
3,0.0,1.0,0.75,0.0,2,52,10,4,0.1377087515859271,0.2896308294937404,0.7207857001071156,0.7180393834821609,0.5536987612899361,0.9083491277292126,0.907971490705844,0.7934094346634827,0.584811777067409,0.5823446874531374,0.3202346749938151,0.8174624962315958,0.8169738155354499,0.6216283231336616,0,0.0,inf,1.4131603240966797
3,0.0,1.0,0.75,0.0,3,112,10,4,0.1401368737629853,0.297616548435134,0.7078649585422051,0.7049843009819449,0.5387320766236401,0.897406368541996,0.8969792788487176,0.7526454569778374,0.5870508467556992,0.5845896115481922,0.32821366443253963,0.8281626276133816,0.8276964442337125,0.6590455003918929,0,0.0,inf,3.3997089862823486
3,0.0,1.0,0.75,0.0,4,59,10,4,0.11272174204507454,0.258353157852751,0.6599124155600141,0.6565579236636483,0.48231214740918504,0.9137594533047027,0.9134059329538328,0.8127690521941776,0.3870257653433617,0.38337106726551384,0.15178228145628372,0.5879863206256295,0.5868905825581722,0.3229571956914917,0,0.0,inf,1.316321611404419
3,0.0,1.0,0.75,0.0,5,54,10,4,0.13679006574037555,0.2895251376325631,0.7238518362480273,0.7211329070477037,0.5380033749747971,0.9083491277292126,0.907971490705844,0.7934094346634827,0.6084490391479683,0.6061195471494711,0.32935161201454344,0.8174624962315958,0.8169738155354499,0.6216283231336616,0,0.0,inf,1.5409355163574219
3,0.0,1.0,0.75,0.0,6,23,10,4,0.12595927500263424,0.2803021517733138,0.6962717108562796,0.6932737660360262,0.5274035781597012,0.9037907607564276,0.9033926442098374,0.7752391372397232,0.4306899811676136,0.4272927646657228,0.17977665267735748,0.5710951027994496,0.5699404978572171,0.2922549271034125,0,0.0,inf,0.6071445941925049
3,0.0,1.0,0.75,0.0,7,71,10,3,0.10439024205862371,0.2902495590845296,0.5994492988063117,0.5954416377469918,0.4144783038021612,0.7921997857472497,0.7915695648752535,0.6162892627615703,0.4736249004891192,0.4704327291400025,0.24126154482337062,0.6705723119966838,0.6699012798556625,0.5090921424894774,0,0.0,inf,2.044931411743164
3,0.0,1.0,0.75,0.0,8,24,10,4,0.1376528743013429,0.2905400152942836,0.7223522071864286,0.7196176197772648,0.5376880806508337,0.9116055475593928,0.9112424542131328,0.8049349549879696,0.4473364314689289,0.44404712551790076,0.18464449885804346,0.5843445647456531,0.5832362201059156,0.31666379824114854,0,0.0,inf,0.5554444789886475
3,0.0,1.0,0.75,0.0,9,42,10,4,0.1244665853987831,0.2734818261772879,0.724886512319378,0.7221755176608055,0.5541093476846093,0.9116055475593928,0.9112424542131328,0.8049349549879696,0.4677157501186158,0.46454581750384444,0.1970154036724749,0.5843445647456531,0.5832362201059156,0.31666379824114854,0,0.0,inf,1.199864387512207
3,0.0,1.0,0.75,0.25,0,51,10,4,0.11562560345077708,0.2684751874296277,0.6892307171616545,0.6861979916402582,0.487283954122827,0.9137594533047027,0.9134059329538328,0.8127690521941776,0.4427304846133495,0.43944918239552755,0.16520712357285908,0.5879863206256295,0.5868905825581722,0.3229571956914917,0.24242424242424243,0.3696003696003696,1.1967803838340831,1.433793067932129
3,0.0,1.0,0.75,0.25,1,54,10,3,0.0884849864859934,0.27038780469274465,0.5303651258593659,0.5256842602020502,0.3399943445869804,0.7595386266093844,0.7587891678710779,0.523012647821584,0.31051560156628377,0.3063517995237014,0.11337871755942552,0.5985980779182607,0.5977499332867956,0.3492141733820439,0.21637426900584794,0.34085674804237676,1.3889816332265237,1.4885942935943604
3,0.0,1.0,0.75,0.25,2,31,10,4,0.1302582808297225,0.29051045237525647,0.7449097434963998,0.7424314070880546,0.5530265427138421,0.9116055475593928,0.9112424542131328,0.8049349549879696,0.47869511225530215,0.4756418554290769,0.19797170511492485,0.5843445647456531,0.5832362201059156,0.31666379824114854,0.24242424242424243,0.3696003696003696,1.1617010803279846,0.8996577262878418
3,0.0,1.0,0.75,0.25,3,30,10,4,0.12297665930432217,0.2874764595918501,0.6977655516609668,0.6948301248722217,0.4965577977143042,0.9083491277292126,0.907971490705844,0.7934094346634827,0.5996067615947555,0.5972625777526025,0.30578387718826744,0.8174624962315958,0.8169738155354499,0.6216283231336616,0.24242424242424243,0.3696003696003696,1.1613303847962444,0.718721866607666
3,0.0,1.0,0.75,0.25,4,41,10,3,0.09484198710681,0.282374459544953,0.6293164178612416,0.625674730819163,0.4519800523916595,0.7926764584473263,0.7920479364188315,0.6178455857756018,0.4354728841121195,0.43212244577692205,0.20000960049933286,0.6489462238665674,0.6482315250053116,0.4562355416832998,0.24242424242424243,0.3696003696003696,1.370450578879024,1.1472282409667969
3,0.0,1.0,0.75,0.25,5,112,10,4,0.09993715553396906,0.24033332755762066,0.6331918130336944,0.6296198471618561,0.45081411225253026,0.9037907607564276,0.9033926442098374,0.7752391372397232,0.3698606462049588,0.3661597448791375,0.1433769463248033,0.5710951027994496,0.5699404978572171,0.2922549271034125,0.24242424242424243,0.3696003696003696,1.1602408219774527,3.40006685256958
3,0.0,1.0,0.75,0.25,6,111,10,5,0.14978929806324126,0.29204933600715255,0.825149836575688,0.8234763902177654,0.6653492649138012,1.0,1.0,1.0,0.5801569273038218,0.5777414080198718,0.26950195737642585,0.7303232410180941,0.7294623299636518,0.45744797462502,0.24242424242424243,0.3696003696003696,0.9159881418734853,3.3445382118225098
3,0.0,1.0,0.75,0.25,7,79,10,4,0.12842460504152972,0.2926098609418173,0.7066726158303648,0.7038209920837553,0.521854454391436,0.9059896953135614,0.9056014712345598,0.78488266182146,0.46035568145213984,0.45719262790322274,0.18782545202559506,0.5748290461154254,0.5736875181321726,0.30027918183731894,0.24242424242424243,0.3696003696003696,1.1591716038639228,2.2930941581726074
3,0.0,1.0,0.75,0.25,8,70,10,4,0.12692493175514935,0.29049708226766613,0.7080260354650048,0.7051851184752889,0.5229209093251844,0.897406368541996,0.8969792788487176,0.7526454569778374,0.572632245527982,0.5701246991195149,0.3021790157682682,0.8281626276133816,0.8276964442337125,0.6590455003918929,0.24242424242424243,0.3696003696003696,1.1534206957674098,2.029003620147705
3,0.0,1.0,0.75,0.25,9,60,10,4,0.1163545020554975,0.27876639932036185,0.6736296084024688,0.6704514244311497,0.49279433336233225,0.9037907607564276,0.9033926442098374,0.7752391372397232,0.4094796921044052,0.40601147927615827,0.16286680649402172,0.5710951027994496,0.5699404978572171,0.2922549271034125,0.24242424242424243,0.3696003696003696,1.1602408219774525,1.8037521839141846
3,0.0,1.0,0.75,0.5,0,110,10,4,0.11996976479997522,0.2920874036800972,0.693396251044431,0.6904438225292032,0.509213284598517,0.897406368541996,0.8969792788487176,0.7526454569778374,0.5512286519708725,0.5486275515947582,0.2766184810566448,0.8281626276133816,0.8276964442337125,0.6590455003918929,0.34285714285714286,0.481180496150556,0.38600497023594105,3.294433116912842
3,0.0,1.0,0.75,0.5,1,115,10,4,0.12036296875037587,0.2921914299349248,0.6937309315455451,0.6907817258227924,0.5099648158016359,0.897406368541996,0.8969792788487176,0.7526454569778374,0.5516336416364246,0.5490348885999433,0.2770652480843841,0.8281626276133814,0.8276964442337124,0.6590455003918929,0.34285714285714286,0.481180496150556,0.38600497023594105,3.4272921085357666
3,0.0,1.0,0.75,0.5,2,22,10,4,0.12052378137325975,0.290759559086876,0.7082749201776659,0.7054657652106815,0.521060952977097,0.897406368541996,0.8969792788487176,0.7526454569778374,0.5625226050143535,0.5599869649347538,0.2802101375541565,0.8281626276133814,0.8276964442337124,0.6590455003918929,0.34285714285714286,0.481180496150556,0.386004970235941,0.36571264266967773
3,0.0,1.0,0.75,0.5,3,44,10,3,0.08253266320158759,0.28761286398549246,0.5888513541107022,0.5848725502694544,0.4022735258733552,0.7926764584473263,0.7920479364188315,0.6178455857756018,0.43468177049500895,0.43138591031270124,0.21105222317564873,0.6489462238665674,0.6482315250053116,0.4562355416832998,0.336734693877551,0.47730625705111507,0.4689632150398183,0.806546688079834
3,0.0,1.0,0.75,0.5,4,110,10,4,0.11875637146514453,0.2883179176222175,0.6947266525350371,0.6917936100067142,0.5094078505415874,0.9116055475593928,0.9112424542131328,0.8049349549879696,0.45534378427121486,0.45219536995193454,0.18370253591625318,0.5843445647456531,0.5832362201059156,0.31666379824114854,0.3333333333333333,0.47730625705111507,0.3921339355519653,2.2225964069366455
3,0.0,1.0,0.75,0.5,5,76,10,4,0.10461100801131622,0.27289021477424497,0.678754480252484,0.6756680375485049,0.49042171225977266,0.9083491277292126,0.907971490705844,0.7934094346634827,0.43784456296315555,0.4345950597010097,0.17562667806054666,0.5788304759989464,0.5777029410434702,0.3072954269871484,0.3333333333333333,0.47501151543067704,0.3919093510077858,1.496018409729004
3,0.0,1.0,0.75,0.5,6,112,10,4,0.12112613982983156,0.2960046988997349,0.691689951921952,0.6887210926676942,0.5050135514046175,0.897406368541996,0.8969792788487176,0.7526454569778374,0.5625226050143535,0.5599869649347538,0.2802101375541565,0.8281626276133816,0.8276964442337125,0.6590455003918929,0.34285714285714286,0.481180496150556,0.38600497023594105,2.2294280529022217
3,0.0,1.0,0.75,0.5,7,48,10,4,0.11845335491062817,0.2918035853363771,0.6881733259283431,0.6851771848902719,0.49951685312085686,0.9116055475593928,0.9112424542131328,0.8049349549879696,0.42414592570606635,0.4208169797494247,0.17184514050587113,0.5843445647456531,0.5832362201059156,0.31666379824114854,0.3333333333333333,0.47273873306019537,0.39232379371817583,0.8552491664886475
3,0.0,1.0,0.75,0.5,8,50,10,5,0.14202140578682745,0.29218193743743054,0.8185665306130943,0.8168430369895038,0.6398378871079619,1.0,1.0,1.0,0.5741669602223688,0.5717383506445849,0.25603308896220284,0.7303232410180941,0.7294623299636518,0.45744797462502,0.48484848484848486,0.6581924390143568,0.2810022766982465,0.8899259567260742
3,0.0,1.0,0.75,0.5,9,114,10,4,0.08680312378541725,0.21900476142156475,0.5944621345244784,0.5905206571420124,0.3992733086059178,0.8974063685419958,0.8969792788487174,0.7526454569778374,0.33768146462306436,0.3337998826751589,0.11630384092845564,0.5602281539441709,0.5590350821308032,0.2730752262032187,0.30327868852459017,0.41646031245779114,0.41543131343253803,2.3407223224639893
3,0.0,1.0,0.75,0.75,0,41,10,4,0.1028705739663319,0.2789789120251304,0.6889752363127682,0.6860134381144795,0.49338532359512843,0.9137594533047027,0.9134059329538328,0.8127690521941776,0.42663531894547063,0.4233555961307914,0.1711615109495658,0.5879863206256295,0.5868905825581722,0.3229571956914917,0.44,0.5399037989594582,0.16160346683376478,0.6925408840179443
3,0.0,1.0,0.75,0.75,1,73,10,4,0.11420498667120413,0.29262405940918024,0.7097935773036945,0.7070238691504566,0.5147932598978681,0.9116055475593928,0.9112424542131328,0.8049349549879696,0.46985060568234704,0.46681003310774466,0.19139259822311597,0.5843445647456531,0.5832362201059156,0.31666379824114854,0.43373493975903615,0.536240950933953,0.15856374100442366,1.4672560691833496
3,0.0,1.0,0.75,0.75,2,36,10,4,0.0952704046591312,0.2568882497936129,0.7005587501535042,0.6976996331658976,0.5143990523609663,0.9116055475593928,0.9112424542131328,0.8049349549879696,0.4708823764543982,0.4678461119659171,0.19630842461597378,0.5843445647456531,0.5832362201059156,0.31666379824114854,0.44047619047619047,0.5430315838910414,0.15650081273515745,0.6674809455871582
3,0.0,1.0,0.75,0.75,3,57,10,4,0.09770369922177487,0.2722223644933879,0.6808461869802308,0.6777983760612439,0.4826991049781556,0.8974063685419958,0.8969792788487174,0.7526454569778374,0.44295158475803753,0.4397544500502961,0.1747166684494303,0.5602281539441709,0.5590350821308032,0.2730752262032187,0.44047619047619047,0.5403826493354753,0.15676914834350547,1.145810842514038
3,0.0,1.0,0.75,0.75,4,28,10,5,0.1364710444012503,0.2933394024247073,0.8120659501468958,0.8102902997387343,0.6221723940601828,1.0,1.0,1.0,0.5819205966931956,0.5795512042909962,0.2509713682464603,0.7303232410180941,0.7294623299636518,0.45744797462502,0.7272727272727273,0.8198181818181819,0.0870069935177854,0.5165383815765381
3,0.0,1.0,0.75,0.75,5,111,10,5,0.13688352569846177,0.2936062477695601,0.8162362715161895,0.8145000234028614,0.6255120696103948,1.0,1.0,1.0,0.5819205966931956,0.5795512042909962,0.2509713682464603,0.7303232410180941,0.7294623299636518,0.45744797462502,0.7272727272727273,0.8198181818181819,0.0870069935177854,2.2322564125061035
3,0.0,1.0,0.75,0.75,6,74,10,3,0.07485419242158589,0.2817323477321178,0.6009190516748988,0.5971018723223239,0.4179102629381398,0.7926764584473263,0.7920479364188315,0.6178455857756018,0.4295704504704701,0.4262903902683079,0.19753503243762155,0.6489462238665674,0.6482315250053116,0.4562355416832998,0.42857142857142855,0.5311956731697894,0.1943952533279128,1.4627282619476318
3,0.0,1.0,0.75,0.75,7,57,10,3,0.07430116810548458,0.27948589039033034,0.6190325677837278,0.6153888443198284,0.4260532774707086,0.7916267295012033,0.7909944647108239,0.6144266258107057,0.44133018531948454,0.4381179576927293,0.18859739985705937,0.676923515689911,0.6762649947927467,0.5243675728058969,0.4342105263157895,0.5369695391825045,0.19407722960406937,1.1584045886993408
3,0.0,1.0,0.75,0.75,8,95,10,4,0.09133484962429936,0.26255560173709497,0.6505671515152667,0.6472258790608215,0.439926218389156,0.9000920107272863,0.8996771460213145,0.7622414951112423,0.5372561618166015,0.534596200302507,0.2604127904281588,0.8255305231223697,0.8250587365522001,0.6500663075088151,0.42045454545454547,0.5225398260083606,0.16091579214344362,1.928238868713379
3,0.0,1.0,0.75,0.75,9,62,10,4,0.09545910242746182,0.2528966493786135,0.6444125109756044,0.6409819777224781,0.4441266743931605,0.9037907607564276,0.9033926442098374,0.7752391372397232,0.40902292778162586,0.4055896441586259,0.1479604980301548,0.5710951027994496,0.5699404978572171,0.2922549271034125,0.34579439252336447,0.44311377245508976,0.19950877844303916,1.2447214126586914
3,0.0,1.0,0.75,1.0,0,26,10,5,0.13033710457604486,0.28872001688154797,0.8040712992941662,0.8022272175396035,0.6045947213198785,1.0,1.0,1.0,0.559128947830136,0.5566416205891613,0.23776486755002407,0.7303232410180941,0.7294623299636518,0.45744797462502,0.7272727272727273,0.8008008008008007,0.0857915420487401,0.5147855281829834
3,0.0,1.0,0.75,1.0,1,93,10,3,0.06652125616011742,0.2797075190113583,0.6267763246677471,0.623249368060433,0.4106800206422371,0.8021489417124285,0.8015540214626932,0.6413806962628472,0.48993157032788953,0.4870401486781988,0.20342383089542038,0.6631635923571185,0.6624852435215407,0.4806777554355714,0.43902439024390244,0.6294512195121952,0.20361716383536937,1.8413021564483643
3,0.0,1.0,0.75,1.0,2,42,10,4,0.10349347916016707,0.2838539907628753,0.701593146950076,0.6987761428662008,0.48341836417161194,0.9116055475593928,0.9112424542131328,0.8049349549879696,0.4460204297012057,0.44288393744177756,0.17035610176844274,0.5843445647456531,0.5832362201059156,0.31666379824114854,0.4268292682926829,0.621329268292683,0.16557341879788612,0.7729759216308594
3,0.0,1.0,0.75,1.0,3,55,10,4,0.1060943457948252,0.2934636502358587,0.6803956670773292,0.6773756143599574,0.4804594843820244,0.897406368541996,0.8969792788487176,0.7526454569778374,0.552433743088006,0.549896814286434,0.24090927715788454,0.8281626276133816,0.8276964442337125,0.6590455003918929,0.3888888888888889,0.5957000000000001,0.1838252357717175,1.0805575847625732
3,0.0,1.0,0.75,1.0,4,33,10,5,0.13073776875935264,0.2904041690674934,0.7991600970977997,0.7972697910875223,0.6018816090763034,1.0,1.0,1.0,0.5769072075503758,0.574520182539456,0.2436808326818211,0.7303232410180941,0.7294623299636517,0.45744797462502,0.7272727272727273,0.8008008008008007,0.08579154204874007,0.7889270782470703
3,0.0,1.0,0.75,1.0,5,54,10,4,0.10403939335678816,0.29137389636960676,0.6695594696601698,0.6664364641794145,0.46030004102097916,0.897406368541996,0.8969792788487176,0.7526454569778374,0.5373397499020962,0.5347167081006745,0.23657254734924354,0.8281626276133814,0.8276964442337124,0.6590455003918929,0.4,0.6031,0.1771634717932184,1.028066873550415
3,0.0,1.0,0.75,1.0,6,40,10,4,0.08957247805645849,0.2716759628097731,0.6844380615458812,0.6814577911861828,0.4847147406309747,0.8974063685419958,0.8969792788487174,0.7526454569778374,0.4361251770258958,0.43293098756539494,0.17250755728329692,0.5602281539441709,0.5590350821308032,0.2730752262032187,0.42857142857142855,0.6223928571428572,0.167653426424006,0.7989399433135986
3,0.0,1.0,0.75,1.0,7,35,10,5,0.13028392894839325,0.2890938103438659,0.8040712992941662,0.8022272175396035,0.6045947213198785,1.0,1.0,1.0,0.5591289478301362,0.5566416205891614,0.23776486755002407,0.7303232410180941,0.7294623299636518,0.45744797462502,0.7272727272727273,0.8008008008008007,0.08579154204874007,0.6856429576873779
3,0.0,1.0,0.75,1.0,8,23,10,5,0.13079744891607417,0.2907877717925696,0.7988178754508537,0.7969243484489968,0.6008950228059124,1.0,1.0,1.0,0.5769072075503758,0.574520182539456,0.2436808326818211,0.7303232410180941,0.7294623299636518,0.45744797462502,0.7272727272727273,0.8008008008008007,0.08579154204874007,0.36765027046203613
3,0.0,1.0,0.75,1.0,9,74,10,5,0.1284636173474731,0.2849179202568998,0.7953888619493802,0.7934629582691154,0.5985157167528554,1.0,1.0,1.0,0.5486535944431408,0.5461070066333908,0.23427825037769473,0.7303232410180941,0.7294623299636518,0.45744797462502,0.7272727272727273,0.8008008008008007,0.08548922287785252,1.4518611431121826
3,0.0,1.0,1.0,0.0,0,29,10,5,0.14645239636029778,0.29025943643091484,0.8101717127205771,0.8083570009036122,0.6496365205945078,1.0,1.0,1.0,0.5861810844477204,0.5838034241951513,0.2681225618122589,0.7303232410180941,0.7294623299636518,0.45744797462502,0,0.0,inf,0.45449280738830566
3,0.0,1.0,1.0,0.0,1,26,10,5,0.1464851046488648,0.2885096605995403,0.8169849475911318,0.815235368626644,0.6573708801725194,1.0,1.0,1.0,0.5705928356055858,0.5681256106707702,0.26504940183762443,0.7303232410180941,0.7294623299636518,0.45744797462502,0,0.0,inf,0.46695542335510254
3,0.0,1.0,1.0,0.0,2,49,10,4,0.11743044231300945,0.28713164475395836,0.7072514033654946,0.7044241031222405,0.4978478900346781,0.9116055475593928,0.9112424542131328,0.8049349549879696,0.5027808457483504,0.4998892608396409,0.2091600133353045,0.5843445647456531,0.5832362201059156,0.31666379824114854,0,0.0,inf,0.9625215530395508
3,0.0,1.0,1.0,0.0,3,44,10,4,0.09047719290668194,0.23493206829811608,0.6016555932804923,0.5977684401364876,0.3908345732322376,0.8974063685419958,0.8969792788487174,0.7526454569778374,0.3418223125716546,0.3379473210088879,0.10984266923362997,0.5602281539441709,0.5590350821308032,0.2730752262032187,0,0.0,inf,0.8458728790283203
3,0.0,1.0,1.0,0.0,4,21,10,5,0.1478920279907454,0.29058072584845646,0.8116115746362557,0.8098106275456687,0.6534886529913385,1.0,1.0,1.0,0.5861810844477202,0.5838034241951512,0.2681225618122589,0.7303232410180941,0.7294623299636518,0.45744797462502,0,0.0,inf,0.5043818950653076
3,0.0,1.0,1.0,0.0,5,30,10,4,0.11321596990512946,0.28648207350227134,0.6949022496464056,0.6919560387469968,0.4745424180515996,0.9083491277292126,0.907971490705844,0.7934094346634827,0.593723645314798,0.5913612794587523,0.2909729631290233,0.8174624962315958,0.8169738155354499,0.6216283231336616,0,0.0,inf,0.7252109050750732
3,0.0,1.0,1.0,0.0,6,28,10,4,0.11263420146805729,0.2799593103224155,0.6897955416750766,0.6867996566373235,0.47002341952681187,0.9116055475593928,0.9112424542131328,0.8049349549879696,0.46797130021048683,0.46487727990544236,0.17692230729021968,0.5843445647456531,0.5832362201059156,0.31666379824114854,0,0.0,inf,0.7026512622833252
3,0.0,1.0,1.0,0.0,7,115,10,4,0.12216298951578765,0.29404021687839926,0.7153684957927918,0.7126186084653351,0.5189405892633843,0.9059896953135614,0.9056014712345598,0.78488266182146,0.4758282742550168,0.47277864678743114,0.19016678636999812,0.5748290461154254,0.5736875181321726,0.30027918183731894,0,0.0,inf,3.3843648433685303
3,0.0,1.0,1.0,0.0,8,32,10,4,0.10966103248702296,0.2792985613738256,0.7284513829859222,0.7258300218037654,0.5366344138495955,0.9116055475593928,0.9112424542131328,0.8049349549879696,0.4607141581302525,0.4575796424850709,0.1910129161482077,0.5843445647456531,0.5832362201059156,0.31666379824114854,0,0.0,inf,0.9022181034088135
3,0.0,1.0,1.0,0.0,9,24,10,5,0.1474030730773167,0.2904683074666456,0.8108915475934267,0.809083717221102,0.6515926815772733,1.0,1.0,1.0,0.5870508427169303,0.5846781797943246,0.26926402123140886,0.7303232410180941,0.7294623299636517,0.45744797462502,0,0.0,inf,0.6864392757415771
3,0.0,1.0,1.0,0.25,0,32,10,5,0.13959127567845758,0.290284750626344,0.805357231706141,0.8035098868565942,0.6290286818664904,1.0,1.0,1.0,0.582383419447025,0.5800041277678991,0.2577030826929515,0.7303232410180941,0.7294623299636518,0.45744797462502,0.24242424242424243,0.32464897329762193,1.0838836066649535,0.8583676815032959
3,0.0,1.0,1.0,0.25,1,27,10,4,0.11831572002394604,0.29357619712178584,0.7126235095358716,0.7098768198751709,0.5148482491908335,0.9116055475593928,0.9112424542131328,0.8049349549879696,0.47868481717774364,0.4756899504792982,0.19103509885033676,0.5843445647456531,0.5832362201059156,0.31666379824114854,0.24242424242424243,0.32464897329762193,1.34827623868705,0.6670660972595215
3,0.0,1.0,1.0,0.25,2,1000,10,4,0.1182225592736522,0.30011953237785644,0.6992376789998902,0.6963604081075636,0.4980934360593673,0.897406368541996,0.8969792788487176,0.7526454569778374,0.5842765222896996,0.5818856475886024,0.27459124346381375,0.8281626276133816,0.8276964442337125,0.6590455003918929,0.24242424242424243,0.32464897329762193,1.348950658933925,19.728334426879883
3,0.0,1.0,1.0,0.25,3,112,10,4,0.11827224451002145,0.29388581081953047,0.7126235095358715,0.7098768198751708,0.5148482491908335,0.9116055475593928,0.9112424542131328,0.8049349549879696,0.4786848171777436,0.4756899504792981,0.19103509885033676,0.5843445647456531,0.5832362201059156,0.31666379824114854,0.24242424242424243,0.32464897329762193,1.3482762386870502,3.3552775382995605
3,0.0,1.0,1.0,0.25,4,23,10,5,0.13999610556472086,0.29030972563539936,0.805357231706141,0.8035098868565942,0.6290286818664904,1.0,1.0,1.0,0.582383419447025,0.5800041277678991,0.2577030826929515,0.7303232410180941,0.7294623299636518,0.45744797462502,0.24242424242424243,0.32464897329762193,1.0838836066649533,0.6141335964202881
3,0.0,1.0,1.0,0.25,5,121,10,3,0.07747597493846897,0.2816367279616164,0.5778024886128592,0.5737091184189036,0.3585867326736503,0.7548712966501103,0.7541043224033087,0.5123044922655382,0.33089425485720164,0.3269843694556283,0.09733461515231227,0.307184590216507,0.3057130460362364,0.02947307308205422,0.1978021978021978,0.32464897329762193,1.6069777454186323,2.467351198196411
3,0.0,1.0,1.0,0.25,6,113,10,4,0.11598650205281849,0.29389127159838097,0.7023741539081144,0.6995295220073322,0.4991645777262296,0.9083491277292126,0.907971490705844,0.7934094346634827,0.5830118893557281,0.5806163829852852,0.27130469972683946,0.8174624962315958,0.8169738155354499,0.6216283231336616,0.24242424242424243,0.32464897329762193,1.346305368245692,2.600189447402954
3,0.0,1.0,1.0,0.25,7,33,10,3,0.08401401236365935,0.2926762119382705,0.62715436159295,0.6235684411954941,0.4282182774335306,0.7926764584473263,0.7920479364188315,0.6178455857756018,0.4299997583461918,0.42670089932653865,0.1914723019945202,0.6489462238665674,0.6482315250053116,0.4562355416832998,0.24242424242424243,0.32464897329762193,1.624045715564177,0.6398165225982666
3,0.0,1.0,1.0,0.25,8,28,10,2,0.04690692660821417,0.282615725103527,0.5191602066858033,0.5144893865618474,0.31434730597688,0.5976802337166613,0.5969738544387009,0.39109438552078163,0.2840235373500789,0.27983047860012467,0.09265407183586048,0.3381718605862629,0.3373449913477328,0.17299042327272104,0.22085889570552147,0.32464897329762193,1.8800645544075976,0.48087120056152344
3,0.0,1.0,1.0,0.25,9,37,10,5,0.1395784250067621,0.2880222234398256,0.8020727131223399,0.8001941950699958,0.626959785808664,1.0,1.0,1.0,0.5654565294269457,0.5629807999853992,0.252920819485014,0.7303232410180941,0.7294623299636518,0.45744797462502,0.24242424242424243,0.32464897329762193,1.0838836066649533,0.6418306827545166
3,0.0,1.0,1.0,0.5,0,44,10,5,0.13478147307576696,0.2905420802234236,0.8020580153719572,0.8001889980823408,0.6139966681615845,1.0,1.0,1.0,0.5790323962364291,0.576648417196071,0.24916998553369465,0.7303232410180941,0.7294623299636518,0.45744797462502,0.48484848484848486,0.5859518054640006,0.35947304635510924,0.8818933963775635
3,0.0,1.0,1.0,0.5,1,33,10,4,0.0949552877675766,0.27418204171973515,0.68475799908411,0.68176501651971,0.4814135783406606,0.9037907607564276,0.9033926442098374,0.7752391372397232,0.42272647410037806,0.4194360243323119,0.16671066881059488,0.5710951027994496,0.5699404978572171,0.2922549271034125,0.34615384615384615,0.5667403846153847,0.48440926331466083,0.6151316165924072
3,0.0,1.0,1.0,0.5,2,33,10,3,0.06919488062539371,0.27825211614281203,0.5698632595823471,0.5657681439912707,0.355270022742275,0.7889606460971246,0.7883188157233194,0.6085417084158432,0.30848578126017734,0.3045313060020149,0.10153478673061017,0.369580369309153,0.36829146223863185,0.13669890873660492,0.3333333333333333,0.555,0.6110858159178795,0.6415302753448486
3,0.0,1.0,1.0,0.5,3,62,10,4,0.09933226963021971,0.2808192650846285,0.7039532004755987,0.7011460547514821,0.49835713497346773,0.9137594533047027,0.9134059329538328,0.8127690521941776,0.47361290808246337,0.4706170679320525,0.18647203299426343,0.5879863206256295,0.5868905825581722,0.3229571956914917,0.3402061855670103,0.5595773195876289,0.4972528142161893,1.1571729183197021
3,0.0,1.0,1.0,0.5,4,112,10,4,0.10979328375631314,0.29567844178358305,0.6852363858374375,0.6822475948348763,0.4744965164594872,0.897406368541996,0.8969792788487176,0.7526454569778374,0.5566145148992663,0.5540868727364778,0.25161455862760373,0.8281626276133814,0.8276964442337124,0.6590455003918929,0.34285714285714286,0.5645142857142857,0.4849258926381581,3.130906581878662
3,0.0,1.0,1.0,0.5,5,35,10,4,0.11215193452400078,0.29113071161894993,0.7176798011920755,0.715002066056032,0.5314872125200079,0.9116055475593928,0.9112424542131328,0.8049349549879696,0.4959520782658069,0.49308243055014717,0.20631997617832995,0.5843445647456531,0.5832362201059156,0.31666379824114854,0.3333333333333333,0.555,0.502637224804169,0.9314229488372803
3,0.0,1.0,1.0,0.5,6,32,10,5,0.13478409688017026,0.29038920695050885,0.8020580153719573,0.8001889980823409,0.6139966681615845,1.0,1.0,1.0,0.5790323962364291,0.576648417196071,0.24916998553369465,0.7303232410180941,0.7294623299636518,0.45744797462502,0.48484848484848486,0.5859518054640006,0.359473046355109,0.5648550987243652
3,0.0,1.0,1.0,0.5,7,132,10,5,0.13472754521634756,0.2909424296926011,0.8120388160976372,0.8102640400027604,0.6180146607297873,1.0,1.0,1.0,0.5786092313168079,0.5762228558538034,0.2485892767863486,0.7303232410180941,0.7294623299636518,0.45744797462502,0.48484848484848486,0.5859518054640006,0.3594730463551091,2.729679822921753
3,0.0,1.0,1.0,0.5,8,46,10,4,0.09954225162811639,0.2835723140172247,0.6794424857094724,0.6763992471283851,0.4729181449309094,0.9037907607564276,0.9033926442098374,0.7752391372397232,0.42997565388996917,0.4267267930655842,0.16682030084883226,0.5710951027994496,0.5699404978572171,0.2922549271034125,0.34615384615384615,0.5635384615384615,0.4881265708611173,1.3121302127838135
3,0.0,1.0,1.0,0.5,9,24,10,4,0.10734477804712803,0.2895972919065206,0.6839198202066827,0.6809202946492174,0.4733717090276986,0.9059896953135614,0.9056014712345598,0.78488266182146,0.45546836630374443,0.4523662794542774,0.1766873965191392,0.5748290461154254,0.5736875181321726,0.30027918183731894,0.3564356435643564,0.5736831683168317,0.4779360156859844,0.6579742431640625
3,0.0,1.0,1.0,0.75,0,46,10,5,0.13069971732796198,0.2903080347772863,0.7991600970977998,0.7972697910875224,0.6018816090763034,1.0,1.0,1.0,0.5769072075503759,0.574520182539456,0.2436808326818211,0.7303232410180941,0.7294623299636517,0.45744797462502,0.7272727272727273,0.8008008008008007,0.08552680637295759,1.2392926216125488
3,0.0,1.0,1.0,0.75,1,34,10,5,0.13096754037515873,0.2908004755728133,0.8020685748064292,0.8002056434005702,0.6043480747522807,1.0,1.0,1.0,0.5769072075503759,0.574520182539456,0.2436808326818211,0.7303232410180941,0.7294623299636517,0.45744797462502,0.7272727272727273,0.8008008008008007,0.08552680637295758,0.9490718841552734
3,0.0,1.0,1.0,0.75,2,31,10,5,0.12979759151494574,0.2882841925880907,0.7953497022855163,0.79342353282325,0.5983052338461362,1.0,1.0,1.0,0.5591289478301361,0.5566416205891614,0.23776486755002407,0.7303232410180941,0.7294623299636518,0.45744797462502,0.7272727272727273,0.8008008008008007,0.08552680637295759,0.6864967346191406
3,0.0,1.0,1.0,0.75,3,70,10,5,0.1303946731220106,0.2888264445109708,0.8007661930590122,0.7988909581471872,0.6030407368458951,1.0,1.0,1.0,0.5670540236997477,0.5646113386848732,0.24061218198316828,0.7303232410180941,0.7294623299636518,0.45744797462502,0.7272727272727273,0.8008008008008007,0.08558220479336495,1.36146879196167
3,0.0,1.0,1.0,0.75,4,57,10,4,0.08967472256247919,0.27243215048882913,0.6699161195812664,0.6667986992426623,0.4615327989709532,0.8974063685419958,0.8969792788487174,0.7526454569778374,0.4338559855242821,0.43064894174349067,0.1683201274192347,0.5602281539441709,0.5590350821308032,0.2730752262032187,0.42857142857142855,0.6223928571428572,0.1676534264240061,1.0126793384552002
3,0.0,1.0,1.0,0.75,5,29,10,4,0.10482951576895615,0.2912122816180378,0.6882894119905579,0.6853466818027005,0.4716561949545638,0.9083491277292126,0.907971490705844,0.7934094346634827,0.5786393022201359,0.5762535344231244,0.2494650133541976,0.8174624962315958,0.8169738155354499,0.6216283231336616,0.4444444444444444,0.629,0.16609482703820513,0.70888352394104
3,0.0,1.0,1.0,0.75,6,64,10,3,0.06771604657877234,0.28466363275178824,0.5795243386416326,0.575552521664439,0.37573357497027043,0.789789857030486,0.789150994948784,0.6112350182388241,0.32941342789248,0.32561397405630305,0.11936064383167548,0.3710829725937891,0.3697983388154702,0.1394956227629166,0.42857142857142855,0.6184285714285714,0.2085660716254072,1.679882287979126
3,0.0,1.0,1.0,0.75,7,1000,10,4,0.10415246240580109,0.2828635773971445,0.7138093832236521,0.71110730523246,0.5028811460065804,0.9116055475593928,0.9112424542131328,0.8049349549879696,0.4522894966272952,0.44918796070639,0.1787883243643504,0.5843445647456531,0.5832362201059156,0.31666379824114854,0.43902439024390244,0.6253902439024391,0.1673564668690793,20.333395957946777
3,0.0,1.0,1.0,0.75,8,37,10,4,0.10330214251425843,0.28588458419401874,0.6924329236862806,0.6895290418082981,0.4824885323667124,0.9083491277292126,0.907971490705844,0.7934094346634827,0.5755148043323818,0.5731110819492836,0.24919110455911817,0.8174624962315958,0.8169738155354499,0.6216283231336616,0.4444444444444444,0.6331111111111112,0.16429665680928957,1.0018906593322754
3,0.0,1.0,1.0,0.75,9,33,10,4,0.10746081466794069,0.29203668323631854,0.7257077560172989,0.7231180168987744,0.5236879575435597,0.9116055475593928,0.9112424542131328,0.8049349549879696,0.5111692609521529,0.508401145155462,0.21038979997736312,0.5843445647456531,0.5832362201059156,0.31666379824114854,0.43902439024390244,0.6253902439024391,0.1673564668690793,0.8400611877441406
3,0.0,1.0,1.0,1.0,0,25,10,5,0.12750008785783756,0.2877171162367455,0.7887674002356355,0.7867822155671984,0.5870787489444698,1.0,1.0,1.0,0.573607479770718,0.5712060044751226,0.24018069707112763,0.7303232410180941,0.7294623299636518,0.45744797462502,0.9705882352941176,0.9811791990009812,0.00017724632509150563,0.6678366661071777
3,0.0,1.0,1.0,1.0,1,1000,10,4,0.09229564199519609,0.28336866348756373,0.7422440645065503,0.7398216489707331,0.5457727160837448,0.9137594533047027,0.9134059329538328,0.8127690521941776,0.5033273931242961,0.5005300950038469,0.21133281866217385,0.5879863206256295,0.5868905825581722,0.3229571956914917,0.9705882352941176,0.9811791990009812,0.00017724632509150476,20.979150533676147
3,0.0,1.0,1.0,1.0,2,52,10,4,0.10114373645874151,0.2864660045535047,0.7582416433778432,0.7559694761836021,0.5588942305132382,0.9059896953135614,0.9056014712345598,0.78488266182146,0.532275666053419,0.5296412727881803,0.2243363897826365,0.5748290461154254,0.5736875181321726,0.30027918183731894,0.972972972972973,0.983945945945946,7.53943977568612e-05,0.8629322052001953
3,0.0,1.0,1.0,1.0,3,58,10,5,0.12754792772058238,0.2877496422511813,0.7887674002356355,0.7867822155671984,0.5870787489444698,1.0,1.0,1.0,0.5736074797707179,0.5712060044751226,0.24018069707112763,0.7303232410180941,0.7294623299636517,0.45744797462502,0.9705882352941176,0.9811791990009812,0.0001772463250915065,1.1705148220062256
3,0.0,1.0,1.0,1.0,4,52,10,5,0.1259389942312433,0.2839463511195426,0.7840672922710944,0.7820379355275059,0.5829064223928814,1.0,1.0,1.0,0.5493697231951817,0.5468317390002148,0.23067040748575826,0.7303232410180941,0.7294623299636518,0.45744797462502,0.9705882352941176,0.9811791990009812,0.00017724632509150606,1.181706190109253
3,0.0,1.0,1.0,1.0,5,60,10,5,0.12612785991879688,0.2842755983051871,0.7840672922710944,0.7820379355275059,0.5829064223928814,1.0,1.0,1.0,0.5493697231951817,0.5468317390002148,0.23067040748575826,0.7303232410180941,0.7294623299636517,0.45744797462502,0.9705882352941176,0.9811791990009812,0.00017724632509150432,1.7685914039611816
3,0.0,1.0,1.0,1.0,6,76,10,5,0.12834430171155836,0.289012508340477,0.8041902212892992,0.8023499818041998,0.5995957285992349,1.0,1.0,1.0,0.573607479770718,0.5712060044751226,0.24018069707112763,0.7303232410180941,0.7294623299636518,0.45744797462502,0.9705882352941176,0.9811791990009812,0.0001772463250915052,1.575552225112915
3,0.0,1.0,1.0,1.0,7,1000,10,4,0.08774535290042924,0.2772715210880586,0.6997329105774633,0.6969108487483352,0.49615946244246883,0.9083491277292126,0.907971490705844,0.7934094346634827,0.4402611727008631,0.4371085204014044,0.1769438239925013,0.5788304759989464,0.5777029410434702,0.3072954269871484,0.972972972972973,0.983945945945946,7.53943977568612e-05,19.826788187026978
3,0.0,1.0,1.0,1.0,8,59,10,4,0.10806104986182997,0.30390262283886893,0.7862845984221762,0.7842759930893393,0.586800385965408,0.897406368541996,0.8969792788487176,0.7526454569778374,0.5676081337292151,0.5651727457500686,0.23854887606752656,0.8281626276133816,0.8276964442337125,0.6590455003918929,0.972972972972973,0.983945945945946,7.53943977568612e-05,1.7699744701385498
3,0.0,1.0,1.0,1.0,9,49,10,4,0.10509055055742728,0.29483142528056333,0.7719160464710804,0.7697724911289255,0.5682878264010199,0.9083491277292126,0.907971490705844,0.7934094346634827,0.573607479770718,0.5712060044751226,0.24018069707112763,0.8174624962315958,0.8169738155354499,0.6216283231336616,0.9705882352941176,0.9811791990009812,0.00017724632509150563,1.366987943649292
3,0.3,0.0,0.0,0.0,0,20,3,3,0.2996560916313663,0.2994088774763781,0.7894055587341606,0.7887667457732628,0.6089106796367217,0.7889606460971244,0.7883188157233192,0.6085417084158432,0.6707786783405367,0.6701128855814311,0.5067592679602066,0.6827081189134145,0.6820642499665682,0.536681216439622,0.8181818181818182,0.8868339270825438,0.006516934489413376,0.052727699279785156
3,0.3,0.0,0.0,0.0,1,34,3,3,0.3034411497477426,0.3031720513147306,0.7919171422000004,0.7912873128296978,0.6146580667163571,0.7916267295012033,0.7909944647108239,0.6144266258107057,0.6744585519968018,0.673802075766916,0.5128575145547655,0.6865809274896538,0.6859468433771048,0.542968341433499,0.8321167883211679,0.8819570162001579,0.006776615541236057,0.09020829200744629
3,0.3,0.0,0.0,0.0,2,22,3,3,0.3000960427427214,0.30006657630309463,0.7919954100813236,0.7913658592256422,0.6149134768877957,0.7926764584473263,0.7920479364188315,0.6178455857756018,0.6723511680709455,0.671690500055526,0.5078006074885633,0.6710761095271227,0.670411439649869,0.5060781026638148,0.8299319727891157,0.890901124580108,0.0070369045299320185,0.06417679786682129
3,0.3,0.0,0.0,0.0,3,16,4,4,0.3033095950933377,0.3032464954491562,0.908286786541069,0.9079097241974984,0.7915753497024844,0.9083491277292126,0.907971490705844,0.7934094346634827,0.5886766846770782,0.5875857803902926,0.3219956443730734,0.5879077429223252,0.5868117435177124,0.32235560277843,0.6052631578947368,0.7062797481959158,0.029543343177045198,0.04650282859802246
3,0.3,0.0,0.0,0.0,4,22,3,3,0.30811888854449243,0.3080530431682618,0.7461107003054039,0.7453123569877191,0.4903684174293556,0.7548712966501103,0.7541043224033087,0.5123044922655382,0.5922824528198539,0.5914174185654326,0.3375430775339029,0.5929240519143224,0.5920661274059542,0.33570984919437624,0.8823529411764706,0.9384384384384384,0.0026604343888776078,0.06136941909790039
3,0.3,0.0,0.0,0.0,5,26,3,3,0.29505135991277176,0.29530216631464934,0.7893604470334368,0.7887214729506181,0.6087639900510177,0.7889606460971246,0.7883188157233194,0.6085417084158432,0.6571211120546576,0.6564276642829949,0.47392307168234943,0.6444080303082955,0.6436864403758702,0.44488729445134056,0.8561151079136691,0.9065837790068717,0.004776756822436555,0.07214117050170898
3,0.3,0.0,0.0,0.0,6,16,3,3,0.2987750648280684,0.29875189653209566,0.7894563009729061,0.7888176692314446,0.6090757458430014,0.789789857030486,0.789150994948784,0.6112350182388241,0.6686248613917531,0.66795475092094,0.5016119889373588,0.6668307613228105,0.6661552998165208,0.4990750972068573,0.8299319727891157,0.890901124580108,0.00621057170757665,0.04848957061767578
3,0.3,0.0,0.0,0.0,7,17,3,3,0.2795135602151513,0.27923837447429173,0.7914333662242105,0.7908018077543368,0.6136596154716961,0.7921997857472497,0.7915695648752535,0.6162892627615703,0.38707033424176446,0.38583363864365466,0.16028361585763734,0.3872963856355672,0.38605760892034696,0.1610374468129141,0.8082191780821918,0.8868339270825438,0.008162414551828935,0.05349922180175781
3,0.3,0.0,0.0,0.0,8,26,3,3,0.29505135991277176,0.2953021663146493,0.7893604470334368,0.7887214729506181,0.6087639900510177,0.7889606460971246,0.7883188157233194,0.6085417084158432,0.6571211120546576,0.6564276642829949,0.47392307168234943,0.6444080303082955,0.6436864403758702,0.44488729445134056,0.8561151079136691,0.9065837790068717,0.0047767568224365495,0.06998276710510254
3,0.3,0.0,0.0,0.0,9,16,2,2,0.30676087177327976,0.30676087177327976,0.5886439109427256,0.587918508065989,0.3721699660878811,0.5843445647456531,0.5836076786123202,0.3649394192885749,0.35909302384762254,0.3582946542970271,0.20757393653979087,0.36733076676218757,0.3665367746994707,0.2249150250260693,0.8181818181818182,0.8868339270825438,0.005104134277844081,0.047507524490356445
3,0.3,0.0,0.0,0.25,0,24,3,3,0.3034411497477426,0.3031720513147306,0.7919171422000004,0.7912873128296978,0.6146580667163571,0.7916267295012033,0.7909944647108239,0.6144266258107057,0.6744585519968018,0.673802075766916,0.5128575145547655,0.6865809274896538,0.6859468433771048,0.542968341433499,0.8321167883211679,0.8819570162001579,0.006776615541236052,0.3754141330718994
3,0.3,0.0,0.0,0.25,1,25,4,4,0.3042848217540427,0.30446028467943204,0.9075030477238635,0.9071224809899361,0.7887321917624809,0.9116055475593928,0.9112424542131328,0.8049349549879696,0.8265696202747513,0.8261092144636513,0.6445372756707703,0.821834912015689,0.8213629372496289,0.6293450096268156,0.8561151079136691,0.9065837790068717,0.006044403466607645,0.12525057792663574
3,0.3,0.0,0.0,0.25,2,23,3,3,0.3000960427427214,0.30006657630309463,0.7919954100813235,0.791365859225642,0.6149134768877957,0.7926764584473263,0.7920479364188315,0.6178455857756018,0.6723511680709454,0.6716905000555259,0.5078006074885633,0.6710761095271227,0.670411439649869,0.5060781026638148,0.8299319727891157,0.890901124580108,0.007036904529932015,0.1431887149810791
3,0.3,0.0,0.0,0.25,3,15,4,4,0.2878514609258369,0.287719889790186,0.9069960203513316,0.9066131841674229,0.7868715044443074,0.9116055475593928,0.9112424542131328,0.8049349549879696,0.5865187721693972,0.5854204295827203,0.3181599924574393,0.5933517525706161,0.5922745061043153,0.3316882713421359,0.8082191780821918,0.8868339270825438,0.00952895112777796,0.07832503318786621
3,0.3,0.0,0.0,0.25,4,14,2,2,0.3065022615582611,0.306502261558261,0.5864457028076931,0.5857152626526245,0.36794884669240996,0.581408430461704,0.5806647649710639,0.35946576657210166,0.3554769798038332,0.3546723114607707,0.2012232560910715,0.36252835594946636,0.3617259494053958,0.21651936258282992,0.8321167883211679,0.8819570162001579,0.0050184202742726385,0.07481026649475098
3,0.3,0.0,0.0,0.25,5,21,3,3,0.3000960427427212,0.30006657630309463,0.7919954100813236,0.7913658592256422,0.6149134768877957,0.7926764584473263,0.7920479364188315,0.6178455857756018,0.6723511680709455,0.671690500055526,0.5078006074885633,0.6710761095271227,0.670411439649869,0.5060781026638148,0.8299319727891157,0.890901124580108,0.0070369045299320115,0.283491849899292
3,0.3,0.0,0.0,0.25,6,15,4,4,0.3022565251701005,0.3021997676838216,0.9062134325366954,0.9058270894842647,0.7840181975146335,0.9059896953135614,0.9056014712345598,0.78488266182146,0.5852097082025101,0.5841068448379702,0.31582286357372535,0.5839573365525113,0.5828476636274899,0.3153687444426345,0.6052631578947368,0.7062797481959158,0.028717010354689834,0.10111236572265625
3,0.3,0.0,0.0,0.25,7,17,3,3,0.3034411497477426,0.3031720513147306,0.7919171422000004,0.7912873128296978,0.6146580667163571,0.7916267295012033,0.7909944647108239,0.6144266258107057,0.6744585519968018,0.673802075766916,0.5128575145547655,0.6865809274896539,0.6859468433771049,0.542968341433499,0.8321167883211679,0.8819570162001579,0.006776615541236057,0.183394193649292
3,0.3,0.0,0.0,0.25,8,18,4,4,0.30428482175404264,0.3044602846794321,0.9075030477238635,0.9071224809899361,0.7887321917624809,0.9116055475593928,0.9112424542131328,0.8049349549879696,0.8265696202747511,0.8261092144636512,0.6445372756707703,0.8218349120156893,0.8213629372496292,0.6293450096268156,0.8561151079136691,0.9065837790068717,0.006044403466607645,0.07871270179748535
3,0.3,0.0,0.0,0.25,9,16,4,4,0.2869099494121842,0.28655480444348697,0.9019138104143678,0.901508118740358,0.76805910791063,0.8974063685419958,0.8969792788487174,0.7526454569778374,0.5780077503743203,0.5768799063541297,0.3026031658242566,0.5695438300688878,0.5683837947232321,0.28830015171599577,0.6052631578947368,0.7062797481959158,0.030874138958194946,0.07707548141479492
3,0.3,0.0,0.0,0.5,0,15,3,3,0.2987750648280684,0.2987518965320957,0.7894563009729061,0.7888176692314446,0.6090757458430014,0.789789857030486,0.789150994948784,0.6112350182388241,0.6686248613917531,0.66795475092094,0.5016119889373588,0.6668307613228105,0.6661552998165208,0.4990750972068573,0.8299319727891157,0.890901124580108,0.00621057170757665,0.07156968116760254
3,0.3,0.0,0.0,0.5,1,22,4,4,0.30756199170358317,0.3073762154095663,0.902462641840836,0.9020594281071008,0.7700580044778049,0.897406368541996,0.8969792788487176,0.7526454569778374,0.8315072837959878,0.8310572568623774,0.6618054094433068,0.8357447021357429,0.8353020509100345,0.6777225590952062,0.6052631578947368,0.7062797481959158,0.029129768964001466,0.12943029403686523
3,0.3,0.0,0.0,0.5,2,29,3,3,0.29728791127725174,0.29730737121756895,0.7964599900015984,0.7958463173618422,0.6257449183498832,0.8019282820082536,0.8013325861275414,0.6406540834881669,0.3960108404152614,0.39479911886199737,0.17246448557582922,0.4045942902943182,0.40340372512137557,0.185435262866209,0.8321167883211679,0.8819570162001579,0.006363856931924431,0.5124673843383789
3,0.3,0.0,0.0,0.5,3,15,4,4,0.30225652517010065,0.30219976768382184,0.9062134325366954,0.9058270894842647,0.7840181975146335,0.9059896953135614,0.9056014712345598,0.78488266182146,0.5852097082025101,0.5841068448379702,0.31582286357372535,0.5839573365525113,0.5828476636274899,0.3153687444426345,0.6052631578947368,0.7062797481959158,0.028717010354689838,0.10734224319458008
3,0.3,0.0,0.0,0.5,4,18,4,4,0.2913748138964656,0.2912005202031929,0.9090437908389912,0.9086701087019787,0.7943429996270311,0.9137594533047027,0.9134059329538328,0.8127690521941776,0.5899415552536014,0.588855002678303,0.3242424970402004,0.5969473729725019,0.5958824465842398,0.33795995639299703,0.8082191780821918,0.8819570162001579,0.009788632179600635,0.23450756072998047
3,0.3,0.0,0.0,0.5,5,14,4,4,0.30330959509333777,0.30324649544915616,0.908286786541069,0.9079097241974984,0.7915753497024844,0.9083491277292126,0.907971490705844,0.7934094346634827,0.5886766846770782,0.5875857803902926,0.3219956443730734,0.5879077429223252,0.5868117435177124,0.32235560277843,0.6052631578947368,0.7062797481959158,0.02954334317704521,0.09023594856262207
3,0.3,0.0,0.0,0.5,6,17,4,4,0.30428482175404264,0.30446028467943204,0.9075030477238635,0.9071224809899361,0.7887321917624809,0.9116055475593928,0.9112424542131328,0.8049349549879696,0.8265696202747513,0.8261092144636513,0.6445372756707703,0.8218349120156893,0.8213629372496292,0.6293450096268156,0.8561151079136691,0.9065837790068717,0.006044403466607643,0.10940146446228027
3,0.3,0.0,0.0,0.5,7,32,3,3,0.29582723972303326,0.295670689856077,0.7904764725728854,0.7898414931742513,0.6114464079728974,0.7852802150932446,0.7846251091678986,0.6010060305727019,0.3853655540302216,0.3841240709865136,0.15803176243484104,0.3749359727893116,0.37366222508626973,0.14532804951821357,0.6052631578947368,0.7062797481959158,0.027350473778740822,0.555535078048706
3,0.3,0.0,0.0,0.5,8,55,3,3,0.2950513599127719,0.29530216631464934,0.7893604470334368,0.7887214729506181,0.6087639900510177,0.7889606460971246,0.7883188157233194,0.6085417084158432,0.6571211120546576,0.6564276642829949,0.47392307168234943,0.6444080303082955,0.6436864403758702,0.44488729445134056,0.8561151079136691,0.9065837790068717,0.004776756822436555,1.4407637119293213
3,0.3,0.0,0.0,0.5,9,26,3,3,0.2996560916313663,0.2994088774763782,0.7894055587341606,0.7887667457732628,0.6089106796367217,0.7889606460971244,0.7883188157233192,0.6085417084158432,0.6707786783405367,0.6701128855814311,0.5067592679602066,0.6827081189134145,0.6820642499665682,0.536681216439622,0.8181818181818182,0.8868339270825438,0.006516934489413376,0.5703318119049072
3,0.3,0.0,0.0,0.75,0,115,10,4,0.1907535986128934,0.22859141091574328,0.7068218494634596,0.7034101952722749,0.5319940500465904,0.9059896953135614,0.9056014712345598,0.78488266182146,0.3749471476919295,0.3704176243697207,0.13216864802202277,0.5839573365525113,0.5828476636274899,0.3153687444426345,0,0.0,inf,2.5895211696624756
3,0.3,0.0,0.0,0.75,1,110,10,3,0.1923700287865382,0.2994159428310414,0.6812965252710682,0.6775774934434611,0.5265863924350594,0.7916267295012033,0.7909944647108239,0.6144266258107057,0.5323733772711592,0.5289728794248211,0.36512713032157745,0.6865809274896538,0.6859468433771048,0.542968341433499,0,0.0,inf,2.124502182006836
3,0.3,0.0,0.0,0.75,2,21,10,3,0.18870055099099564,0.30068005223196703,0.681830284178183,0.6781175152833353,0.515823897162502,0.7916267295012033,0.7909944647108239,0.6144266258107057,0.5245463912816919,0.521089016977551,0.35222305238870427,0.6865809274896539,0.6859468433771049,0.542968341433499,0,0.0,inf,0.3189811706542969
3,0.3,0.0,0.0,0.75,3,30,10,4,0.21354831304371824,0.3007445413347497,0.7964860972721107,0.7942325545428706,0.6692037327067343,0.9116055475593928,0.9112424542131328,0.8049349549879696,0.6761013951856766,0.6738909328123512,0.49431176380765535,0.8218349120156893,0.8213629372496292,0.6293450096268156,0,0.0,inf,0.5355887413024902
3,0.3,0.0,0.0,0.75,4,44,10,4,0.20073188790386667,0.28681207415166904,0.7745844608176184,0.7720744132116154,0.640606553166709,0.9000920107272863,0.8996771460213145,0.7622414951112423,0.4861335643916403,0.4826024015023208,0.2229287602110485,0.5740608484987777,0.5729166889125227,0.29646770121656035,0,0.0,inf,0.8082282543182373
3,0.3,0.0,0.0,0.75,5,20,10,3,0.18460042342629568,0.29244850513250736,0.6870718032502411,0.683428837319256,0.5248952909643629,0.8021489417124285,0.8015540214626932,0.6413806962628472,0.5325784316157549,0.5291894838569063,0.34349255408686846,0.6640652098143665,0.6633936463526339,0.47901294122685556,0,0.0,inf,0.33603334426879883
3,0.3,0.0,0.0,0.75,6,31,10,4,0.1923005642827026,0.23167775046496678,0.703380697179034,0.6999271213892604,0.5295024724787337,0.9059896953135614,0.9056014712345598,0.78488266182146,0.37360050030870484,0.369058141538779,0.13020136184789916,0.5839573365525113,0.5828476636274899,0.3153687444426345,0,0.0,inf,0.773895263671875
3,0.3,0.0,0.0,0.75,7,33,10,4,0.18599955247283398,0.22876039944788495,0.7094325652564227,0.7060631040962098,0.5452637113147333,0.9116055475593928,0.9112424542131328,0.8049349549879696,0.5600793784449197,0.556905309500722,0.39063584882256114,0.8218349120156893,0.8213629372496292,0.6293450096268156,0,0.0,inf,0.6753659248352051
3,0.3,0.0,0.0,0.75,8,31,4,4,0.3033095950933378,0.3032464954491562,0.908286786541069,0.9079097241974984,0.7915753497024844,0.9083491277292126,0.907971490705844,0.7934094346634827,0.5886766846770783,0.5875857803902927,0.3219956443730734,0.5879077429223252,0.5868117435177124,0.32235560277843,0.6052631578947368,0.7062797481959158,0.0295433431770452,0.6689584255218506
3,0.3,0.0,0.0,0.75,9,110,10,3,0.18644881300975188,0.29602348785837257,0.6885575218576173,0.684914002445564,0.5175643027473235,0.7849276230002521,0.7842712471813089,0.5998687124749003,0.535789336151792,0.5324029991223628,0.35992496896765525,0.6768387497441453,0.6761799567006874,0.527325252875187,0,0.0,inf,3.3021512031555176
3,0.3,0.0,0.0,1.0,0,35,10,3,0.13340811176018783,0.25846050381972313,0.6174932260159344,0.613307862390273,0.4474746645003735,0.8021489417124285,0.8015540214626932,0.6413806962628472,0.2827140491907388,0.27787405114955677,0.08831429441454176,0.40498555723662094,0.40379607055457106,0.18615098045841807,0,0.0,inf,0.778540849685669
3,0.3,0.0,0.0,1.0,1,40,10,3,0.13175659050901586,0.2576739792864007,0.5963668484682763,0.5919304857671277,0.4279029770141353,0.7849276230002521,0.7842712471813089,0.5998687124749003,0.2920615754086442,0.2872582064516658,0.08259663119362501,0.3743048644791923,0.373029329116335,0.14414618051325584,0,0.0,inf,1.088012456893921
3,0.3,0.0,0.0,1.0,2,23,10,4,0.13341265841979771,0.20799535316766174,0.6112546129556251,0.6069846404664136,0.43156626893537336,0.9059896953135614,0.9056014712345598,0.78488266182146,0.2940594097688815,0.28927340533288526,0.08283327682074347,0.5839573365525113,0.5828476636274899,0.3153687444426345,0,0.0,inf,0.5230567455291748
3,0.3,0.0,0.0,1.0,3,117,10,3,0.13572958092665446,0.2639083119752482,0.6146136383921259,0.6103879590593654,0.44169606504676034,0.7889606460971244,0.7883188157233192,0.6085417084158432,0.4483791404328606,0.4446474130115589,0.2940633480198551,0.6827081189134145,0.6820642499665682,0.536681216439622,0,0.0,inf,3.4983737468719482
3,0.3,0.0,0.0,1.0,4,1000,10,3,0.15371793971613582,0.28505614450080663,0.6604612438929705,0.6567478278639547,0.5030044075801416,0.8021489417124285,0.8015540214626932,0.6413806962628472,0.33627655971536136,0.3318006476438457,0.12746620527873234,0.40498555723662094,0.40379607055457106,0.18615098045841807,0,0.0,inf,19.74031352996826
3,0.3,0.0,0.0,1.0,5,27,10,4,0.18729878843633627,0.29465194100085323,0.7622559604924923,0.7597471397251553,0.6345970719780395,0.9083491277292126,0.907971490705844,0.7934094346634827,0.48116213826875703,0.4778107438939118,0.22884057980614753,0.5879077429223252,0.5868117435177124,0.32235560277843,0,0.0,inf,0.7262992858886719
3,0.3,0.0,0.0,1.0,6,19,10,3,0.13157556720923996,0.2545792153260368,0.6102166805102839,0.6059519421458378,0.4343579966398634,0.8021489417124285,0.8015540214626932,0.6413806962628472,0.3042019967632153,0.2995073244433337,0.08787630840118273,0.40498555723662094,0.40379607055457106,0.18615098045841807,0,0.0,inf,0.4350471496582031
3,0.3,0.0,0.0,1.0,7,48,10,3,0.1354760882543317,0.2688248392382683,0.6033456748156034,0.5989978305306293,0.43646735710272383,0.7921997857472497,0.7915695648752535,0.6162892627615703,0.4247001697068758,0.4208097828016387,0.2646098084935458,0.6492493065110276,0.6485401515758276,0.45307203333420376,0,0.0,inf,1.2610642910003662
3,0.3,0.0,0.0,1.0,8,33,10,3,0.15207995123743936,0.2868762143731015,0.6435315725753105,0.6396134642254004,0.4823979321975892,0.7849276230002521,0.7842712471813089,0.5998687124749003,0.48299995376878063,0.4794919522768212,0.3185023980671668,0.6768387497441453,0.6761799567006874,0.527325252875187,0,0.0,inf,0.854743480682373
3,0.3,0.0,0.0,1.0,9,31,10,4,0.16500960159231043,0.2792049296137518,0.7070835759960483,0.7039933040764093,0.5657670381744525,0.9059896953135614,0.9056014712345598,0.78488266182146,0.4283003822076669,0.4246086418842927,0.19159378387363982,0.5839573365525113,0.5828476636274899,0.3153687444426345,0,0.0,inf,0.7861618995666504
3,0.3,0.0,0.25,0.0,0,17,3,3,0.29582723972303326,0.295670689856077,0.7904764725728854,0.7898414931742513,0.6114464079728974,0.7852802150932446,0.7846251091678986,0.6010060305727019,0.3853655540302216,0.3841240709865136,0.15803176243484104,0.3749359727893116,0.37366222508626973,0.14532804951821357,0.6052631578947368,0.7062797481959158,0.027350473778740822,0.09576082229614258
3,0.3,0.0,0.25,0.0,1,14,4,4,0.3033095950933378,0.30324649544915616,0.908286786541069,0.9079097241974984,0.7915753497024844,0.9083491277292126,0.907971490705844,0.7934094346634827,0.5886766846770783,0.5875857803902927,0.3219956443730734,0.5879077429223252,0.5868117435177124,0.32235560277843,0.6052631578947368,0.7062797481959158,0.029543343177045198,0.09720683097839355
3,0.3,0.0,0.25,0.0,2,17,4,4,0.28430885921053173,0.28406081045250703,0.9077861546703496,0.9074068545396609,0.7897360784811976,0.9083491277292126,0.907971490705844,0.7934094346634827,0.5878399019601797,0.5867461156628245,0.320498396315486,0.5879077429223252,0.5868117435177124,0.32235560277843,0.6052631578947368,0.7062797481959158,0.03036555826330614,0.10247349739074707
3,0.3,0.0,0.25,0.0,3,15,3,3,0.29728791127725174,0.2973073712175688,0.7964599900015984,0.7958463173618422,0.6257449183498832,0.8019282820082536,0.8013325861275414,0.6406540834881669,0.3960108404152614,0.39479911886199737,0.17246448557582922,0.4045942902943182,0.40340372512137557,0.185435262866209,0.8321167883211679,0.8819570162001579,0.006363856931924428,0.15097594261169434
3,0.3,0.0,0.25,0.0,4,17,3,3,0.29965609163136653,0.29940887747637823,0.7894055587341606,0.7887667457732628,0.6089106796367217,0.7889606460971244,0.7883188157233192,0.6085417084158432,0.6707786783405367,0.6701128855814311,0.5067592679602066,0.6827081189134145,0.6820642499665682,0.536681216439622,0.8181818181818182,0.8868339270825438,0.006516934489413376,0.2058718204498291
3,0.3,0.0,0.25,0.0,5,18,4,4,0.3075619917035833,0.3073762154095662,0.902462641840836,0.9020594281071008,0.7700580044778049,0.897406368541996,0.8969792788487176,0.7526454569778374,0.8315072837959879,0.8310572568623775,0.6618054094433068,0.8357447021357429,0.8353020509100346,0.6777225590952062,0.6052631578947368,0.7062797481959158,0.029129768964001466,0.10555148124694824
3,0.3,0.0,0.25,0.0,6,26,2,2,0.3068011020001426,0.30680110200014254,0.5878399019601795,0.5871126581313231,0.3706193494105449,0.5879077429223252,0.5871790535706989,0.3717161405198315,0.8313787680515661,0.83116854713833,0.8470017763599165,0.8321863395202957,0.8319764965397319,0.8493589643652412,0.9064748201438849,0.9419280575539569,0.0013437003589485763,0.5580520629882812
3,0.3,0.0,0.25,0.0,7,16,3,3,0.3034411497477426,0.3031720513147306,0.7919171422000004,0.7912873128296978,0.6146580667163571,0.7916267295012033,0.7909944647108239,0.6144266258107057,0.6744585519968018,0.673802075766916,0.5128575145547655,0.6865809274896539,0.6859468433771049,0.542968341433499,0.8321167883211679,0.8819570162001579,0.006776615541236057,0.18436431884765625
3,0.3,0.0,0.25,0.0,8,14,4,4,0.3042848217540427,0.30446028467943204,0.9075030477238635,0.9071224809899361,0.7887321917624809,0.9116055475593928,0.9112424542131328,0.8049349549879696,0.8265696202747513,0.8261092144636513,0.6445372756707703,0.821834912015689,0.8213629372496289,0.6293450096268156,0.8561151079136691,0.9065837790068717,0.006044403466607643,0.09861493110656738
3,0.3,0.0,0.25,0.0,9,24,2,2,0.3068011020001426,0.30680110200014254,0.5878399019601795,0.5871126581313231,0.3706193494105449,0.5879077429223252,0.5871790535706989,0.3717161405198315,0.8313787680515661,0.83116854713833,0.8470017763599165,0.8321863395202957,0.8319764965397319,0.8493589643652412,0.9064748201438849,0.9419280575539569,0.0013437003589485763,0.5267670154571533
3,0.3,0.0,0.25,0.25,0,22,2,2,0.30676087177327976,0.30676087177327976,0.5886439109427256,0.587918508065989,0.3721699660878811,0.5843445647456531,0.5836076786123202,0.3649394192885749,0.35909302384762254,0.3582946542970271,0.20757393653979087,0.36733076676218757,0.3665367746994707,0.2249150250260693,0.8181818181818182,0.8868339270825438,0.005104134277844081,0.16176843643188477
3,0.3,0.0,0.25,0.25,1,24,3,3,0.29837031231076755,0.2986255727684462,0.7920532465028122,0.791423901436366,0.6151023239096007,0.7921997857472497,0.7915695648752535,0.6162892627615703,0.6611067358959262,0.6604234389621813,0.48062193929772196,0.6492493065110276,0.6485401515758276,0.45307203333420376,0.8561151079136691,0.9065837790068717,0.004677866890658624,0.18938589096069336
3,0.3,0.0,0.25,0.25,2,36,4,4,0.3042848217540427,0.30446028467943204,0.9075030477238635,0.9071224809899361,0.7887321917624809,0.9116055475593928,0.9112424542131328,0.8049349549879696,0.8265696202747511,0.8261092144636512,0.6445372756707703,0.8218349120156893,0.8213629372496292,0.6293450096268156,0.8561151079136691,0.9065837790068717,0.006044403466607643,0.9042425155639648
3,0.3,0.0,0.25,0.25,3,53,2,2,0.30676087177327976,0.30676087177327976,0.5886439109427256,0.587918508065989,0.3721699660878811,0.5843445647456531,0.5836076786123202,0.3649394192885749,0.35909302384762254,0.3582946542970271,0.20757393653979087,0.36733076676218757,0.3665367746994707,0.2249150250260693,0.8181818181818182,0.8868339270825438,0.005104134277844081,1.3415708541870117
3,0.3,0.0,0.25,0.25,4,22,3,3,0.29837031231076755,0.29862557276844615,0.7920532465028122,0.791423901436366,0.6151023239096007,0.7921997857472497,0.7915695648752535,0.6162892627615703,0.6611067358959262,0.6604234389621813,0.48062193929772196,0.6492493065110276,0.6485401515758276,0.45307203333420376,0.8561151079136691,0.9065837790068717,0.0046778668906586295,0.30605053901672363
3,0.3,0.0,0.25,0.25,5,28,4,4,0.2913748138964658,0.2912005202031929,0.9090437908389912,0.9086701087019787,0.7943429996270311,0.9137594533047027,0.9134059329538328,0.8127690521941776,0.5899415552536014,0.588855002678303,0.3242424970402004,0.5969473729725019,0.5958824465842398,0.33795995639299703,0.8082191780821918,0.8819570162001579,0.009788632179600631,0.32005882263183594
3,0.3,0.0,0.25,0.25,6,22,3,3,0.29965609163136636,0.2994088774763783,0.7894055587341606,0.7887667457732628,0.6089106796367217,0.7889606460971244,0.7883188157233192,0.6085417084158432,0.6707786783405367,0.6701128855814311,0.5067592679602066,0.6827081189134145,0.6820642499665682,0.536681216439622,0.8181818181818182,0.8868339270825438,0.006516934489413376,0.3316175937652588
3,0.3,0.0,0.25,0.25,7,31,3,3,0.2983703123107674,0.29862557276844615,0.7920532465028122,0.791423901436366,0.6151023239096007,0.7921997857472497,0.7915695648752535,0.6162892627615703,0.6611067358959261,0.6604234389621811,0.48062193929772196,0.6492493065110276,0.6485401515758276,0.45307203333420376,0.8561151079136691,0.9065837790068717,0.004677866890658624,0.4131457805633545
3,0.3,0.0,0.25,0.25,8,31,3,3,0.2958169263669709,0.29549993660125573,0.7903747757157535,0.7897394336368198,0.6111150880111534,0.7849276230002521,0.7842712471813089,0.5998687124749003,0.672199343603704,0.6715371528473736,0.5091037432295656,0.6768387497441453,0.6761799567006874,0.527325252875187,0.6052631578947368,0.7062797481959158,0.027353541624941555,0.3085484504699707
3,0.3,0.0,0.25,0.25,9,117,4,4,0.3075619917035833,0.3073762154095663,0.902462641840836,0.9020594281071008,0.7700580044778049,0.897406368541996,0.8969792788487176,0.7526454569778374,0.8315072837959879,0.8310572568623775,0.6618054094433068,0.8357447021357429,0.8353020509100345,0.6777225590952062,0.6052631578947368,0.7062797481959158,0.02912976896400146,3.1123569011688232
3,0.3,0.0,0.25,0.5,0,38,3,3,0.3034411497477426,0.3031720513147306,0.7919171422000004,0.7912873128296978,0.6146580667163571,0.7916267295012033,0.7909944647108239,0.6144266258107057,0.6744585519968018,0.673802075766916,0.5128575145547655,0.6865809274896538,0.6859468433771048,0.542968341433499,0.8321167883211679,0.8819570162001579,0.006776615541236056,0.7113707065582275
3,0.3,0.0,0.25,0.5,1,27,3,3,0.29837031231076755,0.29862557276844615,0.7920532465028122,0.791423901436366,0.6151023239096007,0.7921997857472497,0.7915695648752535,0.6162892627615703,0.6611067358959261,0.6604234389621811,0.48062193929772196,0.6492493065110276,0.6485401515758276,0.45307203333420376,0.8561151079136691,0.9065837790068717,0.004677866890658624,0.4320366382598877
3,0.3,0.0,0.25,0.5,2,25,3,3,0.3129016539548131,0.31276217198390466,0.7503978476511641,0.7496157526369165,0.4999303752085892,0.7595386266093844,0.7587891678710779,0.523012647821584,0.5987797319636469,0.5979324936729498,0.3494156212123094,0.6000310519393101,0.5991924558208827,0.34859032320172656,0.8732394366197183,0.9309309309309308,0.0030697809096081313,0.4149966239929199
3,0.3,0.0,0.25,0.5,3,45,4,4,0.3075619917035833,0.3073762154095663,0.902462641840836,0.9020594281071008,0.7700580044778049,0.897406368541996,0.8969792788487176,0.7526454569778374,0.8315072837959879,0.8310572568623775,0.6618054094433068,0.8357447021357429,0.8353020509100345,0.6777225590952062,0.6052631578947368,0.7062797481959158,0.02912976896400146,0.6917307376861572
3,0.3,0.0,0.25,0.5,4,21,3,3,0.3034411497477426,0.3031720513147306,0.7919171422000004,0.7912873128296978,0.6146580667163571,0.7916267295012033,0.7909944647108239,0.6144266258107057,0.6744585519968018,0.673802075766916,0.5128575145547655,0.6865809274896538,0.6859468433771048,0.542968341433499,0.8321167883211679,0.8819570162001579,0.006776615541236057,0.44094371795654297
3,0.3,0.0,0.25,0.5,5,28,3,3,0.3034411497477426,0.3031720513147306,0.7919171422000004,0.7912873128296978,0.6146580667163571,0.7916267295012033,0.7909944647108239,0.6144266258107057,0.6744585519968018,0.673802075766916,0.5128575145547655,0.6865809274896538,0.6859468433771048,0.542968341433499,0.8321167883211679,0.8819570162001579,0.006776615541236052,0.3421640396118164
3,0.3,0.0,0.25,0.5,6,32,4,4,0.2869099494121843,0.286554804443487,0.9019138104143678,0.901508118740358,0.76805910791063,0.8974063685419958,0.8969792788487174,0.7526454569778374,0.5780077503743203,0.5768799063541297,0.3026031658242566,0.5695438300688878,0.5683837947232321,0.28830015171599577,0.6052631578947368,0.7062797481959158,0.03087413895819495,0.7011559009552002
3,0.3,0.0,0.25,0.5,7,29,3,3,0.3000960427427212,0.30006657630309463,0.7919954100813236,0.7913658592256422,0.6149134768877957,0.792676458447326,0.7920479364188314,0.6178455857756018,0.6723511680709455,0.671690500055526,0.5078006074885633,0.6710761095271227,0.670411439649869,0.5060781026638148,0.8299319727891157,0.890901124580108,0.0070369045299320115,0.4541900157928467
3,0.3,0.0,0.25,0.5,8,18,4,4,0.3075619917035833,0.3073762154095663,0.902462641840836,0.9020594281071008,0.7700580044778049,0.897406368541996,0.8969792788487176,0.7526454569778374,0.8315072837959879,0.8310572568623775,0.6618054094433068,0.8357447021357429,0.8353020509100346,0.6777225590952062,0.6052631578947368,0.7062797481959158,0.02912976896400146,0.0813755989074707
3,0.3,0.0,0.25,0.5,9,23,4,4,0.3022565251701006,0.30219976768382173,0.9062134325366954,0.9058270894842647,0.7840181975146335,0.9059896953135614,0.9056014712345598,0.78488266182146,0.5852097082025101,0.5841068448379702,0.31582286357372535,0.5839573365525113,0.5828476636274899,0.3153687444426345,0.6052631578947368,0.7062797481959158,0.02871701035468984,0.08518028259277344
3,0.3,0.0,0.25,0.75,0,71,10,3,0.1448400912346795,0.26730035314253914,0.616911996572903,0.6126632849117857,0.4716152610634704,0.7926764584473263,0.7920479364188315,0.6178455857756018,0.4961763657169848,0.49272086929626596,0.3407289242681802,0.6710761095271227,0.670411439649869,0.5060781026638148,0,0.0,inf,1.969452142715454
3,0.3,0.0,0.25,0.75,1,48,10,3,0.1627228103383509,0.2967979393570768,0.6129323667475264,0.6084760890278403,0.37515260782012855,0.7250071641342934,0.7241254949570672,0.44647024161769056,0.4434710731906098,0.43947271684171524,0.17917669207059939,0.5880574779608788,0.5871603983222972,0.34186166083827674,0,0.0,inf,1.3246982097625732
3,0.3,0.0,0.25,0.75,2,20,4,4,0.30330959509333777,0.30324649544915616,0.908286786541069,0.9079097241974984,0.7915753497024844,0.9083491277292126,0.907971490705844,0.7934094346634827,0.5886766846770783,0.5875857803902927,0.3219956443730734,0.5879077429223252,0.5868117435177124,0.32235560277843,0.6052631578947368,0.7062797481959158,0.029543343177045198,0.20144367218017578
3,0.3,0.0,0.25,0.75,3,48,10,3,0.16474930404212787,0.30144110879876684,0.609764999372569,0.6052982659183024,0.3858015378943938,0.7375733655715295,0.7367405406672014,0.4724246305454723,0.6876222716492577,0.6853941847980471,0.671163372883017,0.9999999999999999,0.9999999999999999,1.0,0,0.0,inf,1.395622730255127
3,0.3,0.0,0.25,0.75,4,110,10,3,0.16340655660885814,0.3063637020347803,0.6094293111410944,0.6049587353101796,0.38099943596701663,0.7375733655715297,0.7367405406672015,0.4724246305454723,0.6880137805925088,0.6857884862448906,0.6675989527566485,1.0,1.0,1.0,0,0.0,inf,3.121173858642578
3,0.3,0.0,0.25,0.75,5,30,2,2,0.3065022615582611,0.306502261558261,0.5864457028076931,0.5857152626526245,0.36794884669240996,0.581408430461704,0.5806647649710639,0.35946576657210166,0.3554769798038332,0.3546723114607707,0.2012232560910715,0.36252835594946636,0.3617259494053958,0.21651936258282992,0.8321167883211679,0.8819570162001579,0.0050184202742726385,0.40845179557800293
3,0.3,0.0,0.25,0.75,6,1000,10,3,0.1647511152703647,0.29707571406865796,0.6631365369247347,0.6594002162429078,0.499227039060784,0.7926764584473263,0.7920479364188315,0.6178455857756018,0.5221202962321975,0.5188424362355445,0.363359126332536,0.6710761095271227,0.670411439649869,0.5060781026638148,0,0.0,inf,20.501347064971924
3,0.3,0.0,0.25,0.75,7,38,2,2,0.3068011020001426,0.30680110200014254,0.5878399019601795,0.5871126581313231,0.3706193494105449,0.5879077429223252,0.5871790535706989,0.3717161405198315,0.8313787680515661,0.83116854713833,0.8470017763599165,0.8321863395202957,0.8319764965397319,0.8493589643652412,0.9064748201438849,0.9419280575539569,0.0013437003589485755,0.8871829509735107
3,0.3,0.0,0.25,0.75,8,41,10,3,0.15900947826365988,0.2947729623033506,0.6032328861441514,0.5986649391047081,0.3661467084800607,0.7250071641342934,0.7241254949570672,0.44647024161769056,0.43931207650995296,0.4352838400416575,0.1790595493384372,0.5880574779608788,0.5871603983222972,0.34186166083827674,0,0.0,inf,0.8045654296875
3,0.3,0.0,0.25,0.75,9,114,10,5,0.18111061193541067,0.22280627096285613,0.7766113440651711,0.77423921845971,0.6329545419967361,1.0,1.0,1.0,0.49036127019355713,0.4870449993226872,0.22571027511536976,0.7375733655715295,0.7367405406672014,0.4724246305454723,0,0.0,inf,3.318734645843506
3,0.3,0.0,0.25,1.0,0,122,10,3,0.12832811003993702,0.28040150990467705,0.5567338780018655,0.5519554751045193,0.3763352769816483,0.7481612335885639,0.7473688711868739,0.49755280006294755,0.2659366119518061,0.26106374656489095,0.039032375808310545,0.3078099101773931,0.30634022681614625,0.029926155949019876,0,0.0,inf,2.3095901012420654
3,0.3,0.0,0.25,1.0,1,21,10,3,0.13608553645368526,0.2851181140908855,0.6200514491622523,0.616036606453486,0.4662876388947828,0.7889606460971244,0.7883188157233192,0.6085417084158432,0.4704362126899612,0.46700597507384745,0.3029978152859746,0.6827081189134145,0.6820642499665682,0.536681216439622,0,0.0,inf,0.3225874900817871
3,0.3,0.0,0.25,1.0,2,34,10,4,0.15649606319285037,0.2811634766506569,0.7182401323707577,0.7153493037990895,0.554763939741412,0.9083491277292126,0.907971490705844,0.7934094346634827,0.452971389515234,0.44955140863845633,0.1932666973416305,0.5879077429223252,0.5868117435177124,0.32235560277843,0,0.0,inf,0.6502602100372314
3,0.3,0.0,0.25,1.0,3,113,10,3,0.12200945540034337,0.2704597349621244,0.5705156644243583,0.5659788938035201,0.42120163851564607,0.789789857030486,0.789150994948784,0.6112350182388241,0.4411637109102268,0.43754533443905125,0.2553636784345603,0.6668307613228105,0.6661552998165208,0.4990750972068573,0,0.0,inf,2.269510507583618
3,0.3,0.0,0.25,1.0,4,26,10,3,0.1318312200987148,0.27834372874231167,0.632748884736868,0.6288774344246749,0.46820457567921236,0.8021489417124285,0.8015540214626932,0.6413806962628472,0.32003927295023593,0.3156476324949241,0.11478644315920325,0.40498555723662094,0.40379607055457106,0.18615098045841807,0,0.0,inf,0.5692088603973389
3,0.3,0.0,0.25,1.0,5,113,10,3,0.12865799556396093,0.28186738732702515,0.6210231972145942,0.6170093358607993,0.44706262903566096,0.7849276230002521,0.7842712471813089,0.5998687124749003,0.30047086710919885,0.2959268437020538,0.09704534460514351,0.3743048644791923,0.373029329116335,0.14414618051325584,0,0.0,inf,2.2885942459106445
3,0.3,0.0,0.25,1.0,6,38,10,2,0.09947730544891553,0.28960539983282285,0.473340200468847,0.46752502410584323,0.28905920587012646,0.5976802337166613,0.5969738544387009,0.39109438552078163,0.26594620127846774,0.2609298770090127,0.08999478498970996,0.3422002806825873,0.3413858796216768,0.174960691641255,0,0.0,inf,0.6677026748657227
3,0.3,0.0,0.25,1.0,7,31,10,4,0.15183526173898118,0.278334725716761,0.7103363765559921,0.7073716936698355,0.5570698629410966,0.9116055475593928,0.9112424542131328,0.8049349549879696,0.5719087692076523,0.5692402902173144,0.35195266749460613,0.8218349120156893,0.8213629372496292,0.6293450096268156,0,0.0,inf,0.5264956951141357
3,0.3,0.0,0.25,1.0,8,53,10,4,0.15384229058983137,0.28437432343962743,0.7383905251184194,0.7357149647413908,0.6087527182217656,0.9137594533047027,0.9134059329538328,0.8127690521941776,0.46765557548203057,0.46434023416610376,0.21971792005401491,0.5969473729725019,0.5958824465842398,0.33795995639299703,0,0.0,inf,1.0043299198150635
3,0.3,0.0,0.25,1.0,9,48,10,4,0.13214490367581933,0.21501809841213768,0.6182951839119827,0.6142629236726226,0.4431648282638871,0.9116055475593928,0.9112424542131328,0.8049349549879696,0.4617399454882948,0.4582545862206895,0.26370131136711006,0.8218349120156893,0.8213629372496292,0.6293450096268156,0,0.0,inf,0.9128072261810303
3,0.3,0.0,0.5,0.0,0,18,3,3,0.29505135991277176,0.2953021663146493,0.7893604470334368,0.7887214729506181,0.6087639900510177,0.7889606460971246,0.7883188157233194,0.6085417084158432,0.6571211120546576,0.6564276642829949,0.47392307168234943,0.6444080303082955,0.6436864403758702,0.44488729445134056,0.8561151079136691,0.9065837790068717,0.004776756822436553,0.13721752166748047
3,0.3,0.0,0.5,0.0,1,25,3,3,0.2983703123107674,0.29862557276844615,0.7920532465028122,0.791423901436366,0.6151023239096007,0.7921997857472497,0.7915695648752535,0.6162892627615703,0.6611067358959261,0.6604234389621811,0.48062193929772196,0.6492493065110276,0.6485401515758276,0.45307203333420376,0.8561151079136691,0.9065837790068717,0.004677866890658624,0.23427414894104004
3,0.3,0.0,0.5,0.0,2,20,3,3,0.293832105090291,0.29365346503033424,0.7903227834399137,0.7896872559207784,0.6109458131619562,0.7849276230002521,0.7842712471813089,0.5998687124749003,0.38509166071712936,0.3838494109267403,0.15752150986229166,0.3743048644791923,0.373029329116335,0.14414618051325584,0.6052631578947368,0.7062797481959158,0.02827569653287411,0.08217954635620117
3,0.3,0.0,0.5,0.0,3,18,4,4,0.30225652517010054,0.30219976768382184,0.9062134325366954,0.9058270894842647,0.7840181975146335,0.9059896953135614,0.9056014712345598,0.78488266182146,0.5852097082025101,0.5841068448379702,0.31582286357372535,0.5839573365525113,0.5828476636274899,0.3153687444426345,0.6052631578947368,0.7062797481959158,0.02871701035468983,0.09462952613830566
3,0.3,0.0,0.5,0.0,4,29,3,3,0.29728791127725185,0.2973073712175688,0.7964599900015984,0.7958463173618422,0.6257449183498832,0.8019282820082536,0.8013325861275414,0.6406540834881669,0.3960108404152613,0.39479911886199726,0.17246448557582922,0.4045942902943182,0.40340372512137557,0.185435262866209,0.8321167883211679,0.8819570162001579,0.006363856931924429,0.4267151355743408
3,0.3,0.0,0.5,0.0,5,22,3,3,0.29505135991277176,0.2953021663146494,0.7893604470334368,0.7887214729506181,0.6087639900510177,0.7889606460971246,0.7883188157233194,0.6085417084158432,0.6571211120546576,0.6564276642829949,0.47392307168234943,0.6444080303082955,0.6436864403758702,0.44488729445134056,0.8561151079136691,0.9065837790068717,0.004776756822436553,0.3493623733520508
3,0.3,0.0,0.5,0.0,6,20,3,3,0.29965609163136636,0.2994088774763784,0.7894055587341606,0.7887667457732628,0.6089106796367217,0.7889606460971244,0.7883188157233192,0.6085417084158432,0.6707786783405367,0.6701128855814311,0.5067592679602066,0.6827081189134145,0.6820642499665682,0.536681216439622,0.8181818181818182,0.8868339270825438,0.006516934489413376,0.2831850051879883
3,0.3,0.0,0.5,0.0,7,19,3,3,0.31587092761855723,0.3160191882907765,0.739964857200733,0.7391430675807574,0.476493102656082,0.7303232410180941,0.7294623299636516,0.45744797462502,0.5972831916700859,0.5964229904379739,0.35212464349252864,0.5960555189006077,0.595180939197939,0.35653127194845763,0.6052631578947368,0.7062797481959158,0.027716968752432167,0.07890772819519043
3,0.3,0.0,0.5,0.0,8,17,3,3,0.31587092761855706,0.31601918829077635,0.739964857200733,0.7391430675807574,0.476493102656082,0.7303232410180941,0.7294623299636516,0.45744797462502,0.5972831916700859,0.5964229904379739,0.35212464349252864,0.5960555189006077,0.595180939197939,0.35653127194845763,0.6052631578947368,0.7062797481959158,0.02771696875243218,0.20676589012145996
3,0.3,0.0,0.5,0.0,9,27,2,2,0.2737275460629888,0.2737275460629887,0.5872903773570707,0.5865618743007849,0.36956399957774183,0.5879077429223252,0.5871790535706989,0.3717161405198315,0.3541124313063359,0.3533067506162106,0.19851943620514417,0.35203147271479995,0.35122121896854114,0.196052578243971,0.8439716312056738,0.9163009163009164,0.0032540925775820934,0.43058300018310547
3,0.3,0.0,0.5,0.25,0,16,4,4,0.30330959509333777,0.30324649544915616,0.908286786541069,0.9079097241974984,0.7915753497024844,0.9083491277292126,0.907971490705844,0.7934094346634827,0.5886766846770783,0.5875857803902927,0.3219956443730734,0.5879077429223252,0.5868117435177124,0.32235560277843,0.6052631578947368,0.7062797481959158,0.029543343177045208,0.07635164260864258
3,0.3,0.0,0.5,0.25,1,24,3,3,0.29582723972303326,0.295670689856077,0.7904764725728854,0.7898414931742513,0.6114464079728974,0.7852802150932446,0.7846251091678986,0.6010060305727019,0.3853655540302216,0.3841240709865136,0.15803176243484104,0.3749359727893116,0.37366222508626973,0.14532804951821357,0.6052631578947368,0.7062797481959158,0.027350473778740822,0.4557669162750244
3,0.3,0.0,0.5,0.25,2,25,4,4,0.3075619917035833,0.3073762154095662,0.902462641840836,0.9020594281071008,0.7700580044778049,0.897406368541996,0.8969792788487176,0.7526454569778374,0.8315072837959878,0.8310572568623774,0.6618054094433068,0.8357447021357429,0.8353020509100345,0.6777225590952062,0.6052631578947368,0.7062797481959158,0.029129768964001462,0.12011909484863281
3,0.3,0.0,0.5,0.25,3,24,4,4,0.30225652517010054,0.30219976768382173,0.9062134325366954,0.9058270894842647,0.7840181975146335,0.9059896953135614,0.9056014712345598,0.78488266182146,0.5852097082025101,0.5841068448379702,0.31582286357372535,0.5839573365525113,0.5828476636274899,0.3153687444426345,0.6052631578947368,0.7062797481959158,0.028717010354689834,0.5640125274658203
3,0.3,0.0,0.5,0.25,4,22,4,4,0.3042848217540426,0.30446028467943204,0.9075030477238635,0.9071224809899361,0.7887321917624809,0.9116055475593928,0.9112424542131328,0.8049349549879696,0.8265696202747513,0.8261092144636513,0.6445372756707703,0.821834912015689,0.8213629372496289,0.6293450096268156,0.8561151079136691,0.9065837790068717,0.006044403466607643,0.22359895706176758
3,0.3,0.0,0.5,0.25,5,17,4,4,0.3075619917035833,0.3073762154095662,0.902462641840836,0.9020594281071008,0.7700580044778049,0.897406368541996,0.8969792788487176,0.7526454569778374,0.8315072837959878,0.8310572568623774,0.6618054094433068,0.8357447021357429,0.8353020509100345,0.6777225590952062,0.6052631578947368,0.7062797481959158,0.029129768964001462,0.13735413551330566
3,0.3,0.0,0.5,0.25,6,31,2,2,0.29845323867529133,0.2984532386752915,0.5923035749787092,0.5915865303510878,0.37932760189374876,0.5936479709519707,0.5929324165216566,0.3829540138806239,0.3623620447897751,0.3615706970695275,0.21309892399116745,0.3614980604274912,0.3607042949307468,0.212808677534589,0.8299319727891157,0.890901124580108,0.004743577789875313,0.6602752208709717
3,0.3,0.0,0.5,0.25,7,22,3,3,0.29218812907527597,0.2924978798475079,0.7964944021672811,0.7958808511897366,0.6258578876687111,0.8021489417124285,0.8015540214626932,0.6413806962628472,0.6676671450542293,0.6670004454689283,0.49186169961844683,0.6640652098143665,0.6633936463526339,0.47901294122685556,0.8561151079136691,0.9065837790068717,0.0042681761275477365,0.40424537658691406
3,0.3,0.0,0.5,0.25,8,34,4,4,0.28999564489917856,0.28967696566936385,0.9041296431413824,0.9037339420232676,0.7760883163884392,0.9000920107272863,0.8996771460213145,0.7622414951112423,0.5817213933144612,0.5806064583620327,0.30928567669377277,0.5740608484987776,0.5729166889125226,0.29646770121656035,0.6052631578947368,0.7062797481959158,0.030775249026417026,0.45449042320251465
3,0.3,0.0,0.5,0.25,9,31,3,3,0.28007014749666453,0.2797651948227627,0.7912521513553256,0.7906199474689949,0.6130686761259063,0.7916267295012034,0.790994464710824,0.6144266258107057,0.38674755523813903,0.38550995740896166,0.15968300374862238,0.38627454010806195,0.38503290040672733,0.15913988880652757,0.8082191780821918,0.8819570162001579,0.008520985535429546,0.5105290412902832
3,0.3,0.0,0.5,0.5,0,18,4,4,0.28999564489917873,0.28967696566936396,0.9041296431413824,0.9037339420232676,0.7760883163884392,0.9000920107272863,0.8996771460213145,0.7622414951112423,0.5817213933144612,0.5806064583620327,0.30928567669377277,0.5740608484987777,0.5729166889125227,0.29646770121656035,0.6052631578947368,0.7062797481959158,0.030775249026417022,0.09147191047668457
3,0.3,0.0,0.5,0.5,1,108,3,3,0.2958169263669709,0.29549993660125573,0.7903747757157535,0.7897394336368198,0.6111150880111534,0.7849276230002521,0.7842712471813089,0.5998687124749003,0.672199343603704,0.6715371528473736,0.5091037432295656,0.6768387497441453,0.6761799567006874,0.527325252875187,0.6052631578947368,0.7062797481959158,0.02735354162494156,3.232783317565918
3,0.3,0.0,0.5,0.5,2,29,3,3,0.29582723972303343,0.29567068985607725,0.7904764725728854,0.7898414931742513,0.6114464079728974,0.7852802150932446,0.7846251091678986,0.6010060305727019,0.3853655540302216,0.3841240709865136,0.15803176243484104,0.3749359727893116,0.37366222508626973,0.14532804951821357,0.6052631578947368,0.7062797481959158,0.027350473778740822,0.4612455368041992
3,0.3,0.0,0.5,0.5,3,33,3,3,0.3129016539548131,0.31276217198390466,0.7503978476511641,0.7496157526369165,0.4999303752085892,0.7595386266093844,0.7587891678710779,0.523012647821584,0.5987797319636469,0.5979324936729498,0.3494156212123094,0.6000310519393101,0.5991924558208827,0.34859032320172656,0.8732394366197183,0.9309309309309308,0.0030697809096081334,0.5340733528137207
3,0.3,0.0,0.5,0.5,4,48,3,3,0.2996560916313663,0.2994088774763781,0.7894055587341606,0.7887667457732628,0.6089106796367217,0.7889606460971244,0.7883188157233192,0.6085417084158432,0.6707786783405367,0.6701128855814311,0.5067592679602066,0.6827081189134145,0.6820642499665682,0.536681216439622,0.8181818181818182,0.8868339270825438,0.006516934489413376,0.8207488059997559
3,0.3,0.0,0.5,0.5,5,111,2,2,0.30254059460160804,0.3025405946016079,0.5933918153386777,0.5926772493795246,0.3814880303054271,0.5976802337166613,0.5969738544387009,0.39109438552078163,0.35018950663915355,0.3493839445111943,0.189828214412545,0.3422002806825873,0.3413858796216768,0.174960691641255,0.8843537414965986,0.9406997358804587,0.001802134265437043,2.005953311920166
3,0.3,0.0,0.5,0.5,6,42,3,3,0.29479873514155086,0.2948250570627074,0.7964875200702813,0.7958739447619763,0.6258352922217565,0.8021489417124285,0.8015540214626932,0.6413806962628472,0.3960597378169803,0.394848151817842,0.17255484581567282,0.40498555723662094,0.40379607055457106,0.18615098045841807,0.8181818181818182,0.8868339270825438,0.006930508702457119,1.007627010345459
3,0.3,0.0,0.5,0.5,7,38,3,3,0.30811888854449265,0.3080530431682622,0.7461107003054039,0.7453123569877191,0.4903684174293556,0.7548712966501103,0.7541043224033086,0.5123044922655382,0.5922824528198539,0.5914174185654326,0.3375430775339029,0.5929240519143224,0.5920661274059542,0.33570984919437624,0.8823529411764706,0.9384384384384384,0.002660434388877607,1.0118210315704346
3,0.3,0.0,0.5,0.5,8,15,4,4,0.30225652517010054,0.30219976768382173,0.9062134325366954,0.9058270894842647,0.7840181975146335,0.9059896953135614,0.9056014712345598,0.78488266182146,0.5852097082025101,0.5841068448379702,0.31582286357372535,0.5839573365525113,0.5828476636274899,0.3153687444426345,0.6052631578947368,0.7062797481959158,0.02871701035468983,0.0989537239074707
3,0.3,0.0,0.5,0.5,9,16,4,4,0.30225652517010054,0.3021997676838216,0.9062134325366955,0.9058270894842648,0.7840181975146335,0.9059896953135614,0.9056014712345598,0.78488266182146,0.5852097082025102,0.5841068448379703,0.31582286357372535,0.5839573365525113,0.5828476636274899,0.3153687444426345,0.6052631578947368,0.7062797481959158,0.028717010354689834,0.09982013702392578
3,0.3,0.0,0.5,0.75,0,32,2,2,0.3065022615582611,0.306502261558261,0.5864457028076931,0.5857152626526245,0.36794884669240996,0.581408430461704,0.5806647649710639,0.35946576657210166,0.3554769798038332,0.3546723114607707,0.2012232560910715,0.36252835594946636,0.3617259494053958,0.21651936258282992,0.8321167883211679,0.8819570162001579,0.0050184202742726385,0.6859347820281982
3,0.3,0.0,0.5,0.75,1,34,10,4,0.1765035140536833,0.30472306086470297,0.7767175259553645,0.7744102256453509,0.611123626983608,0.9116055475593928,0.9112424542131328,0.8049349549879696,0.6429206761752899,0.6406690878081885,0.41326465679610136,0.8218349120156893,0.8213629372496292,0.6293450096268156,0,0.0,inf,0.8856244087219238
3,0.3,0.0,0.5,0.75,2,32,10,3,0.14663930767048397,0.29874257669386484,0.6589388300592295,0.6552965000355165,0.4931869390139361,0.7926764584473263,0.7920479364188315,0.6178455857756018,0.5164088282614165,0.5132360601697036,0.34527367522012387,0.6710761095271227,0.670411439649869,0.5060781026638148,0,0.0,inf,0.867255449295044
3,0.3,0.0,0.5,0.75,3,38,10,3,0.14670068168755437,0.2950604683364798,0.660993974629765,0.6573753926410232,0.4956301692595099,0.7889606460971244,0.7883188157233192,0.6085417084158432,0.5032647054095136,0.5000076959774473,0.28325600728080685,0.6827081189134145,0.6820642499665682,0.536681216439622,0,0.0,inf,0.9904019832611084
3,0.3,0.0,0.5,0.75,4,25,4,4,0.30148379145059456,0.3013746442424194,0.899151504785187,0.8987362813525676,0.7816754942008075,0.9059896953135614,0.9056014712345598,0.78488266182146,0.5762800577259596,0.5751541824139849,0.3141146287053842,0.5839573365525113,0.5828476636274899,0.3153687444426345,0.6052631578947368,0.7062797481959158,0.02845110602858822,0.2218012809753418
3,0.3,0.0,0.5,0.75,5,33,10,3,0.1392797086233051,0.2908265613611879,0.649359017610896,0.6456172709650293,0.48107750169363167,0.7889606460971246,0.7883188157233194,0.6085417084158432,0.4792559312614785,0.4758426523697732,0.297529490052852,0.6444080303082955,0.6436864403758702,0.44488729445134056,0,0.0,inf,0.6506302356719971
3,0.3,0.0,0.5,0.75,6,28,10,5,0.16598456114285404,0.22221774981264286,0.7602588787326456,0.7577799840645565,0.5878701297028927,1.0,1.0,1.0,0.4947262014396445,0.4915377907955001,0.20305752056909576,0.7375733655715297,0.7367405406672015,0.4724246305454723,0,0.0,inf,0.4655787944793701
3,0.3,0.0,0.5,0.75,7,36,10,3,0.14531403920152822,0.29657058297785305,0.6595177581368541,0.65587515413866,0.4879812905532526,0.7849276230002521,0.7842712471813089,0.5998687124749003,0.4922038243417589,0.48886503015790095,0.28388266670175116,0.6768387497441453,0.6761799567006874,0.527325252875187,0,0.0,inf,0.5973522663116455
3,0.3,0.0,0.5,0.75,8,105,10,3,0.12974754300469332,0.267653819208573,0.622053960439825,0.6180108602710913,0.4739303310255283,0.7926764584473263,0.7920479364188315,0.6178455857756018,0.48418415005768384,0.4807929407420319,0.30241034975982434,0.6710761095271227,0.670411439649869,0.5060781026638148,0,0.0,inf,1.9842472076416016
3,0.3,0.0,0.5,0.75,9,44,10,4,0.13572811887729005,0.2024203958775794,0.6216661915371878,0.6174806588596651,0.3537086600843167,0.897406368541996,0.8969792788487176,0.7526454569778374,0.44106212041543125,0.4372320161082419,0.18650497310193892,0.8357447021357429,0.8353020509100345,0.6777225590952062,0,0.0,inf,0.7007830142974854
3,0.3,0.0,0.5,1.0,0,53,10,4,0.1152854778172044,0.21864196493175342,0.6068213017425352,0.602731878477201,0.3573222646518258,0.9116055475593928,0.9112424542131328,0.8049349549879696,0.5857309850081848,0.5830959910811647,0.4335427052443167,0.8218349120156893,0.8213629372496292,0.6293450096268156,0,0.0,inf,1.023237705230713
3,0.3,0.0,0.5,1.0,1,28,10,4,0.15051117853480528,0.29178451315537496,0.7090318382645456,0.7061178302875128,0.5592593779597621,0.9116055475593928,0.9112424542131328,0.8049349549879696,0.5852468666544299,0.5827264565733071,0.3430958149419385,0.821834912015689,0.8213629372496289,0.6293450096268156,0,0.0,inf,0.7044389247894287
3,0.3,0.0,0.5,1.0,2,85,10,3,0.10745682054907595,0.27387991452570604,0.5909182858387559,0.5867226415905213,0.4084011997717348,0.7916267295012033,0.7909944647108239,0.6144266258107057,0.4387656833128638,0.43525633820112497,0.2394479350351538,0.6865809274896539,0.6859468433771049,0.542968341433499,0,0.0,inf,2.5318477153778076
3,0.3,0.0,0.5,1.0,3,1000,10,4,0.14609690344268875,0.2904287914461272,0.6992713912538389,0.6962514469532364,0.5366485285099141,0.9083491277292126,0.907971490705844,0.7934094346634827,0.4489165077799468,0.4455566402594811,0.19051861914207782,0.5879077429223252,0.5868117435177124,0.32235560277843,0,0.0,inf,20.004842519760132
3,0.3,0.0,0.5,1.0,4,53,10,3,0.10613973001440792,0.28429111607598934,0.5147192922979134,0.5096474138976512,0.31727968307016036,0.7375733655715295,0.7367405406672014,0.4724246305454723,0.5671754307394815,0.5644060906589332,0.44733320951336103,0.9999999999999999,0.9999999999999999,1.0,0,0.0,inf,1.4657423496246338
3,0.3,0.0,0.5,1.0,5,39,10,3,0.1026462417087785,0.26634096220351,0.5255456415464337,0.5206786701716082,0.3671172134754224,0.789789857030486,0.789150994948784,0.6112350182388241,0.4183502587110835,0.4147124882358838,0.23196549159921842,0.6668307613228105,0.6661552998165208,0.4990750972068573,0,0.0,inf,1.08408784866333
3,0.3,0.0,0.5,1.0,6,1000,10,4,0.13838529150753284,0.27820925758735776,0.6944310361639395,0.6913696203411753,0.5251193936912534,0.9116055475593928,0.9112424542131328,0.8049349549879696,0.5614099619602275,0.5587434516405183,0.32510212843442027,0.821834912015689,0.8213629372496289,0.6293450096268156,0,0.0,inf,24.790242671966553
3,0.3,0.0,0.5,1.0,7,96,10,3,0.11226434466139272,0.2791931462357228,0.6007421816319123,0.5966552801110021,0.43240268490892136,0.8021489417124285,0.8015540214626932,0.6413806962628472,0.463075240879458,0.459725845335791,0.2590808971870708,0.6640652098143665,0.6633936463526339,0.47901294122685556,0,0.0,inf,2.2116165161132812
3,0.3,0.0,0.5,1.0,8,24,10,5,0.1695017366825111,0.2883016628952197,0.8241956170695316,0.8224746025935086,0.7199179711819428,1.0,1.0,1.0,0.5943368924425125,0.5919377791607182,0.3004422210581624,0.7375733655715297,0.7367405406672015,0.4724246305454723,0,0.0,inf,0.411557674407959
3,0.3,0.0,0.5,1.0,9,41,10,4,0.1526272580365376,0.2916283286129726,0.7313395304235751,0.7286416173208702,0.5667560694924453,0.9083491277292126,0.907971490705844,0.7934094346634827,0.45715428665107294,0.45384464354498477,0.19541186467456229,0.5879077429223252,0.5868117435177124,0.32235560277843,0,0.0,inf,0.9054696559906006
3,0.3,0.0,0.75,0.0,0,40,10,3,0.1941710644946483,0.31041452624075955,0.6317303458589802,0.62729136768278,0.4095189953572257,0.7375733655715297,0.7367405406672015,0.4724246305454723,0.7307326125264564,0.7286933215950949,0.7378153820709829,1.0,1.0,1.0,0,0.0,inf,0.9982779026031494
3,0.3,0.0,0.75,0.0,1,27,2,2,0.3065022615582611,0.306502261558261,0.5864457028076931,0.5857152626526245,0.36794884669240996,0.581408430461704,0.5806647649710639,0.35946576657210166,0.3554769798038332,0.3546723114607707,0.2012232560910715,0.36252835594946636,0.3617259494053958,0.21651936258282992,0.8321167883211679,0.8819570162001579,0.0050184202742726385,0.3571815490722656
3,0.3,0.0,0.75,0.0,2,29,4,4,0.30225652517010054,0.3021997676838218,0.9062134325366955,0.9058270894842648,0.7840181975146335,0.9059896953135614,0.9056014712345598,0.78488266182146,0.5852097082025102,0.5841068448379703,0.31582286357372535,0.5839573365525113,0.5828476636274899,0.3153687444426345,0.6052631578947368,0.7062797481959158,0.028717010354689834,0.5287380218505859
3,0.3,0.0,0.75,0.0,3,48,10,4,0.18503389634989698,0.22262937156619045,0.6954640852023839,0.6919211656445078,0.5250598826437467,0.9116055475593928,0.9112424542131328,0.8049349549879696,0.5543752951404403,0.5511470473661072,0.3738417482900907,0.821834912015689,0.8213629372496289,0.6293450096268156,0,0.0,inf,0.9857666492462158
3,0.3,0.0,0.75,0.0,4,14,4,4,0.3033095950933378,0.30324649544915616,0.908286786541069,0.9079097241974984,0.7915753497024844,0.9083491277292126,0.907971490705844,0.7934094346634827,0.5886766846770783,0.5875857803902927,0.3219956443730734,0.5879077429223252,0.5868117435177124,0.32235560277843,0.6052631578947368,0.7062797481959158,0.0295433431770452,0.11444902420043945
3,0.3,0.0,0.75,0.0,5,31,10,3,0.1725739188008568,0.27720463461823136,0.6658985263515594,0.661998819957182,0.5146987953262048,0.7916267295012034,0.790994464710824,0.6144266258107057,0.33266386310040647,0.327809574356942,0.11842695573026743,0.38627454010806195,0.38503290040672733,0.15913988880652757,0,0.0,inf,0.5667862892150879
3,0.3,0.0,0.75,0.0,6,27,10,3,0.1844603278529738,0.29078188324019927,0.6701958229518902,0.6663586761470233,0.5197634862607827,0.8021489417124285,0.8015540214626932,0.6413806962628472,0.5222388342290979,0.5187774861653965,0.33904661156001287,0.6640652098143665,0.6633936463526339,0.47901294122685556,0,0.0,inf,0.7730793952941895
3,0.3,0.0,0.75,0.0,7,25,10,4,0.19581885767562104,0.24198482925643003,0.7097619002414388,0.7063846630273539,0.540713880214707,0.897406368541996,0.8969792788487176,0.7526454569778374,0.5687506564954367,0.5656257828709242,0.4113436688756016,0.8357447021357429,0.8353020509100346,0.6777225590952062,0,0.0,inf,0.5764861106872559
3,0.3,0.0,0.75,0.0,8,17,4,4,0.2913748138964657,0.291200520203193,0.9090437908389912,0.9086701087019787,0.7943429996270311,0.9137594533047027,0.9134059329538328,0.8127690521941776,0.5899415552536014,0.588855002678303,0.3242424970402004,0.5969473729725019,0.5958824465842398,0.33795995639299703,0.8082191780821918,0.8819570162001579,0.009788632179600637,0.1980750560760498
3,0.3,0.0,0.75,0.0,9,13,4,4,0.30225652517010054,0.3021997676838216,0.9062134325366954,0.9058270894842647,0.7840181975146335,0.9059896953135614,0.9056014712345598,0.78488266182146,0.5852097082025101,0.5841068448379702,0.31582286357372535,0.5839573365525113,0.5828476636274899,0.3153687444426345,0.6052631578947368,0.7062797481959158,0.028717010354689834,0.12896084785461426
3,0.3,0.0,0.75,0.25,0,120,10,3,0.16658701925891492,0.29478461415056223,0.671910530632999,0.6682620460870551,0.4960073429578965,0.7849276230002521,0.7842712471813089,0.5998687124749003,0.34435303132672407,0.3398413695080958,0.11360612436895302,0.3743048644791923,0.373029329116335,0.14414618051325584,0,0.0,inf,2.473642110824585
3,0.3,0.0,0.75,0.25,1,38,4,4,0.3042848217540427,0.30446028467943215,0.9075030477238635,0.9071224809899361,0.7887321917624809,0.9116055475593928,0.9112424542131328,0.8049349549879696,0.8265696202747511,0.8261092144636512,0.6445372756707703,0.8218349120156893,0.8213629372496292,0.6293450096268156,0.8561151079136691,0.9065837790068717,0.006044403466607645,0.7588958740234375
3,0.3,0.0,0.75,0.25,2,30,10,3,0.16307561396807121,0.29718588541537705,0.6329886194593246,0.628792787662352,0.394373931212085,0.7481612335885639,0.7473688711868739,0.49755280006294755,0.2934229794106404,0.2883907986653442,0.0111352485044973,0.3078099101773931,0.30634022681614625,0.029926155949019876,0,0.0,inf,0.8218638896942139
3,0.3,0.0,0.75,0.25,3,15,4,4,0.3042848217540426,0.30446028467943204,0.9075030477238635,0.9071224809899361,0.7887321917624809,0.9116055475593928,0.9112424542131328,0.8049349549879696,0.8265696202747513,0.8261092144636513,0.6445372756707703,0.8218349120156893,0.8213629372496292,0.6293450096268156,0.8561151079136691,0.9065837790068717,0.006044403466607645,0.10605621337890625
3,0.3,0.0,0.75,0.25,4,22,10,3,0.16829526559745123,0.2963928013240842,0.6735392574064735,0.6699321271987795,0.5080729113850276,0.8019282820082536,0.8013325861275414,0.6406540834881669,0.3625401514913081,0.35818827908915435,0.13156961668872996,0.4045942902943182,0.40340372512137557,0.185435262866209,0,0.0,inf,0.5470118522644043
3,0.3,0.0,0.75,0.25,5,32,10,3,0.16512740468677609,0.2945040646461557,0.6542427366066731,0.6504124613236003,0.49064204814542445,0.7921997857472497,0.7915695648752535,0.6162892627615703,0.4803434679846184,0.4767844337184515,0.2818575261395098,0.6492493065110276,0.6485401515758276,0.45307203333420376,0,0.0,inf,0.9235055446624756
3,0.3,0.0,0.75,0.25,6,42,10,3,0.16590070626919226,0.29575248529511416,0.6702518617126656,0.6665922170890077,0.5047119212963603,0.7889606460971244,0.7883188157233192,0.6085417084158432,0.5077684284260894,0.5043895794230314,0.3096221123481404,0.6827081189134145,0.6820642499665682,0.536681216439622,0,0.0,inf,1.1480655670166016
3,0.3,0.0,0.75,0.25,7,23,10,3,0.1654552710947155,0.296278508020787,0.6703264972719833,0.6666630833712136,0.5038986869344473,0.7849276230002521,0.7842712471813089,0.5998687124749003,0.513145769078023,0.5097986501476808,0.32106133911700213,0.6768387497441453,0.6761799567006874,0.527325252875187,0,0.0,inf,0.6144547462463379
3,0.3,0.0,0.75,0.25,8,110,10,3,0.1708762239103865,0.29673565369748284,0.6796117378795163,0.6760649416794906,0.5175630642980468,0.7916267295012033,0.7909944647108239,0.6144266258107057,0.5134392031333507,0.5101096740991041,0.3162784369468587,0.6865809274896539,0.6859468433771049,0.542968341433499,0,0.0,inf,3.23795223236084
3,0.3,0.0,0.75,0.25,9,40,10,4,0.15005859443393998,0.21077954325217674,0.652576283915032,0.6487225655895517,0.4732346057882416,0.9000920107272863,0.8996771460213145,0.7622414951112423,0.32126611760773255,0.3166101666537276,0.09891260112437282,0.5740608484987776,0.5729166889125226,0.29646770121656035,0,0.0,inf,0.7779185771942139
3,0.3,0.0,0.75,0.5,0,20,4,4,0.30330959509333777,0.3032464954491562,0.908286786541069,0.9079097241974984,0.7915753497024844,0.9083491277292126,0.907971490705844,0.7934094346634827,0.5886766846770782,0.5875857803902926,0.3219956443730734,0.5879077429223252,0.5868117435177124,0.32235560277843,0.6052631578947368,0.7062797481959158,0.029543343177045198,0.2687866687774658
3,0.3,0.0,0.75,0.5,1,22,4,4,0.2926859041788298,0.2924940346636297,0.9032922516795583,0.9028927793128343,0.7730668342239174,0.9037907607564276,0.9033926442098374,0.7752391372397232,0.8306936655910727,0.8302419177365985,0.6589970286474999,0.8294772696226798,0.8290212524311569,0.6564476401607514,0.8082191780821918,0.890901124580108,0.009635346955252855,0.1893002986907959
3,0.3,0.0,0.75,0.5,2,31,4,4,0.30330959509333777,0.30324649544915616,0.908286786541069,0.9079097241974984,0.7915753497024844,0.9083491277292126,0.907971490705844,0.7934094346634827,0.5886766846770783,0.5875857803902927,0.3219956443730734,0.5879077429223252,0.5868117435177124,0.32235560277843,0.6052631578947368,0.7062797481959158,0.029543343177045205,0.5385820865631104
3,0.3,0.0,0.75,0.5,3,51,2,2,0.3008090782574572,0.30080907825745745,0.5916192536088873,0.59090064872952,0.37797664007241627,0.5960908120545209,0.5953808212273226,0.38786077858471907,0.34725239205509434,0.34644172825904335,0.18464448020227536,0.33954695184358247,0.33872793912201543,0.17025642675852654,0.9097222222222222,0.9440138888888889,0.0012938978129285903,1.1133573055267334
3,0.3,0.0,0.75,0.5,4,16,4,4,0.3022565251701006,0.3021997676838216,0.9062134325366954,0.9058270894842647,0.7840181975146335,0.9059896953135614,0.9056014712345598,0.78488266182146,0.5852097082025101,0.5841068448379702,0.31582286357372535,0.5839573365525113,0.5828476636274899,0.3153687444426345,0.6052631578947368,0.7062797481959158,0.028717010354689834,0.08167409896850586
3,0.3,0.0,0.75,0.5,5,43,10,4,0.13279434150817016,0.2198857160789962,0.6495540749639921,0.645811352024908,0.4494151033561241,0.9000920107272863,0.8996771460213145,0.7622414951112423,0.34700611737582165,0.3427216914065692,0.09998240730417259,0.5740608484987777,0.5729166889125227,0.29646770121656035,0,0.0,inf,1.1925389766693115
3,0.3,0.0,0.75,0.5,6,62,10,3,0.14368563773114632,0.2943777904538086,0.6422899584354956,0.6384746908676047,0.4712053086954528,0.7921997857472497,0.7915695648752535,0.6162892627615703,0.4606267637967026,0.4570935289436238,0.24635275327486794,0.6492493065110276,0.6485401515758276,0.45307203333420376,0,0.0,inf,1.5947186946868896
3,0.3,0.0,0.75,0.5,7,109,4,4,0.28999564489917856,0.28967696566936385,0.9041296431413824,0.9037339420232676,0.7760883163884392,0.9000920107272863,0.8996771460213145,0.7622414951112423,0.5817213933144612,0.5806064583620327,0.30928567669377277,0.5740608484987776,0.5729166889125226,0.29646770121656035,0.6052631578947368,0.7062797481959158,0.030775249026417022,2.907235622406006
3,0.3,0.0,0.75,0.5,8,34,4,4,0.30756199170358334,0.3073762154095664,0.902462641840836,0.9020594281071008,0.7700580044778049,0.897406368541996,0.8969792788487176,0.7526454569778374,0.8315072837959879,0.8310572568623775,0.6618054094433068,0.8357447021357429,0.8353020509100346,0.6777225590952062,0.6052631578947368,0.7062797481959158,0.029129768964001462,0.564197301864624
3,0.3,0.0,0.75,0.5,9,17,4,3,0.25519068888307184,0.300482996597667,0.7917096362319701,0.7908351516736241,0.6345490656041524,0.7889606460971244,0.7883188157233192,0.6085417084158432,0.600758190516619,0.5996707208844635,0.36597950633642296,0.6827081189134145,0.6820642499665682,0.536681216439622,0,0.0,inf,0.14629769325256348
3,0.3,0.0,0.75,0.75,0,30,10,3,0.12932467559552496,0.2966132420678969,0.6709332974825423,0.6675361666463192,0.49769184880896594,0.8019282820082536,0.8013325861275414,0.6406540834881669,0.3786244758779842,0.37470848434050813,0.1411674855418858,0.4045942902943182,0.40340372512137557,0.185435262866209,0,0.0,inf,0.5595660209655762
3,0.3,0.0,0.75,0.75,1,19,4,4,0.30350986569020777,0.3036302448212048,0.9004393507320084,0.9000299249947661,0.7863404280680686,0.9116055475593928,0.9112424542131328,0.8049349549879696,0.8162799644548224,0.8157925530176132,0.6395668120328932,0.8218349120156893,0.8213629372496292,0.6293450096268156,0.8561151079136691,0.9112210361884926,0.005356369140355822,0.1593334674835205
3,0.3,0.0,0.75,0.75,2,26,10,4,0.1648487435412106,0.3081549915828012,0.7740912787129494,0.7717940669802608,0.5992544736397234,0.897406368541996,0.8969792788487176,0.7526454569778374,0.6329236585976763,0.6306516579563881,0.39906514927555253,0.8357447021357429,0.8353020509100345,0.6777225590952062,0,0.0,inf,0.585939884185791
3,0.3,0.0,0.75,0.75,3,87,10,4,0.14495846232340648,0.28348174368395546,0.7165274609953555,0.7136529622203949,0.5371545190048088,0.9000920107272863,0.8996771460213145,0.7622414951112423,0.4510736981205997,0.447687612323757,0.17578793513512836,0.5740608484987777,0.5729166889125227,0.29646770121656035,0,0.0,inf,1.7896239757537842
3,0.3,0.0,0.75,0.75,4,62,10,4,0.16082003278721418,0.29480008056924684,0.7566736035176496,0.754219582202732,0.6074479118034061,0.9059896953135614,0.9056014712345598,0.78488266182146,0.48039170892262933,0.47720752855741544,0.21894180194802718,0.5839573365525113,0.5828476636274899,0.3153687444426345,0,0.0,inf,1.6269409656524658
3,0.3,0.0,0.75,0.75,5,113,10,4,0.15565507445445262,0.2928838593361428,0.7568670872872004,0.7544074290408006,0.5892513895839347,0.9116055475593928,0.9112424542131328,0.8049349549879696,0.6073099761497415,0.6048945381309241,0.37776760541139115,0.821834912015689,0.8213629372496289,0.6293450096268156,0,0.0,inf,3.5538127422332764
3,0.3,0.0,0.75,0.75,6,30,4,4,0.30673392518994885,0.3064874011389879,0.8954062905000362,0.8949741370739565,0.7678590267553699,0.897406368541996,0.8969792788487176,0.7526454569778374,0.821117037590176,0.8206395863666429,0.656672760808659,0.8357447021357429,0.8353020509100346,0.6777225590952062,0.6052631578947368,0.7062797481959158,0.02888206065117042,0.19655871391296387
3,0.3,0.0,0.75,0.75,7,58,2,2,0.3008090782574572,0.30080907825745745,0.5916192536088873,0.59090064872952,0.37797664007241627,0.5960908120545209,0.5953808212273226,0.38786077858471907,0.34725239205509434,0.34644172825904335,0.18464448020227536,0.33954695184358247,0.33872793912201543,0.17025642675852654,0.9097222222222222,0.9440138888888889,0.0012938978129285903,1.6764378547668457
3,0.3,0.0,0.75,0.75,8,1000,10,4,0.16023203993050905,0.30195878603861287,0.7583633614733302,0.7559183136306364,0.6045887578583727,0.897406368541996,0.8969792788487176,0.7526454569778374,0.609341410249093,0.606937828024564,0.3800170617413748,0.8357447021357429,0.8353020509100346,0.6777225590952062,0,0.0,inf,22.849928379058838
3,0.3,0.0,0.75,0.75,9,37,5,5,0.2961510883554918,0.29594913235497505,1.0,1.0,1.0,1.0,1.0,1.0,0.7382712632211267,0.7374429749388642,0.4728567797325691,0.7375733655715295,0.7367405406672014,0.4724246305454723,0.6052631578947368,0.7062797481959158,0.03214178560236604,0.9970834255218506
3,0.3,0.0,0.75,1.0,0,63,10,3,0.10364720485659598,0.2888475485395492,0.5913983157168418,0.5873130508710287,0.41046356595415506,0.7921997857472497,0.7915695648752535,0.6162892627615703,0.42111744966196285,0.4176055208741208,0.2149262142962204,0.6492493065110276,0.6485401515758276,0.45307203333420376,0,0.0,inf,1.509681224822998
3,0.3,0.0,0.75,1.0,1,36,10,5,0.14297269752882835,0.2659411986083001,0.7753133428860258,0.7731417076543596,0.6270002402325783,1.0,1.0,1.0,0.5823023189664734,0.5798685483925274,0.27745644062238595,0.7375733655715297,0.7367405406672015,0.4724246305454723,0,0.0,inf,0.6629865169525146
3,0.3,0.0,0.75,1.0,2,30,10,3,0.09257992319593651,0.27064867365587053,0.5861080950855699,0.581971778724694,0.39455264948162183,0.8021489417124285,0.8015540214626932,0.6413806962628472,0.328691112807968,0.3246206359694692,0.11098254542074548,0.40498555723662094,0.40379607055457106,0.18615098045841807,0,0.0,inf,0.6971688270568848
3,0.3,0.0,0.75,1.0,3,1000,10,4,0.11275106170162473,0.25464216985225774,0.6574975953252445,0.6541300019624959,0.491715573110228,0.9137594533047027,0.9134059329538328,0.8127690521941776,0.4286540341997568,0.42525636777352943,0.18325024616809824,0.5969473729725019,0.5958824465842398,0.33795995639299703,0,0.0,inf,23.203112840652466
3,0.3,0.0,0.75,1.0,4,28,10,5,0.15188346471178316,0.2818970530658912,0.8028067194366179,0.8009005882507055,0.6637967415821621,1.0,1.0,1.0,0.5823809059909708,0.5799472516655519,0.2777387476596079,0.7375733655715297,0.7367405406672015,0.4724246305454723,0,0.0,inf,0.6737408638000488
3,0.3,0.0,0.75,1.0,5,42,10,3,0.10558915779203873,0.29212582961191214,0.6181701758467572,0.6143505076098853,0.4416599520226095,0.7916267295012033,0.7909944647108239,0.6144266258107057,0.4678881372721913,0.4646578316329725,0.25815029042895293,0.6865809274896539,0.6859468433771049,0.542968341433499,0,0.0,inf,0.9593868255615234
3,0.3,0.0,0.75,1.0,6,38,10,5,0.15597709430262044,0.28772796065086026,0.8107456869648514,0.8089161167605373,0.677685331072354,1.0,1.0,1.0,0.5824464717339193,0.5800129144461702,0.27797399132062595,0.7375733655715297,0.7367405406672015,0.4724246305454723,0,0.0,inf,1.0841944217681885
3,0.3,0.0,0.75,1.0,7,1000,10,3,0.08713592760983338,0.2599528698863658,0.5371709725685734,0.5325189660156563,0.3392740284850796,0.7852802150932446,0.7846251091678986,0.6010060305727019,0.2749029274451168,0.27047577475008977,0.07334721844453669,0.3749359727893116,0.37366222508626973,0.14532804951821357,0,0.0,inf,22.400930643081665
3,0.3,0.0,0.75,1.0,8,37,10,4,0.13890067626919514,0.2922990177696071,0.713454240219382,0.7106186607054222,0.5309487932504784,0.897406368541996,0.8969792788487176,0.7526454569778374,0.601835640811228,0.5994494743056462,0.34000353214281953,0.8357447021357429,0.8353020509100345,0.6777225590952062,0,0.0,inf,0.7927770614624023
3,0.3,0.0,0.75,1.0,9,48,10,4,0.119978777852042,0.2635048408358499,0.6836516168725658,0.6805343793698996,0.5188926442608791,0.9137594533047027,0.9134059329538328,0.8127690521941776,0.429633846489785,0.4262330823581703,0.1771722269520271,0.5969473729725019,0.5958824465842398,0.33795995639299703,0,0.0,inf,1.3894901275634766
3,0.3,0.0,1.0,0.0,0,29,10,2,0.12179404382772831,0.303953290153327,0.4821498850228658,0.4761249848656823,0.3024691749363273,0.5879077429223252,0.5871790535706989,0.3717161405198315,0.5177873131566298,0.5142789091156675,0.4763391672617146,0.8321863395202957,0.8319764965397319,0.8493589643652412,0,0.0,inf,0.7512428760528564
3,0.3,0.0,1.0,0.0,1,37,10,5,0.17235009495232287,0.2182417985415276,0.762925557158843,0.7604234197782156,0.6302734866972572,1.0,1.0,1.0,0.4837747076902978,0.48043956284432815,0.22644147635642164,0.7375733655715297,0.7367405406672015,0.4724246305454723,0,0.0,inf,0.8514819145202637
3,0.3,0.0,1.0,0.0,2,24,10,4,0.16911446916762865,0.27363571651446955,0.7301697842818768,0.7273239775373911,0.5773593383346896,0.9059896953135614,0.9056014712345598,0.78488266182146,0.44802373177811106,0.44446073995429763,0.19582875160337335,0.5839573365525113,0.5828476636274899,0.3153687444426345,0,0.0,inf,0.6384928226470947
3,0.3,0.0,1.0,0.0,3,43,10,5,0.1922949883316059,0.27533348701445814,0.8122020657717237,0.8102952304593614,0.7351071073092412,1.0,1.0,1.0,0.6045027352435349,0.6020632379684931,0.3395771218186286,0.7375733655715295,0.7367405406672014,0.4724246305454723,0,0.0,inf,1.1937484741210938
3,0.3,0.0,1.0,0.0,4,33,10,4,0.18684756406125294,0.2977094717736819,0.7619753332993943,0.7594678473541189,0.6408959328757424,0.9083491277292126,0.907971490705844,0.7934094346634827,0.4915126242853361,0.4882349498950957,0.23533089927420503,0.5879077429223252,0.5868117435177124,0.32235560277843,0,0.0,inf,0.6160531044006348
3,0.3,0.0,1.0,0.0,5,25,10,4,0.18567177027691015,0.30136617615505007,0.7485104945933897,0.7458526205538974,0.6134421961141815,0.897406368541996,0.8969792788487176,0.7526454569778374,0.636188420104963,0.633834072209656,0.42947171326667616,0.8357447021357429,0.8353020509100345,0.6777225590952062,0,0.0,inf,0.44510388374328613
3,0.3,0.0,1.0,0.0,6,43,10,3,0.1354402357454749,0.2735979137334461,0.5999309546622149,0.5955558498757194,0.4420884083490657,0.8021489417124285,0.8015540214626932,0.6413806962628472,0.48209779904266886,0.4786055580051779,0.30601965476069987,0.6640652098143665,0.6633936463526339,0.47901294122685556,0,0.0,inf,0.8947474956512451
3,0.3,0.0,1.0,0.0,7,54,10,3,0.15716118763328082,0.30595616954881827,0.6535842906576306,0.649723714338323,0.4331498450542231,0.7548712966501103,0.7541043224033087,0.5123044922655382,0.466579889313304,0.4628980725095893,0.21984802615546783,0.5929240519143224,0.5920661274059542,0.33570984919437624,0,0.0,inf,1.2262639999389648
3,0.3,0.0,1.0,0.0,8,28,10,4,0.17367675254243575,0.28016919007627755,0.7287088957126633,0.7258548087891086,0.5968606739257689,0.9116055475593928,0.9112424542131328,0.8049349549879696,0.5829771254523995,0.5802934414230164,0.3836527782754008,0.8218349120156893,0.8213629372496292,0.6293450096268156,0,0.0,inf,0.623161792755127
3,0.3,0.0,1.0,0.0,9,28,10,4,0.17056043171127272,0.28579850182169964,0.7093885550954269,0.7063190825876022,0.5714345653648953,0.897406368541996,0.8969792788487176,0.7526454569778374,0.5833389571665019,0.5806446008762665,0.39756109910801374,0.8357447021357429,0.8353020509100345,0.6777225590952062,0,0.0,inf,0.5311598777770996
3,0.3,0.0,1.0,0.25,0,30,10,4,0.1701297220407344,0.29390483368705,0.7456920463819032,0.7430844183473214,0.6050967663990822,0.9059896953135614,0.9056014712345598,0.78488266182146,0.48286569886959224,0.4796349416818896,0.21745243237249667,0.5839573365525113,0.5828476636274899,0.3153687444426345,0,0.0,inf,0.7403554916381836
3,0.3,0.0,1.0,0.25,1,35,10,3,0.12299717830358876,0.26626073587617144,0.5908757649260049,0.5865506388501265,0.42354517362095384,0.789789857030486,0.789150994948784,0.6112350182388241,0.45074908938044317,0.4471893317687104,0.2648907249400407,0.6668307613228105,0.6661552998165208,0.4990750972068573,0,0.0,inf,0.8787267208099365
3,0.3,0.0,1.0,0.25,2,40,10,4,0.12605620454264518,0.21563360116872143,0.6120765482499129,0.6079705692649191,0.4187396266699171,0.9059896953135614,0.9056014712345598,0.78488266182146,0.3339522521097256,0.3296291138338735,0.1033159593983368,0.5839573365525113,0.5828476636274899,0.3153687444426345,0,0.0,inf,0.8047850131988525
3,0.3,0.0,1.0,0.25,3,41,10,5,0.184720611499783,0.2890063291008736,0.8444493047718286,0.8429022227399163,0.7584498410765497,1.0,1.0,1.0,0.596192536625734,0.5937601060630068,0.31928104381516176,0.7375733655715297,0.7367405406672015,0.4724246305454723,0,0.0,inf,0.8471899032592773
3,0.3,0.0,1.0,0.25,4,1000,10,4,0.15658617135826491,0.2845358009742174,0.7055517703143616,0.7025375213803988,0.5504517078990789,0.9083491277292126,0.907971490705844,0.7934094346634827,0.4690673517934863,0.4657570213356265,0.21276634603823877,0.5879077429223252,0.5868117435177124,0.32235560277843,0,0.0,inf,22.68402099609375
3,0.3,0.0,1.0,0.25,5,28,10,4,0.16941172066310276,0.2996011298756684,0.7238056996325242,0.7209668890256761,0.5825974655369238,0.897406368541996,0.8969792788487176,0.7526454569778374,0.6230417827898711,0.6206799314522308,0.39709391806831384,0.8357447021357429,0.8353020509100346,0.6777225590952062,0,0.0,inf,0.6531820297241211
3,0.3,0.0,1.0,0.25,6,40,10,3,0.13736544495362604,0.2862993985340736,0.637058813621227,0.6332345438113021,0.4795518867412955,0.8019282820082536,0.8013325861275414,0.6406540834881669,0.3275185111189963,0.3231775990643047,0.12297752632184847,0.4045942902943182,0.40340372512137557,0.185435262866209,0,0.0,inf,0.8569779396057129
3,0.3,0.0,1.0,0.25,7,32,10,4,0.15161313741705829,0.2746745067715361,0.7090919467376727,0.7061090278616409,0.5445664561525058,0.9059896953135614,0.9056014712345598,0.78488266182146,0.4296399396529034,0.4260766585854574,0.1801529035847259,0.5839573365525113,0.5828476636274899,0.3153687444426345,0,0.0,inf,0.6373896598815918
3,0.3,0.0,1.0,0.25,8,1000,10,5,0.16810177334803184,0.2670911301063399,0.7849849835748584,0.7828464476654416,0.6822953244986545,1.0,1.0,1.0,0.5965575995712901,0.5941273252025346,0.3149272814538906,0.7375733655715297,0.7367405406672015,0.4724246305454723,0,0.0,inf,23.720534086227417
3,0.3,0.0,1.0,0.25,9,1000,10,3,0.12413757341020608,0.2805217943767028,0.5958889859417822,0.5916168972328475,0.42554832003952475,0.7889606460971244,0.7883188157233192,0.6085417084158432,0.4325242466763675,0.42884641320644395,0.2546774680255722,0.6827081189134145,0.6820642499665682,0.536681216439622,0,0.0,inf,22.033462285995483
3,0.3,0.0,1.0,0.5,0,1000,10,4,0.15642400294518766,0.29793938694163297,0.7256465574731794,0.7228870475763822,0.5704882105609531,0.897406368541996,0.8969792788487176,0.7526454569778374,0.6088223989370444,0.6064328100458066,0.3644294330758748,0.8357447021357429,0.8353020509100346,0.6777225590952062,0,0.0,inf,21.578249216079712
3,0.3,0.0,1.0,0.5,1,1000,10,4,0.1531329921679807,0.29382547725553093,0.7169132631901888,0.7140787476672704,0.5732322790874916,0.9116055475593928,0.9112424542131328,0.8049349549879696,0.586589181167515,0.584077532406554,0.3464395242767345,0.821834912015689,0.8213629372496289,0.6293450096268156,0,0.0,inf,23.60551905632019
3,0.3,0.0,1.0,0.5,2,37,10,3,0.0900649807196976,0.21724874193683155,0.5034363117410003,0.49813806488789875,0.28821089809891987,0.7250071641342934,0.7241254949570672,0.44647024161769056,0.30768932030969315,0.3031476471089443,0.09712613937575976,0.5880574779608788,0.5871603983222972,0.34186166083827674,0,0.0,inf,1.01497220993042
3,0.3,0.0,1.0,0.5,3,55,10,4,0.13961128298353123,0.2762866828214339,0.7060283240785263,0.7030747857792988,0.5280046812840381,0.897406368541996,0.8969792788487176,0.7526454569778374,0.5589644709348645,0.5562739366207596,0.332663841785912,0.8357447021357429,0.8353020509100345,0.6777225590952062,0,0.0,inf,1.659529209136963
3,0.3,0.0,1.0,0.5,4,37,10,3,0.11570444284549314,0.2891665600883076,0.5838672481206104,0.5796034218033865,0.4142828194714819,0.7921997857472497,0.7915695648752535,0.6162892627615703,0.4228155585305158,0.4192107221379568,0.2376444855691142,0.6492493065110276,0.6485401515758276,0.45307203333420376,0,0.0,inf,0.9625399112701416
3,0.3,0.0,1.0,0.5,5,1000,10,3,0.10303505774935137,0.26383600991488426,0.5869743988363357,0.5827320822275107,0.39487986909690664,0.7889606460971246,0.7883188157233194,0.6085417084158432,0.41548760145661073,0.4118261766239825,0.20220639086025266,0.6444080303082955,0.6436864403758702,0.44488729445134056,0,0.0,inf,21.961692333221436
3,0.3,0.0,1.0,0.5,6,46,10,4,0.1527583144211021,0.29104054541363017,0.7321066722300198,0.7294210203937311,0.5740404392744447,0.9083491277292126,0.907971490705844,0.7934094346634827,0.4522588700177852,0.44892621621157486,0.20019380038401535,0.5879077429223252,0.5868117435177124,0.32235560277843,0,0.0,inf,0.9626109600067139
3,0.3,0.0,1.0,0.5,7,1000,10,4,0.1434490759674524,0.2796528417470576,0.7212329985335503,0.7184313166626661,0.5448637134322908,0.897406368541996,0.8969792788487176,0.7526454569778374,0.5610504640041178,0.5583716140565633,0.33626340884930744,0.8357447021357429,0.8353020509100346,0.6777225590952062,0,0.0,inf,24.177743196487427
3,0.3,0.0,1.0,0.5,8,40,10,3,0.11941823259050399,0.2916412228262763,0.5611769867405918,0.5565918275557586,0.3710636532254498,0.7375733655715295,0.7367405406672014,0.4724246305454723,0.5949359307344747,0.5923450186295209,0.47000495080287424,0.9999999999999999,0.9999999999999999,1.0,0,0.0,inf,1.120279312133789
3,0.3,0.0,1.0,0.5,9,38,10,4,0.15441267119536067,0.2923762664876958,0.7391399392122553,0.7365161488461018,0.5721476162419176,0.897406368541996,0.8969792788487176,0.7526454569778374,0.6056866766247454,0.6032779325283448,0.36075949224316,0.8357447021357429,0.8353020509100345,0.6777225590952062,0,0.0,inf,1.1030480861663818
3,0.3,0.0,1.0,0.75,0,148,10,3,0.09986054592624453,0.28302649806190655,0.6031322638345454,0.5991603533690382,0.40989416582195987,0.7889606460971246,0.7883188157233194,0.6085417084158432,0.43120157071689824,0.4277466541639041,0.2047770904686419,0.6444080303082955,0.6436864403758702,0.44488729445134056,0,0.0,inf,3.5172650814056396
3,0.3,0.0,1.0,0.75,1,29,10,4,0.13756875938075896,0.2878095169099051,0.7123645736306923,0.7095273190047207,0.5438017941441862,0.897406368541996,0.8969792788487176,0.7526454569778374,0.5712709394601261,0.5687114729762905,0.3221560771124196,0.8357447021357429,0.8353020509100346,0.6777225590952062,0,0.0,inf,0.8002431392669678
3,0.3,0.0,1.0,0.75,2,38,10,4,0.1305817229497089,0.2705852820400124,0.7023462695866522,0.699411663375018,0.5230905200987553,0.9083491277292126,0.907971490705844,0.7934094346634827,0.4464790120540949,0.443176577655642,0.18018736912848934,0.5879077429223252,0.5868117435177124,0.32235560277843,0,0.0,inf,0.7349894046783447
3,0.3,0.0,1.0,0.75,3,111,10,3,0.10472817187687107,0.28820348512200566,0.6103862905441081,0.6064885536517904,0.44464385026703884,0.7916267295012033,0.7909944647108239,0.6144266258107057,0.4542399994793892,0.4509266319323,0.25813092012945693,0.6865809274896539,0.6859468433771049,0.542968341433499,0,0.0,inf,2.3954102993011475
3,0.3,0.0,1.0,0.75,4,50,10,4,0.11959871591240091,0.2696916272303217,0.6943067625996722,0.6912926727943347,0.527141676892585,0.9083491277292126,0.907971490705844,0.7934094346634827,0.4242367032931923,0.4208012429558543,0.17740923293646668,0.5879077429223252,0.5868117435177124,0.32235560277843,0,0.0,inf,0.9184074401855469
3,0.3,0.0,1.0,0.75,5,30,10,5,0.156089789665099,0.28731082563434407,0.8094304638893062,0.807588356518756,0.6745539302623303,1.0,1.0,1.0,0.5809758707999948,0.5785340230427859,0.27887484674268564,0.7375733655715295,0.7367405406672014,0.4724246305454723,0,0.0,inf,0.8793337345123291
3,0.3,0.0,1.0,0.75,6,31,10,4,0.13647093246186653,0.28757353042204764,0.702606823197969,0.6996760655223572,0.531012235976136,0.9059896953135614,0.9056014712345598,0.78488266182146,0.44666723020639215,0.44336761665886937,0.18233090530742369,0.5839573365525113,0.5828476636274899,0.3153687444426345,0,0.0,inf,0.8267257213592529
3,0.3,0.0,1.0,0.75,7,44,10,5,0.15900083305334187,0.290675104090683,0.8203579702949684,0.8186213325402883,0.6869417360155233,1.0,1.0,1.0,0.5823740899463005,0.5799401237231799,0.28084636393459356,0.7375733655715297,0.7367405406672015,0.4724246305454723,0,0.0,inf,1.1143627166748047
3,0.3,0.0,1.0,0.75,8,30,10,5,0.144936698394293,0.2666508505518086,0.7811510051603898,0.7790346384537892,0.6407770650004535,1.0,1.0,1.0,0.5347578104782271,0.5320452501309996,0.2535294733768892,0.7375733655715297,0.7367405406672015,0.4724246305454723,0,0.0,inf,0.5878951549530029
3,0.3,0.0,1.0,0.75,9,55,10,3,0.1025394254966219,0.28613150382107533,0.5873280361811448,0.5831997627196807,0.41838031759938793,0.789789857030486,0.789150994948784,0.6112350182388241,0.4407699351429421,0.4373749381647474,0.2201546780503704,0.6668307613228105,0.6661552998165208,0.4990750972068573,0,0.0,inf,1.067537784576416
3,0.3,0.0,1.0,1.0,0,46,10,3,0.07565338019222241,0.26523594574673753,0.6290402968746491,0.625423749696538,0.3922945929982011,0.8021489417124285,0.8015540214626932,0.6413806962628472,0.39606729718465067,0.39251139731825097,0.1396243894913111,0.40498555723662094,0.40379607055457106,0.18615098045841807,0,0.0,inf,0.8722896575927734
3,0.3,0.0,1.0,1.0,1,23,10,5,0.1451127382071828,0.28317094380601115,0.7969948200679043,0.7950530604311508,0.6488273392268369,1.0,1.0,1.0,0.56672990333838,0.5642359279727902,0.2630401323127051,0.7375733655715295,0.7367405406672014,0.4724246305454723,0,0.0,inf,0.549816370010376
3,0.3,0.0,1.0,1.0,2,34,10,5,0.14217439058004755,0.2813752878663308,0.7929470149948359,0.7909668019279391,0.6335896742708746,1.0,1.0,1.0,0.5629197194855241,0.5604042108007167,0.25799154137396735,0.7375733655715297,0.7367405406672015,0.4724246305454723,0,0.0,inf,0.6961574554443359
3,0.3,0.0,1.0,1.0,3,115,10,4,0.12033315672378558,0.2874267215880542,0.6967804288628283,0.6938469579796916,0.49800789005555396,0.897406368541996,0.8969792788487176,0.7526454569778374,0.559272720939562,0.556701338320584,0.2785922091111901,0.8357447021357429,0.8353020509100346,0.6777225590952062,0,0.0,inf,2.476015090942383
3,0.3,0.0,1.0,1.0,4,30,10,4,0.10799228031673797,0.28120904488149956,0.6783108650992895,0.6752004584175979,0.4922137791785927,0.9000920107272863,0.8996771460213145,0.7622414951112423,0.41798587184442926,0.41459244796207767,0.17002598090425325,0.5740608484987777,0.5729166889125227,0.29646770121656035,0,0.0,inf,0.6328442096710205
3,0.3,0.0,1.0,1.0,5,33,10,4,0.10531845464032881,0.27378789544390836,0.6614701893075245,0.6581969957649363,0.4422325149371391,0.9059896953135614,0.9056014712345598,0.78488266182146,0.4416963624653884,0.43844123564025467,0.17493863523270733,0.5839573365525113,0.5828476636274899,0.3153687444426345,0,0.0,inf,0.5361497402191162
3,0.3,0.0,1.0,1.0,6,41,10,4,0.10336383245083167,0.26595305376615797,0.6861686804171429,0.6831336938004954,0.5094128320803384,0.9083491277292126,0.907971490705844,0.7934094346634827,0.4214220903052842,0.41804796673932376,0.17553670382055392,0.5879077429223252,0.5868117435177124,0.32235560277843,0,0.0,inf,0.927706241607666
3,0.3,0.0,1.0,1.0,7,1000,10,4,0.10528510646227904,0.2712942746665026,0.7012099284504518,0.6983282960066819,0.5198715201608674,0.9116055475593928,0.9112424542131328,0.8049349549879696,0.4628458133373048,0.4597234912368228,0.18972371720855422,0.5933517525706162,0.5922745061043154,0.3316882713421359,0,0.0,inf,23.263258695602417
3,0.3,0.0,1.0,1.0,8,33,10,5,0.14257693959074216,0.281118078483275,0.787308701167761,0.785274293083695,0.6298145673082385,1.0,1.0,1.0,0.5648347756379553,0.5623298915993785,0.2605223299829333,0.7375733655715297,0.7367405406672015,0.4724246305454723,0,0.0,inf,0.7982687950134277
3,0.3,0.0,1.0,1.0,9,24,10,4,0.12253954735168646,0.2885801154110588,0.7056847769105479,0.7028400940492385,0.5185405151961227,0.9083491277292126,0.907971490705844,0.7934094346634827,0.44517449063961073,0.44194101295849103,0.18114675604629224,0.5879077429223252,0.5868117435177124,0.32235560277843,0,0.0,inf,0.6637635231018066
3,0.3,0.25,0.0,0.0,0,15,3,3,0.29582723972303326,0.2956706898560772,0.7904764725728852,0.7898414931742512,0.6114464079728974,0.7852802150932446,0.7846251091678986,0.6010060305727019,0.38536555403022155,0.3841240709865136,0.15803176243484104,0.3749359727893116,0.37366222508626973,0.14532804951821357,0.6052631578947368,0.7062797481959158,0.02735047377874082,0.2593960762023926
3,0.3,0.25,0.0,0.0,1,26,3,3,0.29582723972303343,0.29567068985607725,0.7904764725728854,0.7898414931742513,0.6114464079728974,0.7852802150932446,0.7846251091678986,0.6010060305727019,0.3853655540302216,0.3841240709865136,0.15803176243484104,0.3749359727893116,0.37366222508626973,0.14532804951821357,0.6052631578947368,0.7062797481959158,0.027350473778740822,0.5134420394897461
3,0.3,0.25,0.0,0.0,2,19,4,4,0.29137481389646563,0.2912005202031929,0.9090437908389912,0.9086701087019787,0.7943429996270311,0.9137594533047027,0.9134059329538328,0.8127690521941776,0.5899415552536014,0.588855002678303,0.3242424970402004,0.5969473729725019,0.5958824465842398,0.33795995639299703,0.8082191780821918,0.8819570162001579,0.009788632179600637,0.1332075595855713
3,0.3,0.25,0.0,0.0,3,19,3,3,0.29965609163136636,0.2994088774763782,0.7894055587341606,0.7887667457732628,0.6089106796367217,0.7889606460971244,0.7883188157233192,0.6085417084158432,0.6707786783405367,0.6701128855814311,0.5067592679602066,0.6827081189134145,0.6820642499665682,0.536681216439622,0.8181818181818182,0.8868339270825438,0.006516934489413376,0.14382481575012207
3,0.3,0.25,0.0,0.0,4,24,3,3,0.3034411497477426,0.3031720513147306,0.7919171422000004,0.7912873128296978,0.6146580667163571,0.7916267295012033,0.7909944647108239,0.6144266258107057,0.6744585519968018,0.673802075766916,0.5128575145547655,0.6865809274896538,0.6859468433771048,0.542968341433499,0.8321167883211679,0.8819570162001579,0.006776615541236057,0.20871686935424805
3,0.3,0.25,0.0,0.0,5,15,3,3,0.3034411497477426,0.3031720513147306,0.7919171422000004,0.7912873128296978,0.6146580667163571,0.7916267295012033,0.7909944647108239,0.6144266258107057,0.6744585519968018,0.673802075766916,0.5128575145547655,0.6865809274896539,0.6859468433771049,0.542968341433499,0.8321167883211679,0.8819570162001579,0.006776615541236057,0.12639307975769043
3,0.3,0.25,0.0,0.0,6,16,4,4,0.30225652517010054,0.3021997676838216,0.9062134325366954,0.9058270894842647,0.7840181975146335,0.9059896953135614,0.9056014712345598,0.78488266182146,0.5852097082025101,0.5841068448379702,0.31582286357372535,0.5839573365525113,0.5828476636274899,0.3153687444426345,0.6052631578947368,0.7062797481959158,0.028717010354689834,0.06569314002990723
3,0.3,0.25,0.0,0.0,7,18,2,2,0.30676087177327976,0.30676087177327976,0.5886439109427256,0.587918508065989,0.3721699660878811,0.5843445647456531,0.5836076786123202,0.3649394192885749,0.35909302384762254,0.3582946542970271,0.20757393653979087,0.36733076676218757,0.3665367746994707,0.2249150250260693,0.8181818181818182,0.8868339270825438,0.005104134277844081,0.14954519271850586
3,0.3,0.25,0.0,0.0,8,21,3,3,0.31989001230886466,0.31988146072674895,0.7382712632211267,0.7374429749388643,0.4728567797325691,0.7375733655715295,0.7367405406672014,0.4724246305454723,1.0,1.0,1.0,0.9999999999999999,0.9999999999999999,1.0,0.8732394366197183,0.9309309309309308,0.003119927698008487,0.3775496482849121
3,0.3,0.25,0.0,0.0,9,20,3,3,0.3034411497477426,0.3031720513147306,0.7919171422000004,0.7912873128296978,0.6146580667163571,0.7916267295012033,0.7909944647108239,0.6144266258107057,0.6744585519968018,0.673802075766916,0.5128575145547655,0.6865809274896539,0.6859468433771049,0.542968341433499,0.8321167883211679,0.8819570162001579,0.006776615541236056,0.2559652328491211
3,0.3,0.25,0.0,0.25,0,22,3,3,0.3129016539548131,0.31276217198390466,0.7503978476511641,0.7496157526369165,0.4999303752085892,0.7595386266093844,0.7587891678710779,0.523012647821584,0.5987797319636469,0.5979324936729498,0.3494156212123094,0.6000310519393101,0.5991924558208827,0.34859032320172656,0.8732394366197183,0.9309309309309308,0.003069780909608131,0.2611989974975586
3,0.3,0.25,0.0,0.25,1,13,4,4,0.3075619917035833,0.30737621540956617,0.902462641840836,0.9020594281071008,0.7700580044778049,0.897406368541996,0.8969792788487176,0.7526454569778374,0.8315072837959878,0.8310572568623774,0.6618054094433068,0.8357447021357429,0.8353020509100345,0.6777225590952062,0.6052631578947368,0.7062797481959158,0.029129768964001462,0.12843990325927734
3,0.3,0.25,0.0,0.25,2,17,3,3,0.2972879112772519,0.297307371217569,0.7964599900015984,0.7958463173618422,0.6257449183498832,0.8019282820082536,0.8013325861275414,0.6406540834881669,0.3960108404152614,0.39479911886199737,0.17246448557582922,0.4045942902943182,0.40340372512137557,0.185435262866209,0.8321167883211679,0.8819570162001579,0.006363856931924431,0.1804211139678955
3,0.3,0.25,0.0,0.25,3,37,2,2,0.3068011020001426,0.30680110200014254,0.5878399019601795,0.5871126581313231,0.3706193494105449,0.5879077429223252,0.5871790535706989,0.3717161405198315,0.8313787680515661,0.83116854713833,0.8470017763599165,0.8321863395202957,0.8319764965397319,0.8493589643652412,0.9064748201438849,0.9419280575539569,0.0013437003589485755,0.6756443977355957
3,0.3,0.25,0.0,0.25,4,14,4,4,0.30225652517010054,0.3021997676838216,0.9062134325366954,0.9058270894842647,0.7840181975146335,0.9059896953135614,0.9056014712345598,0.78488266182146,0.5852097082025101,0.5841068448379702,0.31582286357372535,0.5839573365525113,0.5828476636274899,0.3153687444426345,0.6052631578947368,0.7062797481959158,0.028717010354689834,0.10456037521362305
3,0.3,0.25,0.0,0.25,5,25,4,4,0.30428482175404264,0.3044602846794321,0.9075030477238635,0.9071224809899361,0.7887321917624809,0.9116055475593928,0.9112424542131328,0.8049349549879696,0.8265696202747513,0.8261092144636513,0.6445372756707703,0.8218349120156893,0.8213629372496292,0.6293450096268156,0.8561151079136691,0.9065837790068717,0.006044403466607643,0.46767711639404297
3,0.3,0.25,0.0,0.25,6,25,4,4,0.30330959509333777,0.30324649544915616,0.908286786541069,0.9079097241974984,0.7915753497024844,0.9083491277292126,0.907971490705844,0.7934094346634827,0.5886766846770783,0.5875857803902927,0.3219956443730734,0.5879077429223252,0.5868117435177124,0.32235560277843,0.6052631578947368,0.7062797481959158,0.029543343177045208,0.12344813346862793
3,0.3,0.25,0.0,0.25,7,15,4,4,0.30428482175404264,0.3044602846794321,0.9075030477238635,0.9071224809899361,0.7887321917624809,0.9116055475593928,0.9112424542131328,0.8049349549879696,0.8265696202747511,0.8261092144636512,0.6445372756707703,0.8218349120156893,0.8213629372496292,0.6293450096268156,0.8561151079136691,0.9065837790068717,0.006044403466607645,0.1113746166229248
3,0.3,0.25,0.0,0.25,8,28,3,3,0.29728791127725185,0.2973073712175688,0.7964599900015984,0.7958463173618422,0.6257449183498832,0.8019282820082536,0.8013325861275414,0.6406540834881669,0.3960108404152614,0.39479911886199737,0.17246448557582922,0.4045942902943182,0.40340372512137557,0.185435262866209,0.8321167883211679,0.8819570162001579,0.006363856931924429,0.4102175235748291
3,0.3,0.25,0.0,0.25,9,23,4,4,0.3075619917035833,0.3073762154095663,0.902462641840836,0.9020594281071008,0.7700580044778049,0.897406368541996,0.8969792788487176,0.7526454569778374,0.8315072837959879,0.8310572568623775,0.6618054094433068,0.8357447021357429,0.8353020509100346,0.6777225590952062,0.6052631578947368,0.7062797481959158,0.029129768964001455,0.12065911293029785
3,0.3,0.25,0.0,0.5,0,26,3,3,0.3029963501593923,0.30294228068840684,0.7477467106917509,0.7469545795137221,0.49398121063433326,0.7481612335885639,0.7473688711868739,0.49755280006294755,0.30830720800886585,0.30684231891308816,0.02823253230738754,0.3078099101773931,0.30634022681614625,0.029926155949019876,0.6052631578947368,0.7062797481959158,0.027250016436988503,0.5538995265960693
3,0.3,0.25,0.0,0.5,1,26,2,2,0.3008090782574572,0.30080907825745745,0.5916192536088873,0.59090064872952,0.37797664007241627,0.5960908120545209,0.5953808212273226,0.38786077858471907,0.34725239205509434,0.34644172825904335,0.18464448020227536,0.33954695184358247,0.33872793912201543,0.17025642675852654,0.9097222222222222,0.9440138888888889,0.0012938978129285912,0.6190857887268066
3,0.3,0.25,0.0,0.5,2,18,4,4,0.3075619917035833,0.3073762154095663,0.902462641840836,0.9020594281071008,0.7700580044778049,0.897406368541996,0.8969792788487176,0.7526454569778374,0.8315072837959879,0.8310572568623775,0.6618054094433068,0.8357447021357429,0.8353020509100345,0.6777225590952062,0.6052631578947368,0.7062797481959158,0.02912976896400146,0.3646693229675293
3,0.3,0.25,0.0,0.5,3,24,4,4,0.3033095950933379,0.30324649544915616,0.908286786541069,0.9079097241974984,0.7915753497024844,0.9083491277292126,0.907971490705844,0.7934094346634827,0.5886766846770783,0.5875857803902927,0.3219956443730734,0.5879077429223252,0.5868117435177124,0.32235560277843,0.6052631578947368,0.7062797481959158,0.029543343177045198,0.5144186019897461
3,0.3,0.25,0.0,0.5,4,21,3,3,0.29965609163136653,0.29940887747637823,0.7894055587341606,0.7887667457732628,0.6089106796367217,0.7889606460971244,0.7883188157233192,0.6085417084158432,0.6707786783405367,0.6701128855814311,0.5067592679602066,0.6827081189134145,0.6820642499665682,0.536681216439622,0.8181818181818182,0.8868339270825438,0.006516934489413376,0.39224839210510254
3,0.3,0.25,0.0,0.5,5,39,3,3,0.2770304278920585,0.2767644083260919,0.7416238725179775,0.7408084339385907,0.4800994274396531,0.7426345344900235,0.7418211476741832,0.48335755348832965,0.597435102239282,0.5965767888425285,0.3514981428270166,0.5965023276493842,0.5956404276659742,0.35039273185971725,0.8082191780821918,0.8948342281675614,0.005922331568528909,0.6758015155792236
3,0.3,0.25,0.0,0.5,6,110,3,3,0.29479873514155075,0.2948250570627073,0.7964875200702813,0.7958739447619763,0.6258352922217565,0.8021489417124285,0.8015540214626932,0.6413806962628472,0.3960597378169803,0.394848151817842,0.17255484581567282,0.40498555723662094,0.40379607055457106,0.18615098045841807,0.8181818181818182,0.8868339270825438,0.006930508702457115,2.364400863647461
3,0.3,0.25,0.0,0.5,7,26,4,4,0.2926859041788298,0.2924940346636297,0.9032922516795583,0.9028927793128343,0.7730668342239174,0.9037907607564276,0.9033926442098374,0.7752391372397232,0.8306936655910727,0.8302419177365985,0.6589970286474999,0.8294772696226798,0.8290212524311569,0.6564476401607514,0.8082191780821918,0.890901124580108,0.009635346955252855,0.3916316032409668
3,0.3,0.25,0.0,0.5,8,16,3,3,0.2987750648280684,0.29875189653209566,0.7894563009729061,0.7888176692314446,0.6090757458430014,0.789789857030486,0.789150994948784,0.6112350182388241,0.6686248613917531,0.66795475092094,0.5016119889373588,0.6668307613228105,0.6661552998165208,0.4990750972068573,0.8299319727891157,0.890901124580108,0.00621057170757665,0.20151543617248535
3,0.3,0.25,0.0,0.5,9,23,4,4,0.2869099494121843,0.2865548044434872,0.9019138104143678,0.901508118740358,0.76805910791063,0.8974063685419958,0.8969792788487174,0.7526454569778374,0.5780077503743203,0.5768799063541297,0.3026031658242566,0.5695438300688878,0.5683837947232321,0.28830015171599577,0.6052631578947368,0.7062797481959158,0.030874138958194953,0.16764450073242188
3,0.3,0.25,0.0,0.75,0,42,10,4,0.18125348888371004,0.2831302196300491,0.7677119557140393,0.7652298516491146,0.6135066265572018,0.9116055475593928,0.9112424542131328,0.8049349549879696,0.4967257994370146,0.4934257591620076,0.2128602474787234,0.5933517525706161,0.5922745061043153,0.3316882713421359,0,0.0,inf,1.2554378509521484
3,0.3,0.25,0.0,0.75,1,53,10,3,0.16532339795195142,0.296352746694221,0.6703243682676934,0.6666609307088988,0.5013217214786645,0.7849276230002521,0.7842712471813089,0.5998687124749003,0.513914987544137,0.510573156984576,0.32058528168282285,0.6768387497441453,0.6761799567006874,0.527325252875187,0,0.0,inf,1.5950098037719727
3,0.3,0.25,0.0,0.75,2,16,4,4,0.30330959509333777,0.30324649544915616,0.908286786541069,0.9079097241974984,0.7915753497024844,0.9083491277292126,0.907971490705844,0.7934094346634827,0.5886766846770783,0.5875857803902927,0.3219956443730734,0.5879077429223252,0.5868117435177124,0.32235560277843,0.6052631578947368,0.7062797481959158,0.0295433431770452,0.10819315910339355
3,0.3,0.25,0.0,0.75,3,37,10,3,0.1646511567794203,0.29680311517806546,0.6590774875913469,0.6552876881801707,0.4828527228534713,0.7852802150932446,0.7846251091678986,0.6010060305727019,0.3285036583130496,0.3238850374450451,0.10447959387769998,0.3749359727893116,0.37366222508626973,0.14532804951821357,0,0.0,inf,0.9434363842010498
3,0.3,0.25,0.0,0.75,4,23,4,4,0.30330959509333777,0.3032464954491562,0.908286786541069,0.9079097241974984,0.7915753497024844,0.9083491277292126,0.907971490705844,0.7934094346634827,0.5886766846770782,0.5875857803902926,0.3219956443730734,0.5879077429223252,0.5868117435177124,0.32235560277843,0.6052631578947368,0.7062797481959158,0.02954334317704521,0.13651728630065918
3,0.3,0.25,0.0,0.75,5,24,10,4,0.1957306963295226,0.30261118189124014,0.7862129754132278,0.783937002896273,0.6355678401006226,0.9059896953135614,0.9056014712345598,0.78488266182146,0.5044643714625567,0.5012297694134673,0.22646338696685162,0.5839573365525113,0.5828476636274899,0.3153687444426345,0,0.0,inf,0.5069327354431152
3,0.3,0.25,0.0,0.75,6,29,10,4,0.17654210758801778,0.279773165337903,0.7577514544598773,0.7551805743813622,0.6374186175231239,0.9083491277292126,0.907971490705844,0.7934094346634827,0.46729406612893926,0.4638301926509018,0.22896649626308194,0.5879077429223252,0.5868117435177124,0.32235560277843,0,0.0,inf,0.688753604888916
3,0.3,0.25,0.0,0.75,7,62,10,3,0.16699901519012067,0.2968680704495069,0.6605121318360612,0.6567382803711659,0.48870779942368925,0.7852802150932446,0.7846251091678986,0.6010060305727019,0.3302919813402725,0.325685660741889,0.10869534746356066,0.3749359727893116,0.37366222508626973,0.14532804951821357,0,0.0,inf,1.4038093090057373
3,0.3,0.25,0.0,0.75,8,34,2,2,0.29845323867529133,0.2984532386752915,0.5923035749787092,0.5915865303510878,0.37932760189374876,0.5936479709519707,0.5929324165216566,0.3829540138806239,0.3623620447897751,0.3615706970695275,0.21309892399116745,0.3614980604274912,0.3607042949307468,0.212808677534589,0.8299319727891157,0.890901124580108,0.004743577789875313,0.8440520763397217
3,0.3,0.25,0.0,0.75,9,21,4,4,0.3014837914505947,0.3013746442424194,0.899151504785187,0.8987362813525676,0.7816754942008075,0.9059896953135614,0.9056014712345598,0.78488266182146,0.5762800577259596,0.5751541824139849,0.3141146287053842,0.5839573365525113,0.5828476636274899,0.3153687444426345,0.6052631578947368,0.7062797481959158,0.02845110602858822,0.15066123008728027
3,0.3,0.25,0.0,1.0,0,31,10,4,0.14731289671034578,0.2653260750006836,0.6970092750689988,0.6939003032155209,0.5347071775306005,0.9083491277292126,0.907971490705844,0.7934094346634827,0.4023466502798569,0.39860971348834645,0.16888339564177257,0.5879077429223252,0.5868117435177124,0.32235560277843,0,0.0,inf,0.6126248836517334
3,0.3,0.25,0.0,1.0,1,1000,10,3,0.1243986172460047,0.27999064346604247,0.5868235816358243,0.5824590716887889,0.42125274861525763,0.7916267295012033,0.7909944647108239,0.6144266258107057,0.4372145370242913,0.4335705831532182,0.2647954007016692,0.6865809274896539,0.6859468433771049,0.542968341433499,0,0.0,inf,21.69987726211548
3,0.3,0.25,0.0,1.0,2,1000,10,3,0.13274923946050093,0.2741334288569963,0.617051891570392,0.6129956749226216,0.4532950023625497,0.7849276230002521,0.7842712471813089,0.5998687124749003,0.3040640024703168,0.2995429176627694,0.10228659059085386,0.3743048644791923,0.373029329116335,0.14414618051325584,0,0.0,inf,20.854833841323853
3,0.3,0.25,0.0,1.0,3,32,10,3,0.12822018643465077,0.2816221361224154,0.6235745010451146,0.6195876613448136,0.4461791912960318,0.7849276230002521,0.7842712471813089,0.5998687124749003,0.3008677963050088,0.29632635128305457,0.09629107528874392,0.3743048644791923,0.373029329116335,0.14414618051325584,0,0.0,inf,0.5711381435394287
3,0.3,0.25,0.0,1.0,4,111,10,2,0.08260320599730979,0.2639579385135895,0.42114971996893946,0.4147575986701596,0.24316611826379633,0.5960908120545209,0.5953808212273226,0.38786077858471907,0.2437556672143282,0.2385870202904367,0.08371756141117204,0.33954695184358247,0.33872793912201543,0.17025642675852654,0,0.0,inf,3.299135208129883
3,0.3,0.25,0.0,1.0,5,26,10,3,0.12027623012799636,0.2697933017952638,0.5823407092125614,0.5779288453014249,0.41315802600649715,0.7916267295012033,0.7909944647108239,0.6144266258107057,0.43161234065646675,0.4279321133801904,0.26473535178685675,0.6865809274896538,0.6859468433771048,0.542968341433499,0,0.0,inf,0.6578788757324219
3,0.3,0.25,0.0,1.0,6,25,10,4,0.15217841496153897,0.2772060537749592,0.7123073816138967,0.7093560364282206,0.5551281829690797,0.9083491277292126,0.907971490705844,0.7934094346634827,0.42484273986684323,0.4212474264527473,0.18229876843120257,0.5879077429223252,0.5868117435177124,0.32235560277843,0,0.0,inf,0.7192699909210205
3,0.3,0.25,0.0,1.0,7,36,10,4,0.16885863535124504,0.2955579445034061,0.7172772095281866,0.714371354709011,0.5819331077980602,0.897406368541996,0.8969792788487176,0.7526454569778374,0.6107951193162965,0.6083565917469869,0.39678080610395383,0.8357447021357429,0.8353020509100345,0.6777225590952062,0,0.0,inf,0.8968055248260498
3,0.3,0.25,0.0,1.0,8,36,10,3,0.1336779535806113,0.28575634751560575,0.6128910326795319,0.6088024707104293,0.4579165795729091,0.7926764584473263,0.7920479364188315,0.6178455857756018,0.46984033584992074,0.46640823562461,0.2701352895983065,0.6710761095271227,0.670411439649869,0.5060781026638148,0,0.0,inf,0.7119855880737305
3,0.3,0.25,0.0,1.0,9,33,10,3,0.1293309692745042,0.28460887531463674,0.613205472281926,0.609128052506311,0.4587082744854669,0.8021489417124285,0.8015540214626932,0.6413806962628472,0.4762488677299899,0.4728661852651811,0.28278056347607267,0.6640652098143665,0.6633936463526339,0.47901294122685556,0,0.0,inf,0.6277725696563721
3,0.3,0.25,0.25,0.0,0,18,4,4,0.3042848217540427,0.30446028467943204,0.9075030477238635,0.9071224809899361,0.7887321917624809,0.9116055475593928,0.9112424542131328,0.8049349549879696,0.8265696202747513,0.8261092144636513,0.6445372756707703,0.821834912015689,0.8213629372496289,0.6293450096268156,0.8561151079136691,0.9065837790068717,0.00604440346660764,0.09324836730957031
3,0.3,0.25,0.25,0.0,1,111,4,4,0.28999564489917856,0.28967696566936396,0.9041296431413824,0.9037339420232676,0.7760883163884392,0.9000920107272863,0.8996771460213145,0.7622414951112423,0.5817213933144612,0.5806064583620327,0.30928567669377277,0.5740608484987776,0.5729166889125226,0.29646770121656035,0.6052631578947368,0.7062797481959158,0.03077524902641702,2.4336507320404053
3,0.3,0.25,0.25,0.0,2,14,3,3,0.29965609163136636,0.2994088774763784,0.7894055587341606,0.7887667457732628,0.6089106796367217,0.7889606460971244,0.7883188157233192,0.6085417084158432,0.6707786783405367,0.6701128855814311,0.5067592679602066,0.6827081189134145,0.6820642499665682,0.536681216439622,0.8181818181818182,0.8868339270825438,0.006516934489413376,0.08266019821166992
3,0.3,0.25,0.25,0.0,3,17,3,3,0.3000960427427212,0.30006657630309463,0.7919954100813236,0.7913658592256422,0.6149134768877957,0.7926764584473263,0.7920479364188315,0.6178455857756018,0.6723511680709455,0.671690500055526,0.5078006074885633,0.6710761095271227,0.670411439649869,0.5060781026638148,0.8299319727891157,0.890901124580108,0.0070369045299320185,0.12314414978027344
3,0.3,0.25,0.25,0.0,4,14,3,3,0.3034411497477426,0.3031720513147306,0.7919171422000004,0.7912873128296978,0.6146580667163571,0.7916267295012033,0.7909944647108239,0.6144266258107057,0.6744585519968018,0.673802075766916,0.5128575145547655,0.6865809274896539,0.6859468433771049,0.542968341433499,0.8321167883211679,0.8819570162001579,0.006776615541236056,0.07912826538085938
3,0.3,0.25,0.25,0.0,5,18,3,3,0.2958169263669707,0.2954999366012556,0.7903747757157535,0.7897394336368198,0.6111150880111534,0.7849276230002521,0.7842712471813089,0.5998687124749003,0.672199343603704,0.6715371528473736,0.5091037432295656,0.6768387497441453,0.6761799567006874,0.527325252875187,0.6052631578947368,0.7062797481959158,0.027353541624941552,0.12843847274780273
3,0.3,0.25,0.25,0.0,6,20,4,4,0.30225652517010054,0.30219976768382173,0.9062134325366954,0.9058270894842647,0.7840181975146335,0.9059896953135614,0.9056014712345598,0.78488266182146,0.5852097082025101,0.5841068448379702,0.31582286357372535,0.5839573365525113,0.5828476636274899,0.3153687444426345,0.6052631578947368,0.7062797481959158,0.02871701035468983,0.11394691467285156
3,0.3,0.25,0.25,0.0,7,22,4,4,0.3042848217540427,0.30446028467943204,0.9075030477238635,0.9071224809899361,0.7887321917624809,0.9116055475593928,0.9112424542131328,0.8049349549879696,0.8265696202747511,0.8261092144636512,0.6445372756707703,0.821834912015689,0.8213629372496289,0.6293450096268156,0.8561151079136691,0.9065837790068717,0.00604440346660764,0.10423469543457031
3,0.3,0.25,0.25,0.0,8,36,2,2,0.30676087177327976,0.30676087177327976,0.5886439109427256,0.587918508065989,0.3721699660878811,0.5843445647456531,0.5836076786123202,0.3649394192885749,0.35909302384762254,0.3582946542970271,0.20757393653979087,0.36733076676218757,0.3665367746994707,0.2249150250260693,0.8181818181818182,0.8868339270825438,0.005104134277844081,0.6475629806518555
3,0.3,0.25,0.25,0.0,9,40,2,2,0.3065022615582611,0.306502261558261,0.5864457028076931,0.5857152626526245,0.36794884669240996,0.581408430461704,0.5806647649710639,0.35946576657210166,0.3554769798038332,0.3546723114607707,0.2012232560910715,0.36252835594946636,0.3617259494053958,0.21651936258282992,0.8321167883211679,0.8819570162001579,0.0050184202742726385,0.7738957405090332
3,0.3,0.25,0.25,0.25,0,20,3,3,0.2958169263669709,0.29549993660125573,0.7903747757157535,0.7897394336368198,0.6111150880111534,0.7849276230002521,0.7842712471813089,0.5998687124749003,0.672199343603704,0.6715371528473736,0.5091037432295656,0.6768387497441453,0.6761799567006874,0.527325252875187,0.6052631578947368,0.7062797481959158,0.027353541624941555,0.30312156677246094
3,0.3,0.25,0.25,0.25,1,24,3,3,0.293832105090291,0.2936534650303344,0.7903227834399137,0.7896872559207784,0.6109458131619562,0.7849276230002521,0.7842712471813089,0.5998687124749003,0.38509166071712936,0.3838494109267403,0.15752150986229166,0.3743048644791923,0.373029329116335,0.14414618051325584,0.6052631578947368,0.7062797481959158,0.028275696532874116,0.17134976387023926
3,0.3,0.25,0.25,0.25,2,110,3,3,0.2983703123107675,0.29862557276844637,0.7920532465028122,0.791423901436366,0.6151023239096007,0.7921997857472497,0.7915695648752535,0.6162892627615703,0.6611067358959262,0.6604234389621813,0.48062193929772196,0.6492493065110276,0.6485401515758276,0.45307203333420376,0.8561151079136691,0.9065837790068717,0.004677866890658628,2.3990676403045654
3,0.3,0.25,0.25,0.25,3,14,4,4,0.3075619917035833,0.3073762154095663,0.902462641840836,0.9020594281071008,0.7700580044778049,0.897406368541996,0.8969792788487176,0.7526454569778374,0.8315072837959879,0.8310572568623775,0.6618054094433068,0.8357447021357429,0.8353020509100345,0.6777225590952062,0.6052631578947368,0.7062797481959158,0.029129768964001462,0.0738985538482666
3,0.3,0.25,0.25,0.25,4,24,3,3,0.29218812907527597,0.2924978798475077,0.7964944021672811,0.7958808511897366,0.6258578876687111,0.8021489417124285,0.8015540214626932,0.6413806962628472,0.6676671450542293,0.6670004454689283,0.49186169961844683,0.6640652098143665,0.6633936463526339,0.47901294122685556,0.8561151079136691,0.9065837790068717,0.004268176127547733,0.34142088890075684
3,0.3,0.25,0.25,0.25,5,110,3,3,0.29837031231076755,0.29862557276844615,0.7920532465028122,0.791423901436366,0.6151023239096007,0.7921997857472497,0.7915695648752535,0.6162892627615703,0.6611067358959262,0.6604234389621813,0.48062193929772196,0.6492493065110276,0.6485401515758276,0.45307203333420376,0.8561151079136691,0.9065837790068717,0.0046778668906586295,2.421889305114746
3,0.3,0.25,0.25,0.25,6,24,3,3,0.2950513599127718,0.29530216631464934,0.7893604470334368,0.7887214729506181,0.6087639900510177,0.7889606460971246,0.7883188157233194,0.6085417084158432,0.6571211120546576,0.6564276642829949,0.47392307168234943,0.6444080303082955,0.6436864403758702,0.44488729445134056,0.8561151079136691,0.9065837790068717,0.004776756822436555,0.36675405502319336
3,0.3,0.25,0.25,0.25,7,41,4,4,0.2843088592105316,0.28406081045250703,0.9077861546703496,0.9074068545396609,0.7897360784811976,0.9083491277292126,0.907971490705844,0.7934094346634827,0.5878399019601797,0.5867461156628245,0.320498396315486,0.5879077429223252,0.5868117435177124,0.32235560277843,0.6052631578947368,0.7062797481959158,0.030365558263306135,0.84552001953125
3,0.3,0.25,0.25,0.25,8,21,3,3,0.3034411497477426,0.3031720513147306,0.7919171422000004,0.7912873128296978,0.6146580667163571,0.7916267295012033,0.7909944647108239,0.6144266258107057,0.6744585519968018,0.673802075766916,0.5128575145547655,0.6865809274896538,0.6859468433771048,0.542968341433499,0.8321167883211679,0.8819570162001579,0.006776615541236057,0.4439401626586914
3,0.3,0.25,0.25,0.25,9,34,3,3,0.2996560916313663,0.2994088774763782,0.7894055587341606,0.7887667457732628,0.6089106796367217,0.7889606460971244,0.7883188157233192,0.6085417084158432,0.6707786783405367,0.6701128855814311,0.5067592679602066,0.6827081189134145,0.6820642499665682,0.536681216439622,0.8181818181818182,0.8868339270825438,0.006516934489413376,0.8811497688293457
3,0.3,0.25,0.25,0.5,0,32,4,4,0.3042848217540427,0.30446028467943204,0.9075030477238635,0.9071224809899361,0.7887321917624809,0.9116055475593928,0.9112424542131328,0.8049349549879696,0.8265696202747511,0.8261092144636512,0.6445372756707703,0.821834912015689,0.8213629372496289,0.6293450096268156,0.8561151079136691,0.9065837790068717,0.006044403466607643,0.5405633449554443
3,0.3,0.25,0.25,0.5,1,28,3,3,0.2800701474966646,0.2797651948227625,0.7912521513553256,0.7906199474689949,0.6130686761259063,0.7916267295012034,0.790994464710824,0.6144266258107057,0.38674755523813903,0.38550995740896166,0.15968300374862238,0.38627454010806195,0.38503290040672733,0.15913988880652757,0.8082191780821918,0.8819570162001579,0.008520985535429546,0.5327701568603516
3,0.3,0.25,0.25,0.5,2,29,3,3,0.30811888854449265,0.308053043168262,0.7461107003054039,0.7453123569877191,0.4903684174293556,0.7548712966501103,0.7541043224033087,0.5123044922655382,0.5922824528198539,0.5914174185654326,0.3375430775339029,0.5929240519143224,0.5920661274059542,0.33570984919437624,0.8823529411764706,0.9384384384384384,0.0026604343888776078,0.45911693572998047
3,0.3,0.25,0.25,0.5,3,18,4,4,0.30428482175404264,0.3044602846794321,0.9075030477238635,0.9071224809899361,0.7887321917624809,0.9116055475593928,0.9112424542131328,0.8049349549879696,0.8265696202747511,0.8261092144636512,0.6445372756707703,0.8218349120156893,0.8213629372496292,0.6293450096268156,0.8561151079136691,0.9065837790068717,0.006044403466607642,0.11202049255371094
3,0.3,0.25,0.25,0.5,4,38,3,3,0.29728791127725185,0.2973073712175688,0.7964599900015984,0.7958463173618422,0.6257449183498832,0.8019282820082536,0.8013325861275414,0.6406540834881669,0.3960108404152613,0.39479911886199726,0.17246448557582922,0.4045942902943182,0.40340372512137557,0.185435262866209,0.8321167883211679,0.8819570162001579,0.006363856931924428,0.649000883102417
3,0.3,0.25,0.25,0.5,5,35,4,4,0.30330959509333777,0.30324649544915616,0.908286786541069,0.9079097241974984,0.7915753497024844,0.9083491277292126,0.907971490705844,0.7934094346634827,0.5886766846770783,0.5875857803902927,0.3219956443730734,0.5879077429223252,0.5868117435177124,0.32235560277843,0.6052631578947368,0.7062797481959158,0.029543343177045194,0.6711249351501465
3,0.3,0.25,0.25,0.5,6,46,4,4,0.28430885921053173,0.28406081045250703,0.9077861546703496,0.9074068545396609,0.7897360784811976,0.9083491277292126,0.907971490705844,0.7934094346634827,0.5878399019601797,0.5867461156628245,0.320498396315486,0.5879077429223252,0.5868117435177124,0.32235560277843,0.6052631578947368,0.7062797481959158,0.03036555826330614,0.8139858245849609
3,0.3,0.25,0.25,0.5,7,37,2,2,0.3068011020001426,0.30680110200014254,0.5878399019601795,0.5871126581313231,0.3706193494105449,0.5879077429223252,0.5871790535706989,0.3717161405198315,0.8313787680515661,0.83116854713833,0.8470017763599165,0.8321863395202957,0.8319764965397319,0.8493589643652412,0.9064748201438849,0.9419280575539569,0.0013437003589485763,0.9118883609771729
3,0.3,0.25,0.25,0.5,8,49,3,3,0.3029963501593925,0.30294228068840684,0.7477467106917509,0.7469545795137221,0.49398121063433326,0.7481612335885639,0.7473688711868739,0.49755280006294755,0.30830720800886585,0.30684231891308816,0.02823253230738754,0.3078099101773931,0.30634022681614625,0.029926155949019876,0.6052631578947368,0.7062797481959158,0.027250016436988506,1.2923049926757812
3,0.3,0.25,0.25,0.5,9,32,3,3,0.29728791127725174,0.29730737121756895,0.7964599900015984,0.7958463173618422,0.6257449183498832,0.8019282820082536,0.8013325861275414,0.6406540834881669,0.3960108404152614,0.39479911886199737,0.17246448557582922,0.4045942902943182,0.40340372512137557,0.185435262866209,0.8321167883211679,0.8819570162001579,0.006363856931924428,0.6258409023284912
3,0.3,0.25,0.25,0.75,0,113,10,3,0.1437620714199228,0.302390304677467,0.6223149423840705,0.6181717309813985,0.3860235135163491,0.7548712966501103,0.7541043224033087,0.5123044922655382,0.4377384589714956,0.43392554827906515,0.15648584259064932,0.5929240519143224,0.5920661274059542,0.33570984919437624,0.3333333333333333,0.5299417064122947,1.157700058702258,2.8313663005828857
3,0.3,0.25,0.25,0.75,1,37,5,5,0.29615108835549186,0.2959491323549751,1.0,1.0,1.0,1.0,1.0,1.0,0.7382712632211267,0.7374429749388642,0.4728567797325691,0.7375733655715295,0.7367405406672014,0.4724246305454723,0.6052631578947368,0.7062797481959158,0.03214178560236604,0.7445709705352783
3,0.3,0.25,0.25,0.75,2,33,10,3,0.1472223308536385,0.2956233016502086,0.6817278680052072,0.6783396505578594,0.49838661569995857,0.8021489417124285,0.8015540214626932,0.6413806962628472,0.37425601503408473,0.37016647811779757,0.13005763771646076,0.40498555723662094,0.40379607055457106,0.18615098045841807,0.3333333333333333,0.5135246770934503,1.1696907104050283,0.8556790351867676
3,0.3,0.25,0.25,0.75,3,21,4,4,0.3067339251899488,0.3064874011389878,0.8954062905000362,0.8949741370739565,0.7678590267553699,0.897406368541996,0.8969792788487176,0.7526454569778374,0.8211170375901758,0.8206395863666428,0.656672760808659,0.8357447021357429,0.8353020509100345,0.6777225590952062,0.6052631578947368,0.7062797481959158,0.02888206065117043,0.22641539573669434
3,0.3,0.25,0.25,0.75,4,29,10,4,0.13665268846396175,0.21549358934486074,0.6749790863411266,0.6715153848286479,0.4824120770269156,0.9116055475593928,0.9112424542131328,0.8049349549879696,0.37924825399001755,0.3751861256365758,0.12092834809911508,0.5933517525706162,0.5922745061043154,0.3316882713421359,0.3333333333333333,0.5041537888253216,1.1661617043020436,0.6008861064910889
3,0.3,0.25,0.25,0.75,5,31,2,2,0.29845323867529133,0.2984532386752915,0.5923035749787092,0.5915865303510878,0.37932760189374876,0.5936479709519707,0.5929324165216566,0.3829540138806239,0.3623620447897751,0.3615706970695275,0.21309892399116745,0.3614980604274912,0.3607042949307468,0.212808677534589,0.8299319727891157,0.890901124580108,0.004743577789875313,0.45380425453186035
3,0.3,0.25,0.25,0.75,6,22,10,4,0.1808536790619366,0.30815715153160206,0.7786967384107071,0.7763967579447281,0.6128348421783266,0.897406368541996,0.8969792788487176,0.7526454569778374,0.6473067858481326,0.6450673139165398,0.4321809674962127,0.8357447021357429,0.8353020509100346,0.6777225590952062,0.3333333333333333,0.555,0.9803206606460427,0.4019498825073242
3,0.3,0.25,0.25,0.75,7,37,10,3,0.14573781410803652,0.2950836678421322,0.6669787856746838,0.6634126610214818,0.4791301584244763,0.7849276230002521,0.7842712471813089,0.5998687124749003,0.3505110839010475,0.34623572606750375,0.11270350223844482,0.3743048644791923,0.373029329116335,0.14414618051325584,0.3333333333333333,0.5227449671894117,1.1551146983624394,0.8890886306762695
3,0.3,0.25,0.25,0.75,8,21,10,3,0.14355477182125181,0.29265463306098094,0.6614068392580119,0.6578027561477027,0.48868543239076045,0.8021489417124285,0.8015540214626932,0.6413806962628472,0.4920695947060489,0.4887505518698892,0.27009618652869166,0.6640652098143665,0.6633936463526339,0.47901294122685556,0.3333333333333333,0.5299417064122947,1.1360315222754347,0.48816537857055664
3,0.3,0.25,0.25,0.75,9,27,10,3,0.1471197570962275,0.2967719486570608,0.663485268562495,0.6598851104471176,0.49552407003457305,0.7849276230002521,0.7842712471813089,0.5998687124749003,0.49347791787561385,0.49014750094287446,0.2850967219591053,0.6768387497441453,0.6761799567006874,0.527325252875187,0.3333333333333333,0.555,1.1376351338267152,0.5745389461517334
3,0.3,0.25,0.25,1.0,0,98,10,4,0.15317160711655836,0.2934699477323837,0.7189399327983851,0.7161254575627106,0.5646696487775092,0.9116055475593928,0.9112424542131328,0.8049349549879696,0.609743774087349,0.6073725339389519,0.3520596788572972,0.8218349120156893,0.8213629372496292,0.6293450096268156,0.24242424242424243,0.40270155212683945,1.6786350410402413,2.1587133407592773
3,0.3,0.25,0.25,1.0,1,50,10,4,0.14959002665860058,0.2903291631889006,0.6993901026443486,0.6963639106106879,0.5392024535478246,0.897406368541996,0.8969792788487176,0.7526454569778374,0.6028182238155091,0.600389446083361,0.3671044208598063,0.8357447021357429,0.8353020509100345,0.6777225590952062,0.24242424242424243,0.3766833035125718,1.7076519698592194,1.100189447402954
3,0.3,0.25,0.25,1.0,2,1000,10,5,0.1374087053386792,0.2178604351044481,0.7348707982616941,0.7322151027724941,0.5708548628464669,1.0,1.0,1.0,0.4691854878266084,0.4659591031127446,0.20106565531534076,0.7375733655715297,0.7367405406672015,0.4724246305454723,0.24242424242424243,0.3782408362561034,1.7076140320058282,24.63801383972168
3,0.3,0.25,0.25,1.0,3,39,10,4,0.15151504547914768,0.29120777216391547,0.7256014306422999,0.7228533893179446,0.5674973624527959,0.9116055475593928,0.9112424542131328,0.8049349549879696,0.5843329155381146,0.5818069782348335,0.3421110794676764,0.821834912015689,0.8213629372496289,0.6293450096268156,0.24242424242424243,0.38262200424362586,1.6844902251988105,1.1394712924957275
3,0.3,0.25,0.25,1.0,4,42,10,3,0.11180837316592426,0.2799973848250587,0.5963381974926681,0.5921974904861232,0.4257726427820969,0.7889606460971246,0.7883188157233194,0.6085417084158432,0.4322282720783498,0.4286773726072357,0.24513265014390415,0.6444080303082955,0.6436864403758702,0.44488729445134056,0.24242424242424243,0.38262200424362586,1.9828016822684429,1.1702485084533691
3,0.3,0.25,0.25,1.0,5,27,10,4,0.14736360563281903,0.28473710791431817,0.7050538080156519,0.7020942104801468,0.545970989285174,0.9059896953135614,0.9056014712345598,0.78488266182146,0.4377458441292501,0.4343210388532416,0.18401064848166462,0.5839573365525113,0.5828476636274899,0.3153687444426345,0.24242424242424243,0.363000363000363,1.7070732479313193,0.5753531455993652
3,0.3,0.25,0.25,1.0,6,113,10,3,0.10897851702302386,0.2699593575924802,0.5653103440357409,0.5608513238822529,0.4073432493906331,0.789789857030486,0.789150994948784,0.6112350182388241,0.4413762158192056,0.4378824963069983,0.24169103452277405,0.6668307613228105,0.6661552998165208,0.4990750972068573,0.24242424242424243,0.3951319740793425,1.9817696755701069,2.6925649642944336
3,0.3,0.25,0.25,1.0,7,26,10,4,0.13282323786135805,0.2709075934505352,0.671073246162535,0.6677701161558316,0.501997624604203,0.9000920107272863,0.8996771460213145,0.7622414951112423,0.42347860584813973,0.41996360461958854,0.17054214418989574,0.5740608484987776,0.5729166889125226,0.29646770121656035,0.24242424242424243,0.3577584805021628,1.706402346304115,0.6486191749572754
3,0.3,0.25,0.25,1.0,8,50,10,4,0.10536354886575275,0.2058196161197279,0.5987712964771426,0.5946604173743055,0.4255268701773318,0.9083491277292126,0.907971490705844,0.7934094346634827,0.42866899756746374,0.4251009656796069,0.23291494381492767,0.5879077429223252,0.5868117435177124,0.32235560277843,0.24242424242424243,0.39959314152862535,1.9823588398857996,1.311678171157837
3,0.3,0.25,0.25,1.0,9,23,10,5,0.16691613894310017,0.2824281751990821,0.8134475082676962,0.8116214894161916,0.7036152760320507,1.0,1.0,1.0,0.5838610353004715,0.5814003108150629,0.29823475029398094,0.7375733655715295,0.7367405406672014,0.4724246305454723,0.24242424242424243,0.4888182818037394,1.4018001916795257,0.6646783351898193
3,0.3,0.25,0.5,0.0,0,111,3,3,0.29582723972303343,0.2956706898560772,0.7904764725728854,0.7898414931742513,0.6114464079728974,0.7852802150932446,0.7846251091678986,0.6010060305727019,0.3853655540302216,0.3841240709865136,0.15803176243484104,0.3749359727893116,0.37366222508626973,0.14532804951821357,0.6052631578947368,0.7062797481959158,0.027350473778740822,3.387446165084839
3,0.3,0.25,0.5,0.0,1,36,3,3,0.29582723972303326,0.2956706898560769,0.7904764725728854,0.7898414931742513,0.6114464079728974,0.7852802150932446,0.7846251091678986,0.6010060305727019,0.3853655540302216,0.3841240709865136,0.15803176243484104,0.3749359727893116,0.37366222508626973,0.14532804951821357,0.6052631578947368,0.7062797481959158,0.027350473778740822,0.824225664138794
3,0.3,0.25,0.5,0.0,2,34,4,4,0.2913748138964656,0.2912005202031929,0.9090437908389912,0.9086701087019787,0.7943429996270311,0.9137594533047027,0.9134059329538328,0.8127690521941776,0.5899415552536014,0.588855002678303,0.3242424970402004,0.5969473729725019,0.5958824465842398,0.33795995639299703,0.8082191780821918,0.8819570162001579,0.009788632179600631,0.7698521614074707
3,0.3,0.25,0.5,0.0,3,112,4,4,0.30225652517010054,0.30219976768382184,0.9062134325366954,0.9058270894842647,0.7840181975146335,0.9059896953135614,0.9056014712345598,0.78488266182146,0.5852097082025101,0.5841068448379702,0.31582286357372535,0.5839573365525113,0.5828476636274899,0.3153687444426345,0.6052631578947368,0.7062797481959158,0.02871701035468983,3.4449496269226074
3,0.3,0.25,0.5,0.0,4,16,4,4,0.3033095950933378,0.30324649544915616,0.908286786541069,0.9079097241974984,0.7915753497024844,0.9083491277292126,0.907971490705844,0.7934094346634827,0.5886766846770783,0.5875857803902927,0.3219956443730734,0.5879077429223252,0.5868117435177124,0.32235560277843,0.6052631578947368,0.7062797481959158,0.029543343177045198,0.10881304740905762
3,0.3,0.25,0.5,0.0,5,32,4,4,0.3042848217540427,0.30446028467943215,0.9075030477238635,0.9071224809899361,0.7887321917624809,0.9116055475593928,0.9112424542131328,0.8049349549879696,0.8265696202747511,0.8261092144636512,0.6445372756707703,0.8218349120156893,0.8213629372496292,0.6293450096268156,0.8561151079136691,0.9065837790068717,0.006044403466607645,0.5336990356445312
3,0.3,0.25,0.5,0.0,6,34,3,3,0.2947987351415507,0.2948250570627074,0.7964875200702813,0.7958739447619763,0.6258352922217565,0.8021489417124285,0.8015540214626932,0.6413806962628472,0.3960597378169803,0.394848151817842,0.17255484581567282,0.40498555723662094,0.40379607055457106,0.18615098045841807,0.8181818181818182,0.8868339270825438,0.006930508702457119,0.8599708080291748
3,0.3,0.25,0.5,0.0,7,19,4,4,0.30225652517010065,0.30219976768382184,0.9062134325366954,0.9058270894842647,0.7840181975146335,0.9059896953135614,0.9056014712345598,0.78488266182146,0.5852097082025101,0.5841068448379702,0.31582286357372535,0.5839573365525113,0.5828476636274899,0.3153687444426345,0.6052631578947368,0.7062797481959158,0.028717010354689834,0.20918035507202148
3,0.3,0.25,0.5,0.0,8,25,3,3,0.31164303676596344,0.31171724552657604,0.7354729417434915,0.734633884876582,0.4668474983380486,0.7250071641342934,0.7241254949570672,0.44647024161769056,0.5905045206689103,0.5896255270955594,0.33968742050835304,0.5880574779608788,0.5871603983222972,0.34186166083827674,0.6052631578947368,0.7062797481959158,0.02737157369703805,0.5573074817657471
3,0.3,0.25,0.5,0.0,9,18,4,4,0.3075619917035833,0.3073762154095663,0.902462641840836,0.9020594281071008,0.7700580044778049,0.897406368541996,0.8969792788487176,0.7526454569778374,0.8315072837959879,0.8310572568623775,0.6618054094433068,0.8357447021357429,0.8353020509100345,0.6777225590952062,0.6052631578947368,0.7062797481959158,0.029129768964001455,0.1448056697845459
3,0.3,0.25,0.5,0.25,0,39,3,3,0.2800701474966644,0.2797651948227627,0.7912521513553256,0.7906199474689949,0.6130686761259063,0.7916267295012034,0.790994464710824,0.6144266258107057,0.38674755523813903,0.38550995740896166,0.15968300374862238,0.38627454010806195,0.38503290040672733,0.15913988880652757,0.8082191780821918,0.8819570162001579,0.008520985535429546,1.0927207469940186
3,0.3,0.25,0.5,0.25,1,40,4,4,0.3075619917035833,0.3073762154095663,0.902462641840836,0.9020594281071008,0.7700580044778049,0.897406368541996,0.8969792788487176,0.7526454569778374,0.8315072837959879,0.8310572568623775,0.6618054094433068,0.8357447021357429,0.8353020509100345,0.6777225590952062,0.6052631578947368,0.7062797481959158,0.02912976896400146,1.0451412200927734
3,0.3,0.25,0.5,0.25,2,64,2,2,0.29845323867529133,0.2984532386752915,0.5923035749787092,0.5915865303510878,0.37932760189374876,0.5936479709519707,0.5929324165216566,0.3829540138806239,0.3623620447897751,0.3615706970695275,0.21309892399116745,0.3614980604274912,0.3607042949307468,0.212808677534589,0.8299319727891157,0.890901124580108,0.004743577789875313,1.7409791946411133
3,0.3,0.25,0.5,0.25,3,13,4,4,0.3042848217540427,0.30446028467943204,0.9075030477238635,0.9071224809899361,0.7887321917624809,0.9116055475593928,0.9112424542131328,0.8049349549879696,0.8265696202747513,0.8261092144636513,0.6445372756707703,0.821834912015689,0.8213629372496289,0.6293450096268156,0.8561151079136691,0.9065837790068717,0.00604440346660764,0.07555747032165527
3,0.3,0.25,0.5,0.25,4,111,4,4,0.3022565251701005,0.30219976768382173,0.9062134325366955,0.9058270894842648,0.7840181975146335,0.9059896953135614,0.9056014712345598,0.78488266182146,0.5852097082025102,0.5841068448379703,0.31582286357372535,0.5839573365525113,0.5828476636274899,0.3153687444426345,0.6052631578947368,0.7062797481959158,0.028717010354689834,3.5134291648864746
3,0.3,0.25,0.5,0.25,5,40,3,3,0.29965609163136636,0.2994088774763782,0.7894055587341606,0.7887667457732628,0.6089106796367217,0.7889606460971244,0.7883188157233192,0.6085417084158432,0.6707786783405367,0.6701128855814311,0.5067592679602066,0.6827081189134145,0.6820642499665682,0.536681216439622,0.8181818181818182,0.8868339270825438,0.006516934489413376,1.1144897937774658
3,0.3,0.25,0.5,0.25,6,40,3,3,0.29505135991277176,0.2953021663146493,0.7893604470334368,0.7887214729506181,0.6087639900510177,0.7889606460971246,0.7883188157233194,0.6085417084158432,0.6571211120546576,0.6564276642829949,0.47392307168234943,0.6444080303082955,0.6436864403758702,0.44488729445134056,0.8561151079136691,0.9065837790068717,0.0047767568224365495,1.0871939659118652
3,0.3,0.25,0.5,0.25,7,31,4,4,0.30330959509333777,0.30324649544915616,0.908286786541069,0.9079097241974984,0.7915753497024844,0.9083491277292126,0.907971490705844,0.7934094346634827,0.5886766846770782,0.5875857803902926,0.3219956443730734,0.5879077429223252,0.5868117435177124,0.32235560277843,0.6052631578947368,0.7062797481959158,0.02954334317704521,0.1434338092803955
3,0.3,0.25,0.5,0.25,8,23,4,4,0.30330959509333777,0.30324649544915616,0.908286786541069,0.9079097241974984,0.7915753497024844,0.9083491277292126,0.907971490705844,0.7934094346634827,0.5886766846770783,0.5875857803902927,0.3219956443730734,0.5879077429223252,0.5868117435177124,0.32235560277843,0.6052631578947368,0.7062797481959158,0.0295433431770452,0.18628644943237305
3,0.3,0.25,0.5,0.25,9,15,4,4,0.28999564489917856,0.28967696566936385,0.9041296431413824,0.9037339420232676,0.7760883163884392,0.9000920107272863,0.8996771460213145,0.7622414951112423,0.581721393314461,0.5806064583620326,0.30928567669377277,0.5740608484987776,0.5729166889125226,0.29646770121656035,0.6052631578947368,0.7062797481959158,0.030775249026417022,0.14363598823547363
3,0.3,0.25,0.5,0.5,0,78,2,2,0.30676087177327976,0.30676087177327976,0.5886439109427256,0.587918508065989,0.3721699660878811,0.5843445647456531,0.5836076786123202,0.3649394192885749,0.35909302384762254,0.3582946542970271,0.20757393653979087,0.36733076676218757,0.3665367746994707,0.2249150250260693,0.8181818181818182,0.8868339270825438,0.005104134277844081,2.3821964263916016
3,0.3,0.25,0.5,0.5,1,50,2,2,0.30676087177327976,0.30676087177327976,0.5886439109427256,0.587918508065989,0.3721699660878811,0.5843445647456531,0.5836076786123202,0.3649394192885749,0.35909302384762254,0.3582946542970271,0.20757393653979087,0.36733076676218757,0.3665367746994707,0.2249150250260693,0.8181818181818182,0.8868339270825438,0.005104134277844081,1.427020788192749
3,0.3,0.25,0.5,0.5,2,28,3,3,0.29505135991277176,0.2953021663146494,0.7893604470334368,0.7887214729506181,0.6087639900510177,0.7889606460971246,0.7883188157233194,0.6085417084158432,0.6571211120546576,0.6564276642829949,0.47392307168234943,0.6444080303082955,0.6436864403758702,0.44488729445134056,0.8561151079136691,0.9065837790068717,0.004776756822436555,0.7332684993743896
3,0.3,0.25,0.5,0.5,3,39,4,4,0.28999564489917856,0.28967696566936396,0.9041296431413824,0.9037339420232676,0.7760883163884392,0.9000920107272863,0.8996771460213145,0.7622414951112423,0.5817213933144612,0.5806064583620327,0.30928567669377277,0.5740608484987776,0.5729166889125226,0.29646770121656035,0.6052631578947368,0.7062797481959158,0.030775249026417036,1.0191638469696045
3,0.3,0.25,0.5,0.5,4,30,3,3,0.3034411497477426,0.3031720513147306,0.7919171422000004,0.7912873128296978,0.6146580667163571,0.7916267295012033,0.7909944647108239,0.6144266258107057,0.6744585519968018,0.673802075766916,0.5128575145547655,0.6865809274896539,0.6859468433771049,0.542968341433499,0.8321167883211679,0.8819570162001579,0.006776615541236056,0.7101759910583496
3,0.3,0.25,0.5,0.5,5,29,4,4,0.29268590417882995,0.2924940346636298,0.9032922516795583,0.9028927793128343,0.7730668342239174,0.9037907607564276,0.9033926442098374,0.7752391372397232,0.8306936655910727,0.8302419177365985,0.6589970286474999,0.8294772696226798,0.8290212524311569,0.6564476401607514,0.8082191780821918,0.890901124580108,0.009635346955252855,0.7385754585266113
3,0.3,0.25,0.5,0.5,6,20,4,4,0.30225652517010054,0.3021997676838216,0.9062134325366954,0.9058270894842647,0.7840181975146335,0.9059896953135614,0.9056014712345598,0.78488266182146,0.5852097082025101,0.5841068448379702,0.31582286357372535,0.5839573365525113,0.5828476636274899,0.3153687444426345,0.6052631578947368,0.7062797481959158,0.028717010354689834,0.15442800521850586
3,0.3,0.25,0.5,0.5,7,20,4,4,0.30428482175404264,0.30446028467943204,0.9075030477238635,0.9071224809899361,0.7887321917624809,0.9116055475593928,0.9112424542131328,0.8049349549879696,0.8265696202747513,0.8261092144636513,0.6445372756707703,0.821834912015689,0.8213629372496289,0.6293450096268156,0.8561151079136691,0.9065837790068717,0.006044403466607642,0.20116901397705078
3,0.3,0.25,0.5,0.5,8,28,4,4,0.2926859041788298,0.2924940346636297,0.9032922516795583,0.9028927793128343,0.7730668342239174,0.9037907607564276,0.9033926442098374,0.7752391372397232,0.8306936655910727,0.8302419177365985,0.6589970286474999,0.8294772696226798,0.8290212524311569,0.6564476401607514,0.8082191780821918,0.890901124580108,0.00963534695525285,0.6847550868988037
3,0.3,0.25,0.5,0.5,9,34,4,4,0.2878514609258369,0.28771988979018587,0.9069960203513316,0.9066131841674229,0.7868715044443074,0.9116055475593928,0.9112424542131328,0.8049349549879696,0.5865187721693972,0.5854204295827203,0.3181599924574393,0.5933517525706161,0.5922745061043153,0.3316882713421359,0.8082191780821918,0.8868339270825438,0.009528951127777956,0.9163129329681396
3,0.3,0.25,0.5,0.75,0,42,10,4,0.1180647172680131,0.2210005213395905,0.648645296225928,0.6450113307930235,0.4439675772106,0.9083491277292126,0.907971490705844,0.7934094346634827,0.47869844348142093,0.4754057182343272,0.243886217798008,0.5879077429223252,0.5868117435177124,0.32235560277843,0.3333333333333333,0.49900199600798395,0.7750606481935602,1.2838828563690186
3,0.3,0.25,0.5,0.75,1,42,2,2,0.30254059460160804,0.3025405946016079,0.5933918153386777,0.5926772493795246,0.3814880303054271,0.5976802337166613,0.5969738544387009,0.39109438552078163,0.35018950663915355,0.3493839445111943,0.189828214412545,0.3422002806825873,0.3413858796216768,0.174960691641255,0.8843537414965986,0.9406997358804587,0.001802134265437043,1.1796369552612305
3,0.3,0.25,0.5,0.75,2,111,4,4,0.3033095950933377,0.30324649544915616,0.908286786541069,0.9079097241974984,0.7915753497024844,0.9083491277292126,0.907971490705844,0.7934094346634827,0.5886766846770783,0.5875857803902927,0.3219956443730734,0.5879077429223252,0.5868117435177124,0.32235560277843,0.6052631578947368,0.7062797481959158,0.029543343177045198,3.386132001876831
3,0.3,0.25,0.5,0.75,3,42,10,3,0.1321173969315753,0.2999191887150286,0.6806637979111422,0.6773567584366863,0.5117613554071786,0.7916267295012033,0.7909944647108239,0.6144266258107057,0.5003774591501485,0.49721676187612357,0.2644376595322635,0.6865809274896538,0.6859468433771048,0.542968341433499,0.3333333333333333,0.49900199600798395,0.8007296480723857,1.2761752605438232
3,0.3,0.25,0.5,0.75,4,39,10,3,0.13329719707086057,0.29210077796437844,0.6802510381430766,0.6769495901130603,0.5174106770708781,0.8019282820082536,0.8013325861275414,0.6406540834881669,0.3993269037672209,0.3955406883174097,0.15582041393724574,0.4045942902943182,0.40340372512137557,0.185435262866209,0.3333333333333333,0.49900199600798395,0.7861208018191972,1.1944949626922607
3,0.3,0.25,0.5,0.75,5,50,10,3,0.1254815213236297,0.2961786685367545,0.6089361803735943,0.6047538898893744,0.3815968563772972,0.7375733655715295,0.7367405406672014,0.4724246305454723,0.6299966143947127,0.627561923108486,0.5525491624543609,0.9999999999999999,0.9999999999999999,1.0,0.3333333333333333,0.49900199600798395,0.8031478076730282,1.386359453201294
3,0.3,0.25,0.5,0.75,6,23,10,4,0.1658287991636553,0.3083436072383071,0.7740912787129494,0.7717940669802608,0.5992544736397234,0.897406368541996,0.8969792788487176,0.7526454569778374,0.6329236585976763,0.6306516579563881,0.39906514927555253,0.8357447021357429,0.8353020509100346,0.6777225590952062,0.3333333333333333,0.49900199600798395,0.6478933106186371,0.5955665111541748
3,0.3,0.25,0.5,0.75,7,31,5,5,0.29615108835549186,0.29594913235497516,1.0,1.0,1.0,1.0,1.0,1.0,0.7382712632211268,0.7374429749388643,0.4728567797325691,0.7375733655715297,0.7367405406672015,0.4724246305454723,0.6052631578947368,0.7062797481959158,0.03214178560236604,0.790977954864502
3,0.3,0.25,0.5,0.75,8,58,4,4,0.3033095950933378,0.3032464954491562,0.908286786541069,0.9079097241974984,0.7915753497024844,0.9083491277292126,0.907971490705844,0.7934094346634827,0.5886766846770783,0.5875857803902927,0.3219956443730734,0.5879077429223252,0.5868117435177124,0.32235560277843,0.6052631578947368,0.7062797481959158,0.0295433431770452,1.708272933959961
3,0.3,0.25,0.5,0.75,9,109,4,4,0.3033095950933377,0.3032464954491562,0.908286786541069,0.9079097241974984,0.7915753497024844,0.9083491277292126,0.907971490705844,0.7934094346634827,0.5886766846770782,0.5875857803902926,0.3219956443730734,0.5879077429223252,0.5868117435177124,0.32235560277843,0.6052631578947368,0.7062797481959158,0.029543343177045198,3.4317266941070557
3,0.3,0.25,0.5,1.0,0,39,10,3,0.10979349370401655,0.28602564384253953,0.608750707303005,0.6048467565306366,0.46231920163921764,0.789789857030486,0.789150994948784,0.6112350182388241,0.45872984988426435,0.4554540243219079,0.24164511132083538,0.6668307613228105,0.6661552998165208,0.4990750972068573,0.24242424242424243,0.4202122071646181,1.3874178411022553,1.1755807399749756
3,0.3,0.25,0.5,1.0,1,62,10,4,0.13766090183547516,0.2884247531288816,0.7131329708144364,0.710308905557382,0.5412154042980706,0.9116055475593928,0.9112424542131328,0.8049349549879696,0.573027003602639,0.5704841136774507,0.3172100559927606,0.8218349120156893,0.8213629372496292,0.6293450096268156,0.24242424242424243,0.4078152226300374,1.1922803657888967,1.9078009128570557
3,0.3,0.25,0.5,1.0,2,29,10,5,0.15817341285251552,0.2880579688461828,0.8136989080042341,0.8118978873485868,0.6851474497769422,1.0,1.0,1.0,0.5860260027747014,0.5836133074681388,0.2823731826694461,0.7375733655715297,0.7367405406672015,0.4724246305454723,0.24242424242424243,0.4202122071646181,0.9727987299831309,0.817828893661499
3,0.3,0.25,0.5,1.0,3,59,10,4,0.11308410420950633,0.2651119554796147,0.6723417247842042,0.669108130246624,0.5049445660066016,0.9083491277292126,0.907971490705844,0.7934094346634827,0.4288793851609192,0.4254679288236599,0.17887108695112783,0.5879077429223252,0.5868117435177124,0.32235560277843,0.24242424242424243,0.4202122071646181,1.1836123135937666,1.7278664112091064
3,0.3,0.25,0.5,1.0,4,65,10,3,0.10193000609111452,0.2780598207609319,0.6141754647463779,0.6102962905821914,0.4359229099409291,0.7849276230002521,0.7842712471813089,0.5998687124749003,0.4614551737620427,0.4581658434172217,0.2608871003547127,0.6768387497441453,0.6761799567006874,0.527325252875187,0.24242424242424243,0.3989229081480004,1.4036037504180818,1.9964492321014404
3,0.3,0.25,0.5,1.0,5,39,10,3,0.10076177296222935,0.28560082081119065,0.5805542359568779,0.5763525804004925,0.39165187363262133,0.7921997857472497,0.7915695648752535,0.6162892627615703,0.42171634197549046,0.41820000455512957,0.22148955203097384,0.6492493065110276,0.6485401515758276,0.45307203333420376,0.24242424242424243,0.41813965864598773,1.4127549501465804,1.122971773147583
3,0.3,0.25,0.5,1.0,6,115,10,4,0.12449396680347727,0.26530335723519716,0.6739737410077264,0.670756407317996,0.4966397459173607,0.9059896953135614,0.9056014712345598,0.78488266182146,0.39112541461660105,0.38748862656609184,0.15686308977626715,0.5839573365525113,0.5828476636274899,0.3153687444426345,0.24242424242424243,0.3855996073894906,1.2054718281771963,2.6733999252319336
3,0.3,0.25,0.5,1.0,7,46,10,3,0.09956259363493486,0.28078234220225834,0.5848867948585377,0.5807277823380967,0.4132694780716898,0.7889606460971246,0.7883188157233194,0.6085417084158432,0.4235263065580156,0.42002020605090723,0.228475649092319,0.6444080303082955,0.6436864403758702,0.44488729445134056,0.24242424242424243,0.4078152226300374,1.405730666635662,0.96164870262146
3,0.3,0.25,0.5,1.0,8,25,10,3,0.10069752933856954,0.27834420470381344,0.5888090787235358,0.5846892125118934,0.42297713280146015,0.792676458447326,0.7920479364188314,0.6178455857756018,0.44701937604604663,0.4436560065379035,0.2147193688793365,0.6710761095271227,0.670411439649869,0.5060781026638148,0.24242424242424243,0.38710585585585583,1.4078407273363172,0.6389503479003906
3,0.3,0.25,0.5,1.0,9,51,10,4,0.11956536001555866,0.25811823645351684,0.6706857830260075,0.667421346181846,0.4982192382463213,0.9083491277292126,0.907971490705844,0.7934094346634827,0.4014357688910761,0.3978411561521787,0.16021745582864017,0.5879077429223252,0.5868117435177124,0.32235560277843,0.24242424242424243,0.3902819787296321,1.1962123231255402,1.1298925876617432
3,0.3,0.25,0.75,0.0,0,114,10,3,0.16828908862439296,0.2970191178005631,0.6630696094710151,0.659324187713406,0.4920721075335927,0.7852802150932446,0.7846251091678986,0.6010060305727019,0.33347994669338843,0.32889555324842673,0.1111177058747911,0.3749359727893116,0.37366222508626973,0.14532804951821357,0,0.0,inf,2.638530969619751
3,0.3,0.25,0.75,0.0,1,115,10,3,0.1672866397391939,0.29380028134516356,0.6753919783342934,0.671789380280351,0.507782795123575,0.7889606460971244,0.7883188157233192,0.6085417084158432,0.5169341881110029,0.5136182560758156,0.31669772136921526,0.6827081189134145,0.6820642499665682,0.536681216439622,0,0.0,inf,2.516261100769043
3,0.3,0.25,0.75,0.0,2,43,2,2,0.3068011020001426,0.30680110200014254,0.5878399019601795,0.5871126581313231,0.3706193494105449,0.5879077429223252,0.5871790535706989,0.3717161405198315,0.8313787680515661,0.83116854713833,0.8470017763599165,0.8321863395202957,0.8319764965397319,0.8493589643652412,0.9064748201438849,0.9419280575539569,0.0013437003589485755,1.026892900466919
3,0.3,0.25,0.75,0.0,3,109,10,3,0.16931616556393625,0.29483170251364166,0.6780817888205022,0.6745251389260224,0.5154938027462921,0.8019282820082536,0.8013325861275414,0.6406540834881669,0.36544521258041524,0.361113608028722,0.13562428164152968,0.4045942902943182,0.40340372512137557,0.185435262866209,0,0.0,inf,2.780933380126953
3,0.3,0.25,0.75,0.0,4,1000,10,3,0.16846876606478522,0.2899111772683515,0.6655516826064841,0.6618488659958136,0.5123345597793619,0.792676458447326,0.7920479364188314,0.6178455857756018,0.5317790543714754,0.5285746270637435,0.35184934531816336,0.6710761095271227,0.670411439649869,0.5060781026638148,0,0.0,inf,21.58734703063965
3,0.3,0.25,0.75,0.0,5,110,10,3,0.16868559772147415,0.2964429552925504,0.676252366241575,0.6726752137174398,0.5106154181573318,0.8019282820082536,0.8013325861275414,0.6406540834881669,0.3611356481390263,0.35677418733786703,0.1291849069328086,0.4045942902943182,0.40340372512137557,0.185435262866209,0,0.0,inf,3.544767141342163
3,0.3,0.25,0.75,0.0,6,42,10,3,0.169807965542712,0.29476686410913255,0.681427528306723,0.677907557185983,0.5154245937030582,0.8019282820082536,0.8013325861275414,0.6406540834881669,0.35873505989279186,0.35435721052416097,0.13164626807374172,0.4045942902943182,0.40340372512137557,0.185435262866209,0,0.0,inf,0.9993569850921631
3,0.3,0.25,0.75,0.0,7,29,4,4,0.30225652517010054,0.30219976768382173,0.9062134325366954,0.9058270894842647,0.7840181975146335,0.9059896953135614,0.9056014712345598,0.78488266182146,0.5852097082025101,0.5841068448379702,0.31582286357372535,0.5839573365525113,0.5828476636274899,0.3153687444426345,0.6052631578947368,0.7062797481959158,0.028717010354689834,0.7055976390838623
3,0.3,0.25,0.75,0.0,8,60,10,4,0.17263728364595932,0.24091062723196258,0.7001812906905815,0.6968702340932252,0.5114839128555124,0.9059896953135614,0.9056014712345598,0.78488266182146,0.52502024960734,0.5217796602932838,0.2975405584643666,0.5839573365525113,0.5828476636274899,0.3153687444426345,0,0.0,inf,1.892524003982544
3,0.3,0.25,0.75,0.0,9,22,4,4,0.3042848217540427,0.30446028467943204,0.9075030477238635,0.9071224809899361,0.7887321917624809,0.9116055475593928,0.9112424542131328,0.8049349549879696,0.8265696202747511,0.8261092144636512,0.6445372756707703,0.8218349120156893,0.8213629372496292,0.6293450096268156,0.8561151079136691,0.9065837790068717,0.00604440346660764,0.32943081855773926
3,0.3,0.25,0.75,0.25,0,33,10,4,0.14700607477409083,0.2423432504872343,0.6674831913685939,0.6639378557028821,0.48452189956844555,0.897406368541996,0.8969792788487176,0.7526454569778374,0.5058850325679715,0.5026496416720911,0.317920352437084,0.8357447021357429,0.8353020509100346,0.6777225590952062,0.3333333333333333,0.5544005544005544,1.1285914957934422,0.9735414981842041
3,0.3,0.25,0.75,0.25,1,40,10,3,0.14782883384516984,0.2968651470684021,0.6678841194972661,0.6643310219037968,0.501521197982836,0.7849276230002521,0.7842712471813089,0.5998687124749003,0.49522866325831827,0.4919097575948271,0.28588329297091214,0.6768387497441453,0.6761799567006874,0.527325252875187,0.3333333333333333,0.555,1.1496479351201425,1.198899269104004
3,0.3,0.25,0.75,0.25,2,54,10,4,0.13745075553207126,0.22162431957628173,0.6647336946146033,0.6611526651915147,0.46801334460223015,0.8974063685419958,0.8969792788487174,0.7526454569778374,0.36068843492398095,0.3564931724144004,0.10837971889223046,0.5695438300688878,0.5683837947232321,0.28830015171599577,0.3333333333333333,0.555,1.1270679083584711,1.589573860168457
3,0.3,0.25,0.75,0.25,3,23,10,4,0.15149949938206395,0.23475604960480354,0.6896922412862884,0.6863719726443039,0.47823153512692584,0.9059896953135614,0.9056014712345598,0.78488266182146,0.37891577919679265,0.37483137908783,0.11283929024063903,0.5839573365525113,0.5828476636274899,0.3153687444426345,0.3333333333333333,0.555,1.150706742181315,0.6677803993225098
3,0.3,0.25,0.75,0.25,4,23,10,3,0.1478949256321575,0.29687249061894994,0.6699576923571993,0.6664267786072948,0.5036974753413809,0.7849276230002521,0.7842712471813089,0.5998687124749003,0.497793955734017,0.49449191704197676,0.2873880375152384,0.6768387497441453,0.6761799567006874,0.527325252875187,0.3333333333333333,0.555,1.1496479351201425,0.6931445598602295
3,0.3,0.25,0.75,0.25,5,27,4,4,0.30428482175404253,0.30446028467943204,0.9075030477238635,0.9071224809899361,0.7887321917624809,0.9116055475593928,0.9112424542131328,0.8049349549879696,0.8265696202747513,0.8261092144636513,0.6445372756707703,0.8218349120156893,0.8213629372496292,0.6293450096268156,0.8561151079136691,0.9065837790068717,0.006044403466607645,0.5830686092376709
3,0.3,0.25,0.75,0.25,6,31,10,4,0.1496952237310336,0.23687639676130473,0.667315879355387,0.663714595475622,0.4250521218254439,0.9116055475593928,0.9112424542131328,0.8049349549879696,0.5027578087101353,0.49944068076935816,0.2529287932899745,0.8218349120156893,0.8213629372496292,0.6293450096268156,0.3333333333333333,0.5185041156264177,1.134092156595932,0.9008934497833252
3,0.3,0.25,0.75,0.25,7,35,10,4,0.14791377318608523,0.2435993177893336,0.6791076591824519,0.6756858982298661,0.490198203793796,0.897406368541996,0.8969792788487176,0.7526454569778374,0.5127943307867102,0.5096037608897654,0.32171966198049984,0.8357447021357429,0.8353020509100346,0.6777225590952062,0.3333333333333333,0.5544005544005544,1.1285511297880781,1.0222129821777344
3,0.3,0.25,0.75,0.25,8,85,10,3,0.14948910668754195,0.2976053085117249,0.6612234537674644,0.6575973056643794,0.48222339518333196,0.7852802150932446,0.7846251091678986,0.6010060305727019,0.34356025806495233,0.33924149846095136,0.11526900612718906,0.3749359727893116,0.37366222508626973,0.14532804951821357,0.3333333333333333,0.555,1.1546155478822064,2.268517017364502
3,0.3,0.25,0.75,0.25,9,111,10,3,0.13265360368182663,0.2696190307737118,0.6139306055974291,0.6097918280679149,0.46054800568245846,0.7926764584473263,0.7920479364188315,0.6178455857756018,0.4925781264641424,0.48923342905771455,0.28972375634437225,0.6710761095271227,0.670411439649869,0.5060781026638148,0.3333333333333333,0.555,1.1188929312161944,3.4865617752075195
3,0.3,0.25,0.75,0.5,0,33,10,3,0.1291750109892038,0.2927898695352078,0.657103496331003,0.6535522000862745,0.48849567627455914,0.7926764584473263,0.7920479364188315,0.6178455857756018,0.5133650949183618,0.5102862510361444,0.3299263678511449,0.6710761095271227,0.670411439649869,0.5060781026638148,0.3333333333333333,0.49900199600798395,0.8022080799872646,0.9225223064422607
3,0.3,0.25,0.75,0.5,1,31,4,4,0.3075619917035832,0.3073762154095664,0.902462641840836,0.9020594281071008,0.7700580044778049,0.897406368541996,0.8969792788487176,0.7526454569778374,0.8315072837959879,0.8310572568623775,0.6618054094433068,0.8357447021357429,0.8353020509100346,0.6777225590952062,0.6052631578947368,0.7062797481959158,0.029129768964001455,0.662682056427002
3,0.3,0.25,0.75,0.5,2,56,5,5,0.29615108835549186,0.2959491323549751,1.0,1.0,1.0,1.0,1.0,1.0,0.7382712632211267,0.7374429749388642,0.4728567797325691,0.7375733655715295,0.7367405406672014,0.4724246305454723,0.6052631578947368,0.7062797481959158,0.03214178560236605,1.6688926219940186
3,0.3,0.25,0.75,0.5,3,92,4,4,0.3075619917035833,0.3073762154095664,0.902462641840836,0.9020594281071008,0.7700580044778049,0.897406368541996,0.8969792788487176,0.7526454569778374,0.8315072837959878,0.8310572568623774,0.6618054094433068,0.8357447021357429,0.8353020509100345,0.6777225590952062,0.6052631578947368,0.7062797481959158,0.029129768964001462,2.8086302280426025
3,0.3,0.25,0.75,0.5,4,28,4,4,0.30428482175404264,0.30446028467943204,0.9075030477238635,0.9071224809899361,0.7887321917624809,0.9116055475593928,0.9112424542131328,0.8049349549879696,0.8265696202747513,0.8261092144636513,0.6445372756707703,0.8218349120156893,0.8213629372496292,0.6293450096268156,0.8561151079136691,0.9065837790068717,0.006044403466607638,0.6591744422912598
3,0.3,0.25,0.75,0.5,5,94,4,4,0.30756199170358334,0.3073762154095662,0.902462641840836,0.9020594281071008,0.7700580044778049,0.897406368541996,0.8969792788487176,0.7526454569778374,0.8315072837959879,0.8310572568623775,0.6618054094433068,0.8357447021357429,0.8353020509100346,0.6777225590952062,0.6052631578947368,0.7062797481959158,0.029129768964001462,2.976372718811035
3,0.3,0.25,0.75,0.5,6,46,2,2,0.3008090782574572,0.30080907825745745,0.5916192536088873,0.59090064872952,0.37797664007241627,0.5960908120545209,0.5953808212273226,0.38786077858471907,0.34725239205509434,0.34644172825904335,0.18464448020227536,0.33954695184358247,0.33872793912201543,0.17025642675852654,0.9097222222222222,0.9440138888888889,0.0012938978129285903,1.3089475631713867
3,0.3,0.25,0.75,0.5,7,52,4,4,0.3033095950933378,0.3032464954491562,0.908286786541069,0.9079097241974984,0.7915753497024844,0.9083491277292126,0.907971490705844,0.7934094346634827,0.5886766846770783,0.5875857803902927,0.3219956443730734,0.5879077429223252,0.5868117435177124,0.32235560277843,0.6052631578947368,0.7062797481959158,0.029543343177045205,1.5272870063781738
3,0.3,0.25,0.75,0.5,8,28,10,3,0.12480940383457906,0.2908240405700339,0.6429383141230373,0.639241180909978,0.4626161100608328,0.7921997857472497,0.7915695648752535,0.6162892627615703,0.4409070977072054,0.4373708400715688,0.21126817433723113,0.6492493065110276,0.6485401515758276,0.45307203333420376,0.3333333333333333,0.49900199600798395,0.7707015007178527,0.8340559005737305
3,0.3,0.25,0.75,0.5,9,48,4,4,0.28430885921053173,0.28406081045250703,0.9077861546703496,0.9074068545396609,0.7897360784811976,0.9083491277292126,0.907971490705844,0.7934094346634827,0.5878399019601797,0.5867461156628245,0.320498396315486,0.5879077429223252,0.5868117435177124,0.32235560277843,0.6052631578947368,0.7062797481959158,0.030365558263306138,1.3417439460754395
3,0.3,0.25,0.75,0.75,0,32,10,4,0.14726040862331624,0.2983167961710654,0.7539953440423187,0.7515589833999092,0.5975229096239149,0.9116055475593928,0.9112424542131328,0.8049349549879696,0.590958095775243,0.5885045049601356,0.33504810496489423,0.8218349120156893,0.8213629372496292,0.6293450096268156,0.3333333333333333,0.427715996578272,0.815052493298546,0.6448256969451904
3,0.3,0.25,0.75,0.75,1,111,10,3,0.11081887501480972,0.30157678046012754,0.6242868316587127,0.620402846750368,0.38454845980829994,0.7595386266093844,0.7587891678710779,0.523012647821584,0.4293897202113515,0.4257851242845093,0.1333876730069101,0.6000310519393101,0.5991924558208827,0.34859032320172656,0.3333333333333333,0.427715996578272,1.0022756823300227,3.6006789207458496
3,0.3,0.25,0.75,0.75,2,115,4,4,0.3033095950933377,0.3032464954491563,0.908286786541069,0.9079097241974984,0.7915753497024844,0.9083491277292126,0.907971490705844,0.7934094346634827,0.5886766846770782,0.5875857803902926,0.3219956443730734,0.5879077429223252,0.5868117435177124,0.32235560277843,0.6052631578947368,0.7062797481959158,0.029543343177045198,3.49348521232605
3,0.3,0.25,0.75,0.75,3,78,10,3,0.10999383063775128,0.29145044754849986,0.6279836687400787,0.6242291946160958,0.4658496378800814,0.789789857030486,0.789150994948784,0.6112350182388241,0.4763507961753283,0.4731380507844126,0.2451393930087725,0.6668307613228105,0.6661552998165208,0.4990750972068573,0.3333333333333333,0.427715996578272,0.935909530924832,2.3504586219787598
3,0.3,0.25,0.75,0.75,4,27,10,4,0.15301660755912458,0.3083816618362107,0.7731401300480407,0.7708718326887142,0.5936204833016218,0.897406368541996,0.8969792788487176,0.7526454569778374,0.621682566738325,0.6193870537561853,0.3704596738058259,0.8357447021357429,0.8353020509100345,0.6777225590952062,0.3333333333333333,0.427715996578272,0.76926833496249,0.8113596439361572
3,0.3,0.25,0.75,0.75,5,63,10,4,0.14809013071959434,0.3014453744180904,0.7434417181873668,0.74089238125338,0.584351221551761,0.897406368541996,0.8969792788487176,0.7526454569778374,0.5932780798117415,0.5908286053400279,0.34638468148010415,0.8357447021357429,0.8353020509100345,0.6777225590952062,0.3333333333333333,0.427715996578272,0.8375996468624625,1.9914004802703857
3,0.3,0.25,0.75,0.75,6,114,10,3,0.11294593498926768,0.29405526079383076,0.6790685443256009,0.675832751595251,0.4895929683097726,0.8021489417124285,0.8015540214626932,0.6413806962628472,0.39873753387744626,0.39505286487446845,0.1467090312187164,0.40498555723662094,0.40379607055457106,0.18615098045841807,0.3333333333333333,0.427715996578272,0.9980341793218752,3.693105459213257
3,0.3,0.25,0.75,0.75,7,35,4,4,0.30330959509333777,0.30324649544915616,0.908286786541069,0.9079097241974984,0.7915753497024844,0.9083491277292126,0.907971490705844,0.7934094346634827,0.5886766846770783,0.5875857803902927,0.3219956443730734,0.5879077429223252,0.5868117435177124,0.32235560277843,0.6052631578947368,0.7062797481959158,0.029543343177045198,0.9623491764068604
3,0.3,0.25,0.75,0.75,8,30,10,4,0.1364416512207084,0.28495716308574054,0.7443515824863167,0.7418230035555271,0.5881559048237679,0.9137594533047027,0.9134059329538328,0.8127690521941776,0.4937670005768617,0.4907351604678984,0.217747614109301,0.5969473729725019,0.5958824465842398,0.33795995639299703,0.3333333333333333,0.427715996578272,0.8304563173670314,0.8546075820922852
3,0.3,0.25,0.75,0.75,9,50,10,3,0.11444552211619931,0.2871649801603547,0.6811818156790918,0.6779617553356033,0.5134811362148262,0.7889606460971244,0.7883188157233192,0.6085417084158432,0.48995625565869816,0.4868240628728507,0.23726827370617973,0.6827081189134145,0.6820642499665682,0.536681216439622,0.3333333333333333,0.427715996578272,0.9829811745891743,1.0973544120788574
3,0.3,0.25,0.75,1.0,0,47,10,5,0.14291799271191669,0.2825310874929418,0.7989483502067267,0.7970237297759694,0.6409580299576287,1.0,1.0,1.0,0.5512841265062525,0.5486988212869045,0.2531684279413765,0.7375733655715297,0.7367405406672015,0.4724246305454723,0.24242424242424243,0.36849378166743435,0.9536808921621682,0.9254052639007568
3,0.3,0.25,0.75,1.0,1,106,10,3,0.09175681055187211,0.2802096854881086,0.5999261144269893,0.5959792812842677,0.4171911230234632,0.7849276230002521,0.7842712471813089,0.5998687124749003,0.4143999344729662,0.4109028184965392,0.19063483797522446,0.6768387497441453,0.6761799567006874,0.527325252875187,0.24242424242424243,0.36849378166743435,1.3785680023990046,2.3658158779144287
3,0.3,0.25,0.75,1.0,2,113,10,4,0.10887662713309294,0.2700663988990168,0.7110674274407693,0.7082681735973401,0.5456518632796445,0.9137594533047027,0.9134059329538328,0.8127690521941776,0.4505671353422206,0.4473561309268935,0.19865093495627784,0.5969473729725019,0.5958824465842398,0.33795995639299703,0.24242424242424243,0.36849378166743435,1.1775940258381685,2.735854148864746
3,0.3,0.25,0.75,1.0,3,24,10,4,0.12978495280189975,0.29227355647921216,0.6997764674344692,0.6968441654423643,0.514031174955225,0.897406368541996,0.8969792788487176,0.7526454569778374,0.592849432244462,0.5904467697489736,0.3162515687536474,0.8357447021357429,0.8353020509100345,0.6777225590952062,0.24242424242424243,0.36849378166743435,1.1650572465993325,0.46166348457336426
3,0.3,0.25,0.75,1.0,4,42,10,4,0.13153959089979778,0.2899720004427157,0.725810786641536,0.7231327634710197,0.5433113289980214,0.897406368541996,0.8969792788487176,0.7526454569778374,0.592849432244462,0.5904467697489736,0.3162515687536474,0.8357447021357429,0.8353020509100346,0.6777225590952062,0.24242424242424243,0.36849378166743435,1.1650572465993325,1.0586624145507812
3,0.3,0.25,0.75,1.0,5,114,10,3,0.09417292522156719,0.2799292482300983,0.605029395905469,0.6011534204258643,0.4422016926028324,0.7926764584473263,0.7920479364188315,0.6178455857756018,0.45979697082331866,0.4565912890304264,0.21665522651905464,0.6710761095271227,0.670411439649869,0.5060781026638148,0.24242424242424243,0.36849378166743435,1.3873949681389743,2.741022825241089
3,0.3,0.25,0.75,1.0,6,91,10,4,0.11296047058505508,0.27281058800045804,0.6582296490641711,0.6549088983427181,0.48900247357399096,0.9037907607564276,0.9033926442098374,0.7752391372397232,0.5705436739030793,0.5680251159525067,0.29564779396779045,0.8294772696226798,0.8290212524311569,0.6564476401607514,0.24242424242424243,0.36849378166743435,1.1961965416309406,2.908884286880493
3,0.3,0.25,0.75,1.0,7,115,10,4,0.11198276140058229,0.2700981454894263,0.6871132162755691,0.6840803137472106,0.519605515936773,0.9116055475593928,0.9112424542131328,0.8049349549879696,0.4437672204179671,0.4405144496129535,0.1846435385047424,0.5933517525706162,0.5922745061043154,0.3316882713421359,0.24242424242424243,0.36849378166743435,1.179858206688557,3.40993595123291
3,0.3,0.25,0.75,1.0,8,113,10,3,0.08196457109595066,0.2692995081992492,0.5283057381101846,0.523612587463173,0.328696536052355,0.7548712966501103,0.7541043224033086,0.5123044922655382,0.39190872721044023,0.388239694805694,0.12957469060121868,0.5929240519143224,0.5920661274059542,0.33570984919437624,0.21686746987951808,0.33889689062102857,1.4141699694634773,3.6682183742523193
3,0.3,0.25,0.75,1.0,9,58,10,3,0.0828270028269554,0.27381771207707356,0.5812914025570374,0.5771862848720346,0.3823183457615721,0.8021489417124285,0.8015540214626932,0.6413806962628472,0.4466725972539425,0.44339268119441705,0.21891652457067834,0.6640652098143665,0.6633936463526339,0.47901294122685556,0.24242424242424243,0.36849378166743435,1.4093629462738773,1.4691274166107178
3,0.3,0.25,1.0,0.0,0,49,10,4,0.1350143723654778,0.24759163223621258,0.6628090154540532,0.6593604355065296,0.509741589453028,0.9137594533047027,0.9134059329538328,0.8127690521941776,0.44054320758640525,0.437058987997276,0.19654847877989567,0.5969473729725019,0.5958824465842398,0.33795995639299703,0,0.0,inf,1.0079634189605713
3,0.3,0.25,1.0,0.0,1,23,10,4,0.15403103592024617,0.28337269580592955,0.6934173831456721,0.6902805164525126,0.5393302733283996,0.9116055475593928,0.9112424542131328,0.8049349549879696,0.6115629900285472,0.6091426103487332,0.3760415628940615,0.821834912015689,0.8213629372496289,0.6293450096268156,0,0.0,inf,0.4279754161834717
3,0.3,0.25,1.0,0.0,2,34,10,4,0.12488577175016304,0.221744432033584,0.611606676828921,0.6075046426553838,0.418898201353661,0.9083491277292126,0.907971490705844,0.7934094346634827,0.33822245578189014,0.333938418367211,0.10638789822233824,0.5879077429223252,0.5868117435177124,0.32235560277843,0,0.0,inf,0.7023553848266602
3,0.3,0.25,1.0,0.0,3,1000,10,4,0.15943449358205955,0.2824519632688371,0.7250734573625192,0.7222476771624755,0.5589560717073048,0.897406368541996,0.8969792788487176,0.7526454569778374,0.6210026642153192,0.618628036674076,0.3948163754360086,0.8357447021357429,0.8353020509100345,0.6777225590952062,0,0.0,inf,22.20704483985901
3,0.3,0.25,1.0,0.0,4,24,10,3,0.11950366802880064,0.2683010295991546,0.5777854830139079,0.5733364131059855,0.41560060393514103,0.8021489417124285,0.8015540214626932,0.6413806962628472,0.46263403850421075,0.45916507326067135,0.26901388789224084,0.6640652098143665,0.6633936463526339,0.47901294122685556,0,0.0,inf,0.5953550338745117
3,0.3,0.25,1.0,0.0,5,1000,10,4,0.15144010089942775,0.2767785228435207,0.6996484098624932,0.6965675395801447,0.5494796745007485,0.9059896953135614,0.9056014712345598,0.78488266182146,0.4121740861863551,0.4085000731605738,0.178977548083557,0.5839573365525113,0.5828476636274899,0.3153687444426345,0,0.0,inf,23.011476039886475
3,0.3,0.25,1.0,0.0,6,1000,10,4,0.1536044184967774,0.27944547379002155,0.7014172887859565,0.6983545628607126,0.5526713825919188,0.9059896953135614,0.9056014712345598,0.78488266182146,0.41434282915245396,0.41068237114308104,0.18103228413289627,0.5839573365525113,0.5828476636274899,0.3153687444426345,0,0.0,inf,21.477349996566772
3,0.3,0.25,1.0,0.0,7,43,10,4,0.1713358415812002,0.29750331121402673,0.7361255617490079,0.7334133785026979,0.5924858050079369,0.897406368541996,0.8969792788487176,0.7526454569778374,0.6210026642153192,0.618628036674076,0.3948163754360086,0.8357447021357429,0.8353020509100345,0.6777225590952062,0,0.0,inf,1.3230676651000977
3,0.3,0.25,1.0,0.0,8,74,10,4,0.15734336362810222,0.28696339430465667,0.7163347521992676,0.7134242111127518,0.5631005001501006,0.9059896953135614,0.9056014712345598,0.78488266182146,0.4588291744539285,0.45544559139889634,0.2027977845116866,0.5839573365525113,0.5828476636274899,0.3153687444426345,0,0.0,inf,2.124277353286743
3,0.3,0.25,1.0,0.0,9,42,10,3,0.13517385408127017,0.29093589060231173,0.6306681253134498,0.6267759596572674,0.47565388808236314,0.8019282820082536,0.8013325861275414,0.6406540834881669,0.3274486284677239,0.32310650315987244,0.12229451700125696,0.4045942902943182,0.40340372512137557,0.185435262866209,0,0.0,inf,1.24576735496521
3,0.3,0.25,1.0,0.25,0,50,10,4,0.14816914602588194,0.2839715260908297,0.725388188399576,0.7226260797673333,0.549670212017945,0.897406368541996,0.8969792788487176,0.7526454569778374,0.6088223989370444,0.6064328100458066,0.3644294330758748,0.8357447021357429,0.8353020509100346,0.6777225590952062,0.24242424242424243,0.38200744914525825,1.7134794266444469,1.1288771629333496
3,0.3,0.25,1.0,0.25,1,29,10,3,0.10830203139628361,0.2767293994214371,0.5624384326489248,0.5579536289223589,0.39324369062991105,0.7921997857472497,0.7915695648752535,0.6162892627615703,0.39236685528887527,0.38857039565456253,0.19914217254614403,0.6492493065110276,0.6485401515758276,0.45307203333420376,0.24242424242424243,0.35905470688079383,1.9815280301548521,0.6150496006011963
3,0.3,0.25,1.0,0.25,2,25,10,4,0.15576990161908574,0.29458672779185185,0.731556800263139,0.7288567369448907,0.5717636215388845,0.897406368541996,0.8969792788487176,0.7526454569778374,0.6071457865545565,0.6047459557314873,0.3624213522428799,0.8357447021357429,0.8353020509100346,0.6777225590952062,0.24242424242424243,0.38200744914525825,1.7134794266444469,0.6872091293334961
3,0.3,0.25,1.0,0.25,3,76,10,3,0.11749044956040586,0.289374534373408,0.5570073054520481,0.5523909205998498,0.3633890753705285,0.7548712966501103,0.7541043224033086,0.5123044922655382,0.4259657527234467,0.42230600035863014,0.16532401405746244,0.5929240519143224,0.5920661274059542,0.33570984919437624,0.20224719101123595,0.2844950213371266,1.957050949164456,2.3826699256896973
3,0.3,0.25,1.0,0.25,4,47,10,3,0.10870324056943209,0.2689677852772112,0.6070133774098386,0.6029866080660896,0.4243427417132541,0.7916267295012033,0.7909944647108239,0.6144266258107057,0.42427109380539607,0.4206752333322966,0.22899458221991276,0.6865809274896538,0.6859468433771048,0.542968341433499,0.24242424242424243,0.37537537537537535,1.9841858593508916,0.8992824554443359
3,0.3,0.25,1.0,0.25,5,58,10,3,0.11747701862435968,0.28867523788748767,0.5953926850563778,0.5912469519704661,0.4246596071129526,0.7921997857472497,0.7915695648752535,0.6162892627615703,0.42364443531861357,0.42004477572050014,0.23754099722452693,0.6492493065110276,0.6485401515758276,0.45307203333420376,0.24242424242424243,0.38115038115038113,1.9812177507040074,1.6856610774993896
3,0.3,0.25,1.0,0.25,6,30,10,4,0.15432227865587322,0.29395672343514057,0.7226684611930417,0.7198789969203016,0.5590232258561081,0.897406368541996,0.8969792788487176,0.7526454569778374,0.6088223989370444,0.6064328100458066,0.3644294330758748,0.8357447021357429,0.8353020509100345,0.6777225590952062,0.24242424242424243,0.38200744914525825,1.7134794266444473,0.8461241722106934
3,0.3,0.25,1.0,0.25,7,110,10,3,0.10932100994947275,0.2731461965170972,0.5783083133659819,0.5739874152523008,0.4112966095975946,0.7916267295012033,0.7909944647108239,0.6144266258107057,0.4175524110578034,0.41391458735259345,0.23090047125416663,0.6865809274896539,0.6859468433771049,0.542968341433499,0.24242424242424243,0.37537537537537535,1.9841858593508919,3.4023454189300537
3,0.3,0.25,1.0,0.25,8,1000,10,4,0.1390637159053565,0.27635659116618777,0.6931042651202218,0.6900238488888962,0.5265064319088051,0.9059896953135614,0.9056014712345598,0.78488266182146,0.4118355838252599,0.4082516825247604,0.17049907702827322,0.5839573365525113,0.5828476636274899,0.3153687444426345,0.24242424242424243,0.36567933246900036,1.7108222814905223,22.59617567062378
3,0.3,0.25,1.0,0.25,9,25,10,4,0.15431954586002572,0.29389124455692006,0.7227307792413311,0.7199419417778244,0.559681502489879,0.897406368541996,0.8969792788487176,0.7526454569778374,0.6102815088668554,0.6079008332489491,0.3660912930755947,0.8357447021357429,0.8353020509100345,0.6777225590952062,0.24242424242424243,0.38200744914525825,1.7134794266444469,0.6141953468322754
3,0.3,0.25,1.0,0.5,0,34,10,4,0.1130004616459617,0.2574006099712332,0.6542497433224032,0.6508291486172487,0.467107949918161,0.8974063685419958,0.8969792788487174,0.7526454569778374,0.42561109611522235,0.4221698397811995,0.16374937351248103,0.5695438300688878,0.5683837947232321,0.28830015171599577,0.24242424242424243,0.396000396000396,1.2246899386572396,0.7864103317260742
3,0.3,0.25,1.0,0.5,1,45,10,3,0.08386455223872138,0.24147810687318247,0.5904453953905708,0.586352459663551,0.3732879283823727,0.8021489417124285,0.8015540214626932,0.6413806962628472,0.28007851203433454,0.27571332106376734,0.0741787602972524,0.40498555723662094,0.40379607055457106,0.18615098045841807,0.24242424242424243,0.4202122071646181,1.40541633600966,1.2906544208526611
3,0.3,0.25,1.0,0.5,2,38,10,4,0.14161997669821993,0.297871683436477,0.6980180611706792,0.6950319340957675,0.5298653574679164,0.897406368541996,0.8969792788487176,0.7526454569778374,0.5975743275953211,0.5951647619788348,0.3363138314769344,0.8357447021357429,0.8353020509100345,0.6777225590952062,0.24242424242424243,0.40489928130377567,1.1864506187022414,1.0819082260131836
3,0.3,0.25,1.0,0.5,3,39,10,4,0.1426265117822524,0.29041902263516806,0.7381221661412158,0.7355409246496569,0.5681533507771741,0.9083491277292126,0.907971490705844,0.7934094346634827,0.46456084845690326,0.46136725693439434,0.20091166522710005,0.5879077429223252,0.5868117435177124,0.32235560277843,0.24242424242424243,0.4150491955370004,1.1908427638524142,1.153590202331543
3,0.3,0.25,1.0,0.5,4,40,10,3,0.10471317480491248,0.2795676542810091,0.6071782027772168,0.6032326598383492,0.4264419289636202,0.7852802150932446,0.7846251091678986,0.6010060305727019,0.3211019543423922,0.31696042101963234,0.10808184383568643,0.3749359727893116,0.37366222508626973,0.14532804951821357,0.24242424242424243,0.4110574452779776,1.40896858459382,1.0222201347351074
3,0.3,0.25,1.0,0.5,5,46,10,4,0.13794180275903437,0.28833405141356616,0.7188291084574082,0.7160628381605864,0.5473319570358597,0.9116055475593928,0.9112424542131328,0.8049349549879696,0.570041542551127,0.5674827817786391,0.315320655358958,0.8218349120156893,0.8213629372496292,0.6293450096268156,0.24242424242424243,0.4202122071646181,1.182707555505051,0.9054903984069824
3,0.3,0.25,1.0,0.5,6,30,10,5,0.1598777553160583,0.2907118216810362,0.8212885150510425,0.8195608730706725,0.6893106415104518,1.0,1.0,1.0,0.5835019808761929,0.5810745881159746,0.28224293129960265,0.7375733655715297,0.7367405406672015,0.4724246305454723,0.24242424242424243,0.4202122071646181,0.9821769140674228,0.5918264389038086
3,0.3,0.25,1.0,0.5,7,59,10,3,0.08933372494737316,0.2516801405687392,0.5664620474197539,0.5621137868694878,0.38987606973468847,0.789789857030486,0.789150994948784,0.6112350182388241,0.40815214142958234,0.4045478836633639,0.17511786641730243,0.6668307613228105,0.6661552998165208,0.4990750972068573,0.24242424242424243,0.4190236748376283,1.412300270669865,1.8194282054901123
3,0.3,0.25,1.0,0.5,8,53,10,4,0.13893181121754553,0.2893307346948118,0.7199046720511045,0.7171475338915694,0.5492078343424317,0.9116055475593928,0.9112424542131328,0.8049349549879696,0.5703840096075067,0.5678256791132473,0.3164409363244491,0.8218349120156893,0.8213629372496292,0.6293450096268156,0.24242424242424243,0.4202122071646181,1.1959446618096563,1.588125467300415
3,0.3,0.25,1.0,0.5,9,40,10,4,0.12530676670246127,0.270827207981062,0.6739216460133914,0.6707103827083813,0.5007750315718519,0.9083491277292126,0.907971490705844,0.7934094346634827,0.4069748495464034,0.4034414463667663,0.16461345061537835,0.5879077429223252,0.5868117435177124,0.32235560277843,0.24242424242424243,0.4150491955370004,1.2034523241550614,1.1019785404205322
3,0.3,0.25,1.0,0.75,0,34,10,4,0.12980979421986566,0.2867491301276465,0.7420266381533982,0.7395169637214406,0.5563202007888323,0.9083491277292126,0.907971490705844,0.7934094346634827,0.4731345656899879,0.4700401973135883,0.1974545766228896,0.5879077429223252,0.5868117435177124,0.32235560277843,0.24242424242424243,0.36849378166743435,1.1589466898337077,0.7984018325805664
3,0.3,0.25,1.0,0.75,1,111,10,4,0.10691886963423915,0.24805795243345433,0.6611176356368531,0.6577936629743478,0.46912407920024785,0.8974063685419958,0.8969792788487174,0.7526454569778374,0.39394988269121234,0.3903551664559021,0.14490557899912035,0.5695438300688878,0.5683837947232321,0.28830015171599577,0.24242424242424243,0.36849378166743435,1.1981171911840782,3.4760069847106934
3,0.3,0.25,1.0,0.75,2,58,10,5,0.14895970523201138,0.28819199445128346,0.8152110130043239,0.8134422522659448,0.6593698142387104,1.0,1.0,1.0,0.5760220512295047,0.5735795720884038,0.26578382307899584,0.7375733655715297,0.7367405406672015,0.4724246305454723,0.24242424242424243,0.36849378166743435,0.9700626949584709,1.5032727718353271
3,0.3,0.25,1.0,0.75,3,44,10,4,0.12712648416926595,0.2863631683162049,0.7086346989101588,0.7057997103766186,0.5329995914895339,0.897406368541996,0.8969792788487176,0.7526454569778374,0.558590477564999,0.5559974444903331,0.2965648353619847,0.8357447021357429,0.8353020509100346,0.6777225590952062,0.24242424242424243,0.36849378166743435,1.2104221349295208,1.217998743057251
3,0.3,0.25,1.0,0.75,4,45,10,3,0.0913012763637848,0.2825895414020815,0.5718954789381996,0.5676950190321212,0.40107800206637284,0.7926764584473263,0.7920479364188315,0.6178455857756018,0.42948471910781966,0.4260998082127859,0.20225585519108907,0.6710761095271227,0.670411439649869,0.5060781026638148,0.24242424242424243,0.36849378166743435,1.391298696754685,0.9230167865753174
3,0.3,0.25,1.0,0.75,5,117,10,3,0.08543987530095128,0.256837792394021,0.550349151815603,0.545879293442795,0.35204837442037595,0.7595386266093844,0.7587891678710779,0.523012647821584,0.3378562938943539,0.33386539848576274,0.11591335691176129,0.6000310519393101,0.5991924558208827,0.34859032320172656,0.22085889570552147,0.34211426616489904,1.4192295417116743,2.6468348503112793
3,0.3,0.25,1.0,0.75,6,46,10,5,0.1492768423151732,0.28944794547890246,0.8212273424566026,0.8195160030863237,0.6637375990063115,1.0,1.0,1.0,0.5738233726351976,0.5713679442425379,0.26616760586978977,0.7375733655715297,0.7367405406672015,0.4724246305454723,0.24242424242424243,0.36849378166743435,0.9669252392452364,1.0359818935394287
3,0.3,0.25,1.0,0.75,7,31,10,4,0.12619889877886334,0.2842121785319195,0.6936598137939874,0.6906854595468422,0.5255186005205277,0.9059896953135614,0.9056014712345598,0.78488266182146,0.4341033218087611,0.4307874867615541,0.18305851151868327,0.5839573365525113,0.5828476636274899,0.3153687444426345,0.24242424242424243,0.36849378166743435,1.2048323137175032,0.6709978580474854
3,0.3,0.25,1.0,0.75,8,115,10,4,0.1300522283964045,0.2928592708708635,0.715441109951798,0.7126837913791995,0.5459354627890689,0.9116055475593928,0.9112424542131328,0.8049349549879696,0.5566800953942903,0.5540887495999844,0.28261746186469444,0.8218349120156893,0.8213629372496292,0.6293450096268156,0.24242424242424243,0.36849378166743435,1.1719648945836951,3.2171437740325928
3,0.3,0.25,1.0,0.75,9,41,10,4,0.1265905343631879,0.28083414215894986,0.721285854768704,0.7185753242158156,0.5463779570214977,0.9059896953135614,0.9056014712345598,0.78488266182146,0.45415432801416006,0.4509497286327403,0.19182083197619487,0.5839573365525113,0.5828476636274899,0.3153687444426345,0.24242424242424243,0.36849378166743435,1.2143276968401886,1.1251158714294434
3,0.3,0.25,1.0,1.0,0,32,10,4,0.11628223201909428,0.29169298582762426,0.685278967154955,0.6822745946557622,0.4916325988143558,0.9116055475593928,0.9112424542131328,0.8049349549879696,0.5586371192312821,0.556102304104233,0.25718921033292774,0.821834912015689,0.8213629372496289,0.6293450096268156,0.24242424242424243,0.3236769703835572,1.3567204271876494,0.8681490421295166
3,0.3,0.25,1.0,1.0,1,44,10,4,0.11458813703634425,0.2896727730229605,0.6871269957164954,0.6841273247642145,0.48456282119930927,0.897406368541996,0.8969792788487176,0.7526454569778374,0.5647456476960483,0.5622330085296054,0.26865287055435483,0.8357447021357429,0.8353020509100345,0.6777225590952062,0.24242424242424243,0.3236769703835572,1.3914166745693408,0.9164581298828125
3,0.3,0.25,1.0,1.0,2,50,10,4,0.09439163190821807,0.26289383817124534,0.6251998175660444,0.6216208974727986,0.432863292034473,0.9037907607564276,0.9033926442098374,0.7752391372397232,0.5105813207380686,0.5077695553569863,0.22938201089040805,0.8294772696226798,0.8290212524311569,0.6564476401607514,0.24242424242424243,0.3236769703835572,1.35716323693787,1.480787992477417
3,0.3,0.25,1.0,1.0,3,48,10,5,0.13650093891015844,0.2804371055474881,0.7899803742543439,0.7879859030124979,0.62388926702723,1.0,1.0,1.0,0.5568325826304507,0.554303026505007,0.24897033505865024,0.7375733655715295,0.7367405406672014,0.4724246305454723,0.24242424242424243,0.3236769703835572,1.1061299300697793,1.2792043685913086
3,0.3,0.25,1.0,1.0,4,112,10,3,0.078950230101371,0.2806573809952262,0.641871938257621,0.63843007454536,0.4466635775772798,0.8021489417124285,0.8015540214626932,0.6413806962628472,0.38603012503847856,0.38247570190640645,0.14531753471793615,0.40498555723662094,0.40379607055457106,0.18615098045841807,0.24242424242424243,0.3236769703835572,1.6363632076747963,2.4077939987182617
3,0.3,0.25,1.0,1.0,5,29,10,4,0.11322537049255531,0.2868349299686492,0.68496075171555,0.6819417105412856,0.48694211670271537,0.9059896953135614,0.9056014712345598,0.78488266182146,0.44699738093933866,0.44380677051296746,0.17320825258653882,0.5839573365525113,0.5828476636274899,0.3153687444426345,0.24242424242424243,0.3236769703835572,1.3897694572302897,0.5971276760101318
3,0.3,0.25,1.0,1.0,6,44,10,4,0.11448506728477624,0.28878120139541585,0.6756157392550671,0.67251014494756,0.48018549219932843,0.897406368541996,0.8969792788487176,0.7526454569778374,0.546593824658495,0.5439808406726687,0.2602662596814196,0.8357447021357429,0.8353020509100345,0.6777225590952062,0.24242424242424243,0.3236769703835572,1.3979537724879632,1.170283317565918
3,0.3,0.25,1.0,1.0,7,32,10,5,0.13537138223337047,0.28185430270862627,0.7880220056189648,0.7860092234692154,0.612429226172171,1.0,1.0,1.0,0.5586168119948496,0.5560978653768707,0.24692647827208153,0.7375733655715297,0.7367405406672015,0.4724246305454723,0.24242424242424243,0.3236769703835572,1.1103996149530098,0.9520771503448486
3,0.3,0.25,1.0,1.0,8,35,10,4,0.1110088315386084,0.2841037456104593,0.6766553753262284,0.6735616948252026,0.4745241095417443,0.9059896953135614,0.9056014712345598,0.78488266182146,0.43054035811082164,0.4272610377407489,0.163676573232134,0.5839573365525113,0.5828476636274899,0.3153687444426345,0.24242424242424243,0.3236769703835572,1.3967351689439131,0.9470615386962891
3,0.3,0.25,1.0,1.0,9,114,10,4,0.11561114532845292,0.2908308479435915,0.6883956411623129,0.6854081333523947,0.48998134607500643,0.897406368541996,0.8969792788487176,0.7526454569778374,0.563294680569291,0.5607736652503464,0.26669655628404404,0.8357447021357429,0.8353020509100345,0.6777225590952062,0.24242424242424243,0.3236769703835572,1.3914166745693408,3.6437442302703857
3,0.3,0.5,0.0,0.0,0,24,3,3,0.29965609163136653,0.29940887747637834,0.7894055587341606,0.7887667457732628,0.6089106796367217,0.7889606460971244,0.7883188157233192,0.6085417084158432,0.6707786783405367,0.6701128855814311,0.5067592679602066,0.6827081189134145,0.6820642499665682,0.536681216439622,0.8181818181818182,0.8868339270825438,0.006516934489413376,0.31159281730651855
3,0.3,0.5,0.0,0.0,1,33,2,2,0.29845323867529133,0.2984532386752915,0.5923035749787092,0.5915865303510878,0.37932760189374876,0.5936479709519707,0.5929324165216566,0.3829540138806239,0.3623620447897751,0.3615706970695275,0.21309892399116745,0.3614980604274912,0.3607042949307468,0.212808677534589,0.8299319727891157,0.890901124580108,0.004743577789875313,0.6237356662750244
3,0.3,0.5,0.0,0.0,2,34,3,3,0.3034411497477427,0.3031720513147306,0.7919171422000004,0.7912873128296978,0.6146580667163571,0.7916267295012033,0.7909944647108239,0.6144266258107057,0.6744585519968018,0.673802075766916,0.5128575145547655,0.6865809274896538,0.6859468433771048,0.542968341433499,0.8321167883211679,0.8819570162001579,0.006776615541236056,0.8556826114654541
3,0.3,0.5,0.0,0.0,3,16,4,4,0.3075619917035833,0.3073762154095663,0.902462641840836,0.9020594281071008,0.7700580044778049,0.897406368541996,0.8969792788487176,0.7526454569778374,0.8315072837959878,0.8310572568623774,0.6618054094433068,0.8357447021357429,0.8353020509100345,0.6777225590952062,0.6052631578947368,0.7062797481959158,0.029129768964001462,0.12955594062805176
3,0.3,0.5,0.0,0.0,4,13,3,3,0.29479873514155075,0.2948250570627073,0.7964875200702813,0.7958739447619763,0.6258352922217565,0.8021489417124285,0.8015540214626932,0.6413806962628472,0.3960597378169803,0.394848151817842,0.17255484581567282,0.40498555723662094,0.40379607055457106,0.18615098045841807,0.8181818181818182,0.8868339270825438,0.006930508702457115,0.12376046180725098
3,0.3,0.5,0.0,0.0,5,21,3,3,0.2795135602151513,0.27923837447429195,0.7914333662242105,0.7908018077543368,0.6136596154716961,0.7921997857472497,0.7915695648752535,0.6162892627615703,0.3870703342417645,0.3858336386436547,0.16028361585763734,0.3872963856355672,0.38605760892034696,0.1610374468129141,0.8082191780821918,0.8868339270825438,0.008162414551828936,0.41184520721435547
3,0.3,0.5,0.0,0.0,6,16,4,4,0.2843088592105316,0.28406081045250703,0.9077861546703496,0.9074068545396609,0.7897360784811976,0.9083491277292126,0.907971490705844,0.7934094346634827,0.5878399019601797,0.5867461156628245,0.320498396315486,0.5879077429223252,0.5868117435177124,0.32235560277843,0.6052631578947368,0.7062797481959158,0.030365558263306135,0.11180710792541504
3,0.3,0.5,0.0,0.0,7,18,4,4,0.2878514609258369,0.287719889790186,0.9069960203513316,0.9066131841674229,0.7868715044443074,0.9116055475593928,0.9112424542131328,0.8049349549879696,0.5865187721693972,0.5854204295827203,0.3181599924574393,0.5933517525706162,0.5922745061043154,0.3316882713421359,0.8082191780821918,0.8868339270825438,0.009528951127777952,0.08835983276367188
3,0.3,0.5,0.0,0.0,8,18,3,3,0.3129016539548131,0.31276217198390466,0.7503978476511641,0.7496157526369165,0.4999303752085892,0.7595386266093844,0.7587891678710779,0.523012647821584,0.5987797319636469,0.5979324936729498,0.3494156212123094,0.6000310519393101,0.5991924558208827,0.34859032320172656,0.8732394366197183,0.9309309309309308,0.003069780909608131,0.2276172637939453
3,0.3,0.5,0.0,0.0,9,17,3,3,0.2987750648280686,0.2987518965320957,0.7894563009729061,0.7888176692314446,0.6090757458430014,0.789789857030486,0.789150994948784,0.6112350182388241,0.6686248613917531,0.66795475092094,0.5016119889373588,0.6668307613228105,0.6661552998165208,0.4990750972068573,0.8299319727891157,0.890901124580108,0.006210571707576648,0.1712021827697754
3,0.3,0.5,0.0,0.25,0,111,3,3,0.29965609163136636,0.2994088774763782,0.7894055587341606,0.7887667457732628,0.6089106796367217,0.7889606460971244,0.7883188157233192,0.6085417084158432,0.6707786783405367,0.6701128855814311,0.5067592679602066,0.6827081189134145,0.6820642499665682,0.536681216439622,0.8181818181818182,0.8868339270825438,0.006516934489413376,3.3630740642547607
3,0.3,0.5,0.0,0.25,1,36,3,3,0.29837031231076755,0.2986255727684463,0.7920532465028122,0.791423901436366,0.6151023239096007,0.7921997857472497,0.7915695648752535,0.6162892627615703,0.6611067358959262,0.6604234389621813,0.48062193929772196,0.6492493065110276,0.6485401515758276,0.45307203333420376,0.8561151079136691,0.9065837790068717,0.004677866890658628,0.9003889560699463
3,0.3,0.5,0.0,0.25,2,25,3,3,0.3000960427427212,0.30006657630309463,0.7919954100813236,0.7913658592256422,0.6149134768877957,0.7926764584473263,0.7920479364188315,0.6178455857756018,0.6723511680709455,0.671690500055526,0.5078006074885633,0.6710761095271227,0.670411439649869,0.5060781026638148,0.8299319727891157,0.890901124580108,0.0070369045299320115,0.5680031776428223
3,0.3,0.5,0.0,0.25,3,52,2,2,0.3068011020001426,0.30680110200014254,0.5878399019601795,0.5871126581313231,0.3706193494105449,0.5879077429223252,0.5871790535706989,0.3717161405198315,0.8313787680515661,0.83116854713833,0.8470017763599165,0.8321863395202957,0.8319764965397319,0.8493589643652412,0.9064748201438849,0.9419280575539569,0.0013437003589485755,1.3236382007598877
3,0.3,0.5,0.0,0.25,4,29,3,3,0.29479873514155075,0.2948250570627073,0.7964875200702813,0.7958739447619763,0.6258352922217565,0.8021489417124285,0.8015540214626932,0.6413806962628472,0.3960597378169803,0.394848151817842,0.17255484581567282,0.40498555723662094,0.40379607055457106,0.18615098045841807,0.8181818181818182,0.8868339270825438,0.006930508702457115,0.7683329582214355
3,0.3,0.5,0.0,0.25,5,40,3,3,0.29837031231076755,0.2986255727684463,0.7920532465028122,0.791423901436366,0.6151023239096007,0.7921997857472497,0.7915695648752535,0.6162892627615703,0.6611067358959262,0.6604234389621813,0.48062193929772196,0.6492493065110276,0.6485401515758276,0.45307203333420376,0.8561151079136691,0.9065837790068717,0.004677866890658628,1.0104591846466064
3,0.3,0.5,0.0,0.25,6,30,3,3,0.29877506482806837,0.2987518965320957,0.7894563009729061,0.7888176692314446,0.6090757458430014,0.789789857030486,0.789150994948784,0.6112350182388241,0.6686248613917531,0.66795475092094,0.5016119889373588,0.6668307613228105,0.6661552998165208,0.4990750972068573,0.8299319727891157,0.890901124580108,0.00621057170757665,0.7362542152404785
3,0.3,0.5,0.0,0.25,7,15,4,4,0.3075619917035833,0.3073762154095663,0.902462641840836,0.9020594281071008,0.7700580044778049,0.897406368541996,0.8969792788487176,0.7526454569778374,0.8315072837959879,0.8310572568623775,0.6618054094433068,0.8357447021357429,0.8353020509100345,0.6777225590952062,0.6052631578947368,0.7062797481959158,0.02912976896400146,0.14148831367492676
3,0.3,0.5,0.0,0.25,8,61,3,3,0.2785744355817691,0.2783501041122962,0.7913824111123083,0.7907506711775147,0.6134933585107952,0.7926764584473263,0.7920479364188315,0.6178455857756018,0.6714520321806986,0.6707890898887245,0.506299533188778,0.6710761095271227,0.670411439649869,0.5060781026638148,0.8082191780821918,0.890901124580108,0.007859119616192947,1.6640605926513672
3,0.3,0.5,0.0,0.25,9,46,3,3,0.31989001230886505,0.31988146072674895,0.7382712632211267,0.7374429749388643,0.4728567797325691,0.7375733655715297,0.7367405406672015,0.4724246305454723,1.0,1.0,1.0,1.0,1.0,1.0,0.8732394366197183,0.9309309309309308,0.003119927698008486,1.3350443840026855
3,0.3,0.5,0.0,0.5,0,23,4,3,0.2561359138906235,0.2945329862635354,0.7687288937858766,0.7677470774560265,0.6064236359381717,0.7849276230002521,0.7842712471813089,0.5998687124749003,0.3939916853199089,0.39231756467594764,0.16892966652847538,0.3743048644791923,0.373029329116335,0.14414618051325584,0,0.0,inf,0.33307456970214844
3,0.3,0.5,0.0,0.5,1,74,5,5,0.2961510883554919,0.2959491323549752,1.0,1.0,1.0,1.0,1.0,1.0,0.7382712632211267,0.7374429749388642,0.4728567797325691,0.7375733655715297,0.7367405406672015,0.4724246305454723,0.6052631578947368,0.7062797481959158,0.03214178560236604,2.3291680812835693
3,0.3,0.5,0.0,0.5,2,115,3,3,0.29837031231076755,0.29862557276844615,0.7920532465028122,0.791423901436366,0.6151023239096007,0.7921997857472497,0.7915695648752535,0.6162892627615703,0.6611067358959261,0.6604234389621811,0.48062193929772196,0.6492493065110276,0.6485401515758276,0.45307203333420376,0.8561151079136691,0.9065837790068717,0.004677866890658624,2.9216885566711426
3,0.3,0.5,0.0,0.5,3,40,3,3,0.2770304278920586,0.276764408326092,0.7416238725179775,0.7408084339385907,0.4800994274396531,0.7426345344900235,0.7418211476741832,0.48335755348832965,0.597435102239282,0.5965767888425285,0.3514981428270166,0.5965023276493842,0.5956404276659742,0.35039273185971725,0.8082191780821918,0.8948342281675614,0.005922331568528914,0.9977359771728516
3,0.3,0.5,0.0,0.5,4,25,3,3,0.3198900123088649,0.31988146072674917,0.7382712632211267,0.7374429749388643,0.4728567797325691,0.7375733655715297,0.7367405406672015,0.4724246305454723,1.0,1.0,1.0,1.0,1.0,1.0,0.8732394366197183,0.9309309309309308,0.0031199276980084854,0.6346819400787354
3,0.3,0.5,0.0,0.5,5,27,2,2,0.3068011020001426,0.30680110200014254,0.5878399019601795,0.5871126581313231,0.3706193494105449,0.5879077429223252,0.5871790535706989,0.3717161405198315,0.8313787680515661,0.83116854713833,0.8470017763599165,0.8321863395202957,0.8319764965397319,0.8493589643652412,0.9064748201438849,0.9419280575539569,0.0013437003589485763,0.6061880588531494
3,0.3,0.5,0.0,0.5,6,33,3,3,0.29505135991277176,0.29530216631464934,0.7893604470334368,0.7887214729506181,0.6087639900510177,0.7889606460971246,0.7883188157233194,0.6085417084158432,0.6571211120546576,0.6564276642829949,0.47392307168234943,0.6444080303082955,0.6436864403758702,0.44488729445134056,0.8561151079136691,0.9065837790068717,0.004776756822436553,0.8789362907409668
3,0.3,0.5,0.0,0.5,7,37,4,4,0.28999564489917873,0.28967696566936385,0.9041296431413824,0.9037339420232676,0.7760883163884392,0.9000920107272863,0.8996771460213145,0.7622414951112423,0.5817213933144612,0.5806064583620327,0.30928567669377277,0.5740608484987777,0.5729166889125227,0.29646770121656035,0.6052631578947368,0.7062797481959158,0.030775249026417026,0.8227767944335938
3,0.3,0.5,0.0,0.5,8,42,4,4,0.3075619917035833,0.30737621540956644,0.902462641840836,0.9020594281071008,0.7700580044778049,0.897406368541996,0.8969792788487176,0.7526454569778374,0.8315072837959879,0.8310572568623775,0.6618054094433068,0.8357447021357429,0.8353020509100345,0.6777225590952062,0.6052631578947368,0.7062797481959158,0.029129768964001462,1.1047468185424805
3,0.3,0.5,0.0,0.5,9,75,4,4,0.3042848217540427,0.30446028467943204,0.9075030477238635,0.9071224809899361,0.7887321917624809,0.9116055475593928,0.9112424542131328,0.8049349549879696,0.8265696202747511,0.8261092144636512,0.6445372756707703,0.821834912015689,0.8213629372496289,0.6293450096268156,0.8561151079136691,0.9065837790068717,0.006044403466607643,2.228314161300659
3,0.3,0.5,0.0,0.75,0,42,2,2,0.3008090782574572,0.30080907825745745,0.5916192536088873,0.59090064872952,0.37797664007241627,0.5960908120545209,0.5953808212273226,0.38786077858471907,0.34725239205509434,0.34644172825904335,0.18464448020227536,0.33954695184358247,0.33872793912201543,0.17025642675852654,0.9097222222222222,0.9440138888888889,0.0012938978129285912,1.1405224800109863
3,0.3,0.5,0.0,0.75,1,53,10,4,0.16007856807328485,0.2817215989188988,0.7470919466219982,0.7444726344222328,0.5903910613775846,0.8974063685419958,0.8969792788487174,0.7526454569778374,0.47462195244008376,0.47130008155577835,0.2028836111023248,0.5695438300688878,0.5683837947232321,0.28830015171599577,0,0.0,inf,1.561295986175537
3,0.3,0.5,0.0,0.75,2,118,10,5,0.16632169277101805,0.22716926431647388,0.762137734631032,0.7596807131005888,0.5947635536815827,1.0,1.0,1.0,0.4801294972135147,0.47685295368124436,0.2051352127093475,0.7375733655715297,0.7367405406672015,0.4724246305454723,0,0.0,inf,3.657695770263672
3,0.3,0.5,0.0,0.75,3,59,10,3,0.1287581426268642,0.2679262543789292,0.6036142421115778,0.5993730689104989,0.4527989344314268,0.7926764584473263,0.7920479364188315,0.6178455857756018,0.4717348072573516,0.4682609316539205,0.3083389046550571,0.6710761095271227,0.670411439649869,0.5060781026638148,0,0.0,inf,1.7403559684753418
3,0.3,0.5,0.0,0.75,4,25,4,4,0.3067339251899488,0.30648740113898787,0.8954062905000362,0.8949741370739565,0.7678590267553699,0.897406368541996,0.8969792788487176,0.7526454569778374,0.8211170375901758,0.8206395863666428,0.656672760808659,0.8357447021357429,0.8353020509100345,0.6777225590952062,0.6052631578947368,0.7062797481959158,0.028882060651170424,0.22701692581176758
3,0.3,0.5,0.0,0.75,5,15,3,3,0.2838985008668193,0.283519673607624,0.7426774758503919,0.7419012893578724,0.5849030323765828,0.7889606460971246,0.7883188157233194,0.6085417084158432,0.5794162716227877,0.5785719796200396,0.4195275518161363,0.6444080303082955,0.6436864403758702,0.44488729445134056,0.7710843373493976,0.8625903614457832,0.01175200059374961,0.21202397346496582
3,0.3,0.5,0.0,0.75,6,39,10,3,0.1441277014592662,0.3062640590455357,0.6142262488099252,0.6099763117660782,0.38164007048665083,0.7375733655715297,0.7367405406672015,0.4724246305454723,0.6640499840084274,0.6617598171193368,0.6106553195954427,1.0,1.0,1.0,0,0.0,inf,1.1148836612701416
3,0.3,0.5,0.0,0.75,7,67,10,3,0.14625945493771067,0.2956563005886411,0.662018683388932,0.658404826094584,0.49803305865442055,0.7849276230002521,0.7842712471813089,0.5998687124749003,0.4957427632567358,0.492429470230679,0.2843647889899743,0.6768387497441453,0.6761799567006874,0.527325252875187,0,0.0,inf,1.8944342136383057
3,0.3,0.5,0.0,0.75,8,49,10,3,0.14629432596430506,0.2898867565378775,0.6410915983462653,0.637254179882785,0.47561641659046683,0.7852802150932446,0.7846251091678986,0.6010060305727019,0.33659496238870773,0.33223624725462836,0.11464661405104454,0.3749359727893116,0.37366222508626973,0.14532804951821357,0,0.0,inf,1.5494117736816406
3,0.3,0.5,0.0,0.75,9,55,10,3,0.14559648833126365,0.293975980101375,0.6665005131852385,0.6629310633103538,0.48580469676385823,0.7849276230002521,0.7842712471813089,0.5998687124749003,0.35575457025379953,0.3515163364089218,0.11826193495120482,0.3743048644791923,0.373029329116335,0.14414618051325584,0,0.0,inf,1.0500400066375732
3,0.3,0.5,0.0,1.0,0,29,10,4,0.14022220411477565,0.2864768205709837,0.6808736426740771,0.6776776340613733,0.5220494912067747,0.9116055475593928,0.9112424542131328,0.8049349549879696,0.5605882314519616,0.5579179735029041,0.3234369264776322,0.8218349120156893,0.8213629372496292,0.6293450096268156,0,0.0,inf,0.674513578414917
3,0.3,0.5,0.0,1.0,1,116,10,4,0.13989652239680048,0.2813592010396881,0.6854239804807973,0.6822738836865816,0.5121961118819163,0.9116055475593928,0.9112424542131328,0.8049349549879696,0.6051635894246336,0.6027645195658099,0.3468589244552368,0.8218349120156893,0.8213629372496292,0.6293450096268156,0,0.0,inf,2.994860887527466
3,0.3,0.5,0.0,1.0,2,36,10,4,0.15095052819117566,0.2899220667305308,0.7224596415206695,0.7196724972963495,0.5632383457572259,0.9059896953135614,0.9056014712345598,0.78488266182146,0.4624140121407507,0.45913635000906655,0.19768314462592326,0.5839573365525113,0.5828476636274899,0.3153687444426345,0,0.0,inf,1.0089592933654785
3,0.3,0.5,0.0,1.0,3,68,10,4,0.12081011923604312,0.2542147124135441,0.6422522845091712,0.6386576782036162,0.48486499167980746,0.9000920107272863,0.8996771460213145,0.7622414951112423,0.39515801899543257,0.3914678026990103,0.16302620584051963,0.5740608484987776,0.5729166889125226,0.29646770121656035,0,0.0,inf,2.1889264583587646
3,0.3,0.5,0.0,1.0,4,31,10,3,0.11748756541782163,0.27872377988481545,0.64436197434284,0.6407206909184252,0.4674543690482713,0.8021489417124285,0.8015540214626932,0.6413806962628472,0.33791803965003,0.3337866778458162,0.12393036463712692,0.40498555723662094,0.40379607055457106,0.18615098045841807,0,0.0,inf,0.9366741180419922
3,0.3,0.5,0.0,1.0,5,114,10,4,0.10388151238925092,0.197697536540578,0.5888920622333066,0.5846750147907392,0.3879515115352075,0.9116055475593928,0.9112424542131328,0.8049349549879696,0.4340517933998679,0.43051234030758095,0.22695203939020522,0.821834912015689,0.8213629372496289,0.6293450096268156,0,0.0,inf,3.372476577758789
3,0.3,0.5,0.0,1.0,6,1000,10,3,0.10398119634332206,0.26165586701906374,0.5688861513090565,0.5644637160314327,0.3970326872780759,0.7889606460971244,0.7883188157233192,0.6085417084158432,0.4143662584813538,0.41070351815533807,0.23297375986694613,0.6827081189134145,0.6820642499665682,0.536681216439622,0,0.0,inf,21.839977741241455
3,0.3,0.5,0.0,1.0,7,50,10,5,0.10620706691604292,0.17136867926154498,0.6466186995565484,0.6430074487086259,0.44479808077599725,1.0,1.0,1.0,0.4802092594197184,0.4769733254803969,0.2491317507730545,0.7375733655715297,0.7367405406672015,0.4724246305454723,0,0.0,inf,1.4770941734313965
3,0.3,0.5,0.0,1.0,8,83,10,5,0.16739451543262243,0.28801931867359365,0.8264124315552245,0.8247131183005075,0.7140202811270223,1.0,1.0,1.0,0.589872438954118,0.5874469226559773,0.2952143580230251,0.7375733655715295,0.7367405406672014,0.4724246305454723,0,0.0,inf,2.397989511489868
3,0.3,0.5,0.0,1.0,9,53,10,4,0.1480675652366296,0.2847479510630962,0.71401683149867,0.7111455006680998,0.5537791385699047,0.9059896953135614,0.9056014712345598,0.78488266182146,0.4425812183481049,0.43918347595317075,0.18834616735698362,0.5839573365525113,0.5828476636274899,0.3153687444426345,0,0.0,inf,1.0770299434661865
3,0.3,0.5,0.25,0.0,0,32,2,2,0.3065022615582611,0.306502261558261,0.5864457028076931,0.5857152626526245,0.36794884669240996,0.581408430461704,0.5806647649710639,0.35946576657210166,0.3554769798038332,0.3546723114607707,0.2012232560910715,0.36252835594946636,0.3617259494053958,0.21651936258282992,0.8321167883211679,0.8819570162001579,0.0050184202742726385,0.5478379726409912
3,0.3,0.5,0.25,0.0,1,26,3,3,0.29837031231076755,0.29862557276844615,0.7920532465028122,0.791423901436366,0.6151023239096007,0.7921997857472497,0.7915695648752535,0.6162892627615703,0.6611067358959262,0.6604234389621813,0.48062193929772196,0.6492493065110276,0.6485401515758276,0.45307203333420376,0.8561151079136691,0.9065837790068717,0.0046778668906586295,0.2065284252166748
3,0.3,0.5,0.25,0.0,2,22,4,4,0.3033095950933378,0.3032464954491562,0.908286786541069,0.9079097241974984,0.7915753497024844,0.9083491277292126,0.907971490705844,0.7934094346634827,0.5886766846770783,0.5875857803902927,0.3219956443730734,0.5879077429223252,0.5868117435177124,0.32235560277843,0.6052631578947368,0.7062797481959158,0.0295433431770452,0.09253144264221191
3,0.3,0.5,0.25,0.0,3,21,4,4,0.3042848217540427,0.30446028467943204,0.9075030477238635,0.9071224809899361,0.7887321917624809,0.9116055475593928,0.9112424542131328,0.8049349549879696,0.8265696202747511,0.8261092144636512,0.6445372756707703,0.821834912015689,0.8213629372496289,0.6293450096268156,0.8561151079136691,0.9065837790068717,0.006044403466607643,0.2707493305206299
3,0.3,0.5,0.25,0.0,4,23,10,3,0.1936564048231895,0.2939048500385208,0.6952000360711765,0.6916339951492363,0.5246056989479612,0.7849276230002521,0.7842712471813089,0.5998687124749003,0.3634565235477241,0.3588126628940663,0.1237158986054004,0.3743048644791923,0.373029329116335,0.14414618051325584,0,0.0,inf,0.44573354721069336
3,0.3,0.5,0.25,0.0,5,38,3,3,0.29728791127725185,0.2973073712175688,0.7964599900015984,0.7958463173618422,0.6257449183498832,0.8019282820082536,0.8013325861275414,0.6406540834881669,0.3960108404152613,0.39479911886199726,0.17246448557582922,0.4045942902943182,0.40340372512137557,0.185435262866209,0.8321167883211679,0.8819570162001579,0.006363856931924428,0.9823081493377686
3,0.3,0.5,0.25,0.0,6,20,4,4,0.30428482175404264,0.30446028467943204,0.9075030477238635,0.9071224809899361,0.7887321917624809,0.9116055475593928,0.9112424542131328,0.8049349549879696,0.8265696202747511,0.8261092144636512,0.6445372756707703,0.821834912015689,0.8213629372496289,0.6293450096268156,0.8561151079136691,0.9065837790068717,0.00604440346660764,0.14690661430358887
3,0.3,0.5,0.25,0.0,7,25,10,3,0.19554321737325547,0.2959495443738756,0.6845619528531691,0.6808726158265995,0.5232971649329252,0.7852802150932446,0.7846251091678986,0.6010060305727019,0.35020082334245894,0.3454621286262301,0.12301235801678044,0.3749359727893116,0.37366222508626973,0.14532804951821357,0,0.0,inf,0.719923734664917
3,0.3,0.5,0.25,0.0,8,111,3,3,0.30811888854449243,0.3080530431682618,0.7461107003054039,0.7453123569877191,0.4903684174293556,0.7548712966501103,0.7541043224033087,0.5123044922655382,0.5922824528198539,0.5914174185654326,0.3375430775339029,0.5929240519143224,0.5920661274059542,0.33570984919437624,0.8823529411764706,0.9384384384384384,0.0026604343888776078,3.1251919269561768
3,0.3,0.5,0.25,0.0,9,38,4,4,0.2843088592105316,0.28406081045250714,0.9077861546703494,0.9074068545396607,0.7897360784811976,0.9083491277292126,0.907971490705844,0.7934094346634827,0.5878399019601795,0.5867461156628244,0.320498396315486,0.5879077429223252,0.5868117435177124,0.32235560277843,0.6052631578947368,0.7062797481959158,0.03036555826330614,0.890660285949707
3,0.3,0.5,0.25,0.25,0,118,10,3,0.16743708164763077,0.30305141005508,0.6569828377505743,0.6530604606351021,0.40443602936092055,0.7481612335885639,0.7473688711868739,0.49755280006294755,0.32216541954328654,0.3173366189112061,0.019967495896522625,0.3078099101773931,0.30634022681614625,0.029926155949019876,0.26666666666666666,0.3601818918553869,0.5538475591326694,3.394275426864624
3,0.3,0.5,0.25,0.25,1,41,4,4,0.30330959509333777,0.30324649544915616,0.908286786541069,0.9079097241974984,0.7915753497024844,0.9083491277292126,0.907971490705844,0.7934094346634827,0.5886766846770783,0.5875857803902927,0.3219956443730734,0.5879077429223252,0.5868117435177124,0.32235560277843,0.6052631578947368,0.7062797481959158,0.029543343177045198,0.8037736415863037
3,0.3,0.5,0.25,0.25,2,35,4,4,0.30225652517010054,0.30219976768382173,0.9062134325366955,0.9058270894842648,0.7840181975146335,0.9059896953135614,0.9056014712345598,0.78488266182146,0.5852097082025102,0.5841068448379703,0.31582286357372535,0.5839573365525113,0.5828476636274899,0.3153687444426345,0.6052631578947368,0.7062797481959158,0.028717010354689834,0.7057087421417236
3,0.3,0.5,0.25,0.25,3,29,4,4,0.2843088592105316,0.28406081045250703,0.9077861546703496,0.9074068545396609,0.7897360784811976,0.9083491277292126,0.907971490705844,0.7934094346634827,0.5878399019601797,0.5867461156628245,0.320498396315486,0.5879077429223252,0.5868117435177124,0.32235560277843,0.6052631578947368,0.7062797481959158,0.030365558263306135,0.7302727699279785
3,0.3,0.5,0.25,0.25,4,42,3,3,0.29837031231076755,0.2986255727684463,0.7920532465028122,0.791423901436366,0.6151023239096007,0.7921997857472497,0.7915695648752535,0.6162892627615703,0.6611067358959262,0.6604234389621813,0.48062193929772196,0.6492493065110276,0.6485401515758276,0.45307203333420376,0.8561151079136691,0.9065837790068717,0.004677866890658628,1.2596497535705566
3,0.3,0.5,0.25,0.25,5,19,3,3,0.3000960427427212,0.30006657630309463,0.7919954100813235,0.791365859225642,0.6149134768877957,0.7926764584473263,0.7920479364188315,0.6178455857756018,0.6723511680709454,0.6716905000555259,0.5078006074885633,0.6710761095271227,0.670411439649869,0.5060781026638148,0.8299319727891157,0.890901124580108,0.0070369045299320185,0.42698240280151367
3,0.3,0.5,0.25,0.25,6,99,2,2,0.3008090782574572,0.30080907825745745,0.5916192536088873,0.59090064872952,0.37797664007241627,0.5960908120545209,0.5953808212273226,0.38786077858471907,0.34725239205509434,0.34644172825904335,0.18464448020227536,0.33954695184358247,0.33872793912201543,0.17025642675852654,0.9097222222222222,0.9440138888888889,0.0012938978129285903,2.9384632110595703
3,0.3,0.5,0.25,0.25,7,50,3,3,0.3129016539548131,0.31276217198390466,0.7503978476511641,0.7496157526369165,0.4999303752085892,0.7595386266093844,0.7587891678710779,0.523012647821584,0.5987797319636469,0.5979324936729498,0.3494156212123094,0.6000310519393101,0.5991924558208827,0.34859032320172656,0.8732394366197183,0.9309309309309308,0.0030697809096081334,1.4521393775939941
3,0.3,0.5,0.25,0.25,8,47,2,2,0.30676087177327976,0.30676087177327976,0.5886439109427256,0.587918508065989,0.3721699660878811,0.5843445647456531,0.5836076786123202,0.3649394192885749,0.35909302384762254,0.3582946542970271,0.20757393653979087,0.36733076676218757,0.3665367746994707,0.2249150250260693,0.8181818181818182,0.8868339270825438,0.005104134277844081,0.9818716049194336
3,0.3,0.5,0.25,0.25,9,21,10,3,0.16746365071988978,0.3029412665672747,0.6569828377505743,0.6530604606351021,0.40443602936092055,0.7481612335885639,0.7473688711868739,0.49755280006294755,0.32216541954328654,0.3173366189112061,0.019967495896522625,0.3078099101773931,0.30634022681614625,0.029926155949019876,0.26666666666666666,0.3601818918553869,0.5538475591326695,0.4535517692565918
3,0.3,0.5,0.25,0.5,0,39,3,3,0.2785744355817691,0.2783501041122962,0.7913824111123083,0.7907506711775147,0.6134933585107952,0.7926764584473263,0.7920479364188315,0.6178455857756018,0.6714520321806986,0.6707890898887245,0.506299533188778,0.6710761095271227,0.670411439649869,0.5060781026638148,0.8082191780821918,0.890901124580108,0.007859119616192943,0.6077032089233398
3,0.3,0.5,0.25,0.5,1,36,4,4,0.2869099494121841,0.28655480444348697,0.9019138104143678,0.901508118740358,0.76805910791063,0.8974063685419958,0.8969792788487174,0.7526454569778374,0.5780077503743203,0.5768799063541297,0.3026031658242566,0.5695438300688878,0.5683837947232321,0.28830015171599577,0.6052631578947368,0.7062797481959158,0.030874138958194963,0.9828841686248779
3,0.3,0.5,0.25,0.5,2,26,3,3,0.28007014749666437,0.2797651948227627,0.7912521513553256,0.7906199474689949,0.6130686761259063,0.7916267295012034,0.790994464710824,0.6144266258107057,0.38674755523813903,0.38550995740896166,0.15968300374862238,0.38627454010806195,0.38503290040672733,0.15913988880652757,0.8082191780821918,0.8819570162001579,0.008520985535429546,0.589651346206665
3,0.3,0.5,0.25,0.5,3,30,4,4,0.3022565251701007,0.30219976768382173,0.9062134325366954,0.9058270894842647,0.7840181975146335,0.9059896953135614,0.9056014712345598,0.78488266182146,0.5852097082025101,0.5841068448379702,0.31582286357372535,0.5839573365525113,0.5828476636274899,0.3153687444426345,0.6052631578947368,0.7062797481959158,0.028717010354689838,0.6890408992767334
3,0.3,0.5,0.25,0.5,4,49,3,3,0.3034411497477426,0.3031720513147306,0.7919171422000004,0.7912873128296978,0.6146580667163571,0.7916267295012033,0.7909944647108239,0.6144266258107057,0.6744585519968018,0.673802075766916,0.5128575145547655,0.6865809274896539,0.6859468433771049,0.542968341433499,0.8321167883211679,0.8819570162001579,0.006776615541236057,0.948436975479126
3,0.3,0.5,0.25,0.5,5,38,10,3,0.15001143116413437,0.29624273969796877,0.685880947002876,0.6825222364020955,0.5258293139778093,0.7849276230002521,0.7842712471813089,0.5998687124749003,0.49877931852092655,0.4954859776078926,0.2865538642505335,0.6768387497441453,0.6761799567006874,0.527325252875187,0.2807017543859649,0.4094375351860382,0.4797395487468854,0.9138312339782715
3,0.3,0.5,0.25,0.5,6,30,3,3,0.2983703123107675,0.29862557276844637,0.7920532465028122,0.791423901436366,0.6151023239096007,0.7921997857472497,0.7915695648752535,0.6162892627615703,0.6611067358959262,0.6604234389621813,0.48062193929772196,0.6492493065110276,0.6485401515758276,0.45307203333420376,0.8561151079136691,0.9065837790068717,0.004677866890658628,0.7622969150543213
3,0.3,0.5,0.25,0.5,7,52,2,2,0.30676087177327976,0.30676087177327976,0.5886439109427256,0.587918508065989,0.3721699660878811,0.5843445647456531,0.5836076786123202,0.3649394192885749,0.35909302384762254,0.3582946542970271,0.20757393653979087,0.36733076676218757,0.3665367746994707,0.2249150250260693,0.8181818181818182,0.8868339270825438,0.005104134277844081,1.529836893081665
3,0.3,0.5,0.25,0.5,8,46,3,3,0.2950513599127718,0.29530216631464934,0.7893604470334368,0.7887214729506181,0.6087639900510177,0.7889606460971246,0.7883188157233194,0.6085417084158432,0.6571211120546576,0.6564276642829949,0.47392307168234943,0.6444080303082955,0.6436864403758702,0.44488729445134056,0.8561151079136691,0.9065837790068717,0.004776756822436553,1.1293065547943115
3,0.3,0.5,0.25,0.5,9,43,5,5,0.2961510883554918,0.29594913235497505,1.0,1.0,1.0,1.0,1.0,1.0,0.7382712632211267,0.7374429749388642,0.4728567797325691,0.7375733655715297,0.7367405406672015,0.4724246305454723,0.6052631578947368,0.7062797481959158,0.03214178560236605,0.8652348518371582
3,0.3,0.5,0.25,0.75,0,31,4,4,0.30330959509333777,0.30324649544915616,0.908286786541069,0.9079097241974984,0.7915753497024844,0.9083491277292126,0.907971490705844,0.7934094346634827,0.5886766846770783,0.5875857803902927,0.3219956443730734,0.5879077429223252,0.5868117435177124,0.32235560277843,0.6052631578947368,0.7062797481959158,0.0295433431770452,0.6674482822418213
3,0.3,0.5,0.25,0.75,1,48,10,3,0.1309588763201647,0.2980420577745288,0.675273178779637,0.6719190665507262,0.4910397297808313,0.8019282820082536,0.8013325861275414,0.6406540834881669,0.3727990733157173,0.3688438226223513,0.13472647521078135,0.4045942902943182,0.40340372512137557,0.185435262866209,0.3333333333333333,0.5005005005005004,0.7780118066429044,0.983799934387207
3,0.3,0.5,0.25,0.75,2,15,4,4,0.30148379145059456,0.3013746442424194,0.899151504785187,0.8987362813525676,0.7816754942008075,0.9059896953135614,0.9056014712345598,0.78488266182146,0.5762800577259596,0.5751541824139849,0.3141146287053842,0.5839573365525113,0.5828476636274899,0.3153687444426345,0.6052631578947368,0.7062797481959158,0.028451106028588205,0.12431168556213379
3,0.3,0.5,0.25,0.75,3,41,10,4,0.1488967641900853,0.2859924135899594,0.7347048911931017,0.7320123711282924,0.569918264908352,0.9037907607564276,0.9033926442098374,0.7752391372397232,0.6103352991961318,0.6079290923051109,0.39024377323711135,0.8294772696226798,0.8290212524311569,0.6564476401607514,0.3333333333333333,0.5005005005005004,0.7026136305424328,0.8497447967529297
3,0.3,0.5,0.25,0.75,4,17,4,4,0.3035098656902079,0.303630244821205,0.9004393507320084,0.9000299249947661,0.7863404280680686,0.9116055475593928,0.9112424542131328,0.8049349549879696,0.8162799644548224,0.8157925530176132,0.6395668120328932,0.821834912015689,0.8213629372496289,0.6293450096268156,0.8561151079136691,0.9112210361884926,0.005356369140355822,0.14252066612243652
3,0.3,0.5,0.25,0.75,5,1000,10,3,0.12967148832199044,0.2978035202833538,0.6518851002840266,0.6482757498764481,0.48294330682946196,0.7926764584473263,0.7920479364188315,0.6178455857756018,0.5119881683235187,0.5088964479073254,0.3279278782305809,0.6710761095271227,0.670411439649869,0.5060781026638148,0.3333333333333333,0.5005005005005004,0.79104149638879,21.33454394340515
3,0.3,0.5,0.25,0.75,6,80,10,4,0.1460361971016309,0.2753224944045818,0.7151923999614906,0.7122771199820682,0.5259853354535264,0.9116055475593928,0.9112424542131328,0.8049349549879696,0.4532946948680016,0.449883709029928,0.16363612007003908,0.5933517525706162,0.5922745061043154,0.3316882713421359,0.3333333333333333,0.5005005005005004,0.7455566294661494,2.491645097732544
3,0.3,0.5,0.25,0.75,7,45,10,4,0.16514085605988293,0.3026876529130246,0.771445382405261,0.769129240803015,0.6018538327065035,0.9059896953135614,0.9056014712345598,0.78488266182146,0.5024699021591585,0.4994032713054871,0.2140772509469318,0.5839573365525113,0.5828476636274899,0.3153687444426345,0.2807017543859649,0.47429892689867786,0.7465540174407193,1.4048800468444824
3,0.3,0.5,0.25,0.75,8,37,10,3,0.13138532649406595,0.296095024973,0.6867908804475981,0.6835544858237562,0.5044434871437904,0.8021489417124285,0.8015540214626932,0.6413806962628472,0.3907664689456452,0.3869227145497793,0.14426218609112268,0.40498555723662094,0.40379607055457106,0.18615098045841807,0.3333333333333333,0.5005005005005004,0.7924924648874546,1.1804063320159912
3,0.3,0.5,0.25,0.75,9,110,5,5,0.29615108835549186,0.29594913235497505,1.0,1.0,1.0,1.0,1.0,1.0,0.7382712632211267,0.7374429749388642,0.4728567797325691,0.7375733655715297,0.7367405406672015,0.4724246305454723,0.6052631578947368,0.7062797481959158,0.03214178560236604,3.39131236076355
3,0.3,0.5,0.25,1.0,0,38,10,4,0.1422330749584566,0.29076161807204026,0.7312414625415012,0.7285891412553585,0.5600668533873054,0.9083491277292126,0.907971490705844,0.7934094346634827,0.46751420023562745,0.4643335191578287,0.19675491776801027,0.5879077429223252,0.5868117435177124,0.32235560277843,0.24242424242424243,0.39015393346102,1.287372308924605,1.0208806991577148
3,0.3,0.5,0.25,1.0,1,27,10,4,0.12725429503361868,0.27894434192572903,0.7191160313926881,0.7163539057983855,0.5537343724604847,0.9137594533047027,0.9134059329538328,0.8127690521941776,0.4674157560612268,0.4642480718332151,0.19922124566255706,0.5969473729725019,0.5958824465842398,0.33795995639299703,0.24242424242424243,0.42147410568463195,1.1645443996295506,0.7522938251495361
3,0.3,0.5,0.25,1.0,2,1000,10,4,0.1317078169417678,0.2819647056668007,0.6783309696493766,0.6751514571616721,0.5060224920574513,0.897406368541996,0.8969792788487176,0.7526454569778374,0.5556774908798472,0.5530183471823354,0.3131884554953874,0.8357447021357429,0.8353020509100345,0.6777225590952062,0.24242424242424243,0.3697727578324593,1.2137764164871343,22.495794773101807
3,0.3,0.5,0.25,1.0,3,42,10,4,0.13691600739339366,0.28981606524865866,0.7136124715687588,0.71079411782526,0.5297474173659567,0.9116055475593928,0.9112424542131328,0.8049349549879696,0.5943064563329181,0.5918913103020086,0.31920946545698126,0.8218349120156893,0.8213629372496292,0.6293450096268156,0.24242424242424243,0.42147410568463195,1.1602800655971368,1.2791805267333984
3,0.3,0.5,0.25,1.0,4,31,10,3,0.10210265064062715,0.28299722648583103,0.5944239970267842,0.5903484276095164,0.41837293220606975,0.7849276230002521,0.7842712471813089,0.5998687124749003,0.44847257163551574,0.44510612817830214,0.2511456942587747,0.6768387497441453,0.6761799567006874,0.527325252875187,0.24242424242424243,0.4018888777253089,1.4995267851077025,0.825606107711792
3,0.3,0.5,0.25,1.0,5,118,10,4,0.13531549398743548,0.2861978976278529,0.7104460342397376,0.7075884872604473,0.5276348638073278,0.9083491277292126,0.907971490705844,0.7934094346634827,0.4450817054100613,0.44176702899970904,0.17897490021414408,0.5879077429223252,0.5868117435177124,0.32235560277843,0.24242424242424243,0.39015393346102,1.287372308924605,3.7740836143493652
3,0.3,0.5,0.25,1.0,6,25,10,4,0.13688395818109012,0.2886199415420414,0.7004591542411732,0.6975103214736786,0.5319870194458325,0.9116055475593928,0.9112424542131328,0.8049349549879696,0.5701169549843572,0.5675567339085442,0.3140809226015991,0.8218349120156893,0.8213629372496292,0.6293450096268156,0.24242424242424243,0.4078152226300374,1.172017981328627,0.6188421249389648
3,0.3,0.5,0.25,1.0,7,66,10,4,0.10938101950992957,0.2328580968722007,0.6135531853897447,0.6096820856074909,0.40455083138509035,0.9116055475593928,0.9112424542131328,0.8049349549879696,0.4709740536909298,0.4677572349108467,0.23319543447296553,0.821834912015689,0.8213629372496289,0.6293450096268156,0.24242424242424243,0.41813965864598773,1.3812067805019044,2.019347906112671
3,0.3,0.5,0.25,1.0,8,19,10,5,0.15572344933604357,0.28684615784668915,0.8082653923284323,0.8064118444768354,0.6757309666497237,1.0,1.0,1.0,0.5824464717339192,0.5800129144461701,0.27797399132062595,0.7375733655715297,0.7367405406672015,0.4724246305454723,0.24242424242424243,0.42147410568463195,0.9815733467313537,0.4761521816253662
3,0.3,0.5,0.25,1.0,9,45,10,4,0.13831227900910886,0.2881188722930383,0.7053181218098452,0.7024127080998054,0.5319049480339367,0.9083491277292126,0.907971490705844,0.7934094346634827,0.4545826841041326,0.451328419931554,0.18376573973126856,0.5879077429223252,0.5868117435177124,0.32235560277843,0.24242424242424243,0.38710585585585583,1.207066914269726,1.361616611480713
3,0.3,0.5,0.5,0.0,0,46,3,3,0.29837031231076755,0.29862557276844615,0.7920532465028122,0.791423901436366,0.6151023239096007,0.7921997857472497,0.7915695648752535,0.6162892627615703,0.6611067358959262,0.6604234389621813,0.48062193929772196,0.6492493065110276,0.6485401515758276,0.45307203333420376,0.8561151079136691,0.9065837790068717,0.004677866890658624,1.2727746963500977
3,0.3,0.5,0.5,0.0,1,21,3,3,0.29728791127725174,0.2973073712175688,0.7964599900015984,0.7958463173618422,0.6257449183498832,0.8019282820082536,0.8013325861275414,0.6406540834881669,0.3960108404152614,0.39479911886199737,0.17246448557582922,0.4045942902943182,0.40340372512137557,0.185435262866209,0.8321167883211679,0.8819570162001579,0.006363856931924428,0.4578564167022705
3,0.3,0.5,0.5,0.0,2,23,4,4,0.30225652517010054,0.30219976768382173,0.9062134325366954,0.9058270894842647,0.7840181975146335,0.9059896953135614,0.9056014712345598,0.78488266182146,0.5852097082025101,0.5841068448379702,0.31582286357372535,0.5839573365525113,0.5828476636274899,0.3153687444426345,0.6052631578947368,0.7062797481959158,0.028717010354689838,0.36802101135253906
3,0.3,0.5,0.5,0.0,3,19,4,4,0.2926859041788298,0.2924940346636299,0.9032922516795583,0.9028927793128343,0.7730668342239174,0.9037907607564276,0.9033926442098374,0.7752391372397232,0.8306936655910727,0.8302419177365985,0.6589970286474999,0.8294772696226798,0.8290212524311569,0.6564476401607514,0.8082191780821918,0.890901124580108,0.009635346955252857,0.3016397953033447
3,0.3,0.5,0.5,0.0,4,110,3,3,0.2795135602151513,0.27923837447429173,0.7914333662242105,0.7908018077543368,0.6136596154716961,0.7921997857472497,0.7915695648752535,0.6162892627615703,0.38707033424176446,0.38583363864365466,0.16028361585763734,0.3872963856355672,0.38605760892034696,0.1610374468129141,0.8082191780821918,0.8868339270825438,0.008162414551828938,2.4254074096679688
3,0.3,0.5,0.5,0.0,5,55,2,2,0.30676087177327976,0.30676087177327976,0.5886439109427256,0.587918508065989,0.3721699660878811,0.5843445647456531,0.5836076786123202,0.3649394192885749,0.35909302384762254,0.3582946542970271,0.20757393653979087,0.36733076676218757,0.3665367746994707,0.2249150250260693,0.8181818181818182,0.8868339270825438,0.005104134277844081,1.4959862232208252
3,0.3,0.5,0.5,0.0,6,32,4,4,0.28999564489917856,0.2896769656693638,0.9041296431413824,0.9037339420232676,0.7760883163884392,0.9000920107272863,0.8996771460213145,0.7622414951112423,0.581721393314461,0.5806064583620326,0.30928567669377277,0.5740608484987777,0.5729166889125227,0.29646770121656035,0.6052631578947368,0.7062797481959158,0.030775249026417026,0.8389630317687988
3,0.3,0.5,0.5,0.0,7,30,10,4,0.16729742178622797,0.23200265806197803,0.6998133123129291,0.6965010767647412,0.5095932272660404,0.9083491277292126,0.907971490705844,0.7934094346634827,0.382152153799616,0.37794136315018434,0.12833514971752003,0.5879077429223252,0.5868117435177124,0.32235560277843,0,0.0,inf,0.6433670520782471
3,0.3,0.5,0.5,0.0,8,47,4,4,0.30756199170358334,0.3073762154095663,0.902462641840836,0.9020594281071008,0.7700580044778049,0.897406368541996,0.8969792788487176,0.7526454569778374,0.8315072837959879,0.8310572568623775,0.6618054094433068,0.8357447021357429,0.8353020509100346,0.6777225590952062,0.6052631578947368,0.7062797481959158,0.029129768964001462,1.0877227783203125
3,0.3,0.5,0.5,0.0,9,28,10,3,0.16971887236941127,0.2957159508706584,0.684236465543154,0.6807294955742403,0.524921843237017,0.7849276230002521,0.7842712471813089,0.5998687124749003,0.511015210136944,0.5076556577645379,0.3187019195782566,0.6768387497441453,0.6761799567006874,0.527325252875187,0,0.0,inf,0.7068467140197754
3,0.3,0.5,0.5,0.25,0,22,3,3,0.29728791127725174,0.29730737121756895,0.7964599900015984,0.7958463173618422,0.6257449183498832,0.8019282820082536,0.8013325861275414,0.6406540834881669,0.3960108404152614,0.39479911886199737,0.17246448557582922,0.4045942902943182,0.40340372512137557,0.185435262866209,0.8321167883211679,0.8819570162001579,0.006363856931924428,0.5139350891113281
3,0.3,0.5,0.5,0.25,1,52,3,3,0.2800701474966646,0.2797651948227625,0.7912521513553256,0.7906199474689949,0.6130686761259063,0.7916267295012034,0.790994464710824,0.6144266258107057,0.38674755523813903,0.38550995740896166,0.15968300374862238,0.38627454010806195,0.38503290040672733,0.15913988880652757,0.8082191780821918,0.8819570162001579,0.008520985535429546,1.4207165241241455
3,0.3,0.5,0.5,0.25,2,30,5,5,0.2961510883554918,0.29594913235497505,1.0,1.0,1.0,1.0,1.0,1.0,0.7382712632211268,0.7374429749388643,0.4728567797325691,0.7375733655715295,0.7367405406672014,0.4724246305454723,0.6052631578947368,0.7062797481959158,0.03214178560236604,0.7660024166107178
3,0.3,0.5,0.5,0.25,3,44,3,3,0.29728791127725174,0.29730737121756895,0.7964599900015984,0.7958463173618422,0.6257449183498832,0.8019282820082536,0.8013325861275414,0.6406540834881669,0.3960108404152614,0.39479911886199737,0.17246448557582922,0.4045942902943182,0.40340372512137557,0.185435262866209,0.8321167883211679,0.8819570162001579,0.006363856931924428,1.2464299201965332
3,0.3,0.5,0.5,0.25,4,41,10,4,0.14412973985670616,0.2168502619914749,0.6435105686373488,0.6395635149270656,0.3664800507809798,0.897406368541996,0.8969792788487176,0.7526454569778374,0.47449233083342107,0.47088770814788455,0.20989749365988114,0.8357447021357429,0.8353020509100346,0.6777225590952062,0.26666666666666666,0.4094375351860382,0.5014800981646984,1.2101221084594727
3,0.3,0.5,0.5,0.25,5,47,4,4,0.2869099494121841,0.28655480444348697,0.9019138104143678,0.901508118740358,0.76805910791063,0.8974063685419958,0.8969792788487174,0.7526454569778374,0.5780077503743203,0.5768799063541297,0.3026031658242566,0.5695438300688878,0.5683837947232321,0.28830015171599577,0.6052631578947368,0.7062797481959158,0.03087413895819495,1.0576143264770508
3,0.3,0.5,0.5,0.25,6,36,10,3,0.14990173693274672,0.29470977444655205,0.6902337958046242,0.6869183636000078,0.5070455045212021,0.7849276230002521,0.7842712471813089,0.5998687124749003,0.3866691272573707,0.3826342679585003,0.13429625565913203,0.3743048644791923,0.373029329116335,0.14414618051325584,0.26666666666666666,0.4094375351860382,0.4830127888825766,1.0283074378967285
3,0.3,0.5,0.5,0.25,7,29,3,3,0.30811888854449243,0.3080530431682618,0.7461107003054039,0.7453123569877191,0.4903684174293556,0.7548712966501103,0.7541043224033086,0.5123044922655382,0.5922824528198539,0.5914174185654326,0.3375430775339029,0.5929240519143224,0.5920661274059542,0.33570984919437624,0.8823529411764706,0.9384384384384384,0.0026604343888776078,0.7539353370666504
3,0.3,0.5,0.5,0.25,8,109,4,4,0.2926859041788298,0.2924940346636297,0.9032922516795583,0.9028927793128343,0.7730668342239174,0.9037907607564276,0.9033926442098374,0.7752391372397232,0.8306936655910727,0.8302419177365985,0.6589970286474999,0.8294772696226798,0.8290212524311569,0.6564476401607514,0.8082191780821918,0.890901124580108,0.009635346955252852,3.7822861671447754
3,0.3,0.5,0.5,0.25,9,60,2,2,0.30254059460160804,0.3025405946016079,0.5933918153386777,0.5926772493795246,0.3814880303054271,0.5976802337166613,0.5969738544387009,0.39109438552078163,0.35018950663915355,0.3493839445111943,0.189828214412545,0.3422002806825873,0.3413858796216768,0.174960691641255,0.8843537414965986,0.9406997358804587,0.001802134265437044,1.868168830871582
3,0.3,0.5,0.5,0.5,0,54,4,4,0.28785146092583686,0.287719889790186,0.9069960203513316,0.9066131841674229,0.7868715044443074,0.9116055475593928,0.9112424542131328,0.8049349549879696,0.5865187721693972,0.5854204295827203,0.3181599924574393,0.5933517525706162,0.5922745061043154,0.3316882713421359,0.8082191780821918,0.8868339270825438,0.009528951127777952,1.5876686573028564
3,0.3,0.5,0.5,0.5,1,29,4,4,0.30330959509333777,0.30324649544915616,0.908286786541069,0.9079097241974984,0.7915753497024844,0.9083491277292126,0.907971490705844,0.7934094346634827,0.5886766846770783,0.5875857803902927,0.3219956443730734,0.5879077429223252,0.5868117435177124,0.32235560277843,0.6052631578947368,0.7062797481959158,0.029543343177045194,0.7062246799468994
3,0.3,0.5,0.5,0.5,2,45,10,3,0.13490243166955407,0.2974324841996849,0.6760916194890504,0.6727272018569861,0.4998929527266074,0.7852802150932446,0.7846251091678986,0.6010060305727019,0.37856849792760533,0.37462292563589034,0.1389918795292947,0.3749359727893116,0.37366222508626973,0.14532804951821357,0.36363636363636365,0.47429892689867786,0.0985817967102159,1.1970643997192383
3,0.3,0.5,0.5,0.5,3,117,5,5,0.29615108835549186,0.2959491323549751,1.0,1.0,1.0,1.0,1.0,1.0,0.7382712632211268,0.7374429749388643,0.4728567797325691,0.7375733655715297,0.7367405406672015,0.4724246305454723,0.6052631578947368,0.7062797481959158,0.032141785602366045,3.4467058181762695
3,0.3,0.5,0.5,0.5,4,31,4,4,0.3033095950933377,0.30324649544915616,0.908286786541069,0.9079097241974984,0.7915753497024844,0.9083491277292126,0.907971490705844,0.7934094346634827,0.5886766846770783,0.5875857803902927,0.3219956443730734,0.5879077429223252,0.5868117435177124,0.32235560277843,0.6052631578947368,0.7062797481959158,0.029543343177045194,0.7951407432556152
3,0.3,0.5,0.5,0.5,5,65,4,4,0.28999564489917856,0.28967696566936396,0.9041296431413824,0.9037339420232676,0.7760883163884392,0.9000920107272863,0.8996771460213145,0.7622414951112423,0.5817213933144612,0.5806064583620327,0.30928567669377277,0.5740608484987776,0.5729166889125226,0.29646770121656035,0.6052631578947368,0.7062797481959158,0.030775249026417036,1.9161369800567627
3,0.3,0.5,0.5,0.5,6,73,4,4,0.2913748138964656,0.2912005202031929,0.9090437908389912,0.9086701087019787,0.7943429996270311,0.9137594533047027,0.9134059329538328,0.8127690521941776,0.5899415552536014,0.588855002678303,0.3242424970402004,0.5969473729725019,0.5958824465842398,0.33795995639299703,0.8082191780821918,0.8819570162001579,0.009788632179600631,2.0328786373138428
3,0.3,0.5,0.5,0.5,7,17,5,5,0.2961510883554918,0.29594913235497516,1.0,1.0,1.0,1.0,1.0,1.0,0.7382712632211267,0.7374429749388642,0.4728567797325691,0.7375733655715297,0.7367405406672015,0.4724246305454723,0.6052631578947368,0.7062797481959158,0.03214178560236604,0.17634820938110352
3,0.3,0.5,0.5,0.5,8,19,4,4,0.3033095950933377,0.30324649544915616,0.908286786541069,0.9079097241974984,0.7915753497024844,0.9083491277292126,0.907971490705844,0.7934094346634827,0.5886766846770783,0.5875857803902927,0.3219956443730734,0.5879077429223252,0.5868117435177124,0.32235560277843,0.6052631578947368,0.7062797481959158,0.029543343177045194,0.25570130348205566
3,0.3,0.5,0.5,0.5,9,109,3,3,0.2785744355817691,0.2783501041122962,0.7913824111123083,0.7907506711775147,0.6134933585107952,0.7926764584473263,0.7920479364188315,0.6178455857756018,0.6714520321806986,0.6707890898887245,0.506299533188778,0.6710761095271227,0.670411439649869,0.5060781026638148,0.8082191780821918,0.890901124580108,0.007859119616192942,2.866669178009033
3,0.3,0.5,0.5,0.75,0,42,10,3,0.11313558124375192,0.2932545465336961,0.6720998687839289,0.6687917118037412,0.49890950425612557,0.8021489417124285,0.8015540214626932,0.6413806962628472,0.4780723186674185,0.474871384881758,0.2247222903813867,0.6640652098143665,0.6633936463526339,0.47901294122685556,0.5454545454545454,0.693000693000693,0.18453703398359095,0.8996078968048096
3,0.3,0.5,0.5,0.75,1,113,10,4,0.13199317284180545,0.2782253409079003,0.7236984841245101,0.7209531694464073,0.5461780118636617,0.9083491277292126,0.907971490705844,0.7934094346634827,0.4643509441757588,0.4611253028422249,0.1884549532053356,0.5879077429223252,0.5868117435177124,0.32235560277843,0.5263157894736842,0.6461896351182527,0.21111101182687741,3.361081838607788
3,0.3,0.5,0.5,0.75,2,39,10,4,0.14528861801001478,0.29611551283112963,0.7575974491612936,0.7551856940887396,0.5817066756796498,0.9116055475593928,0.9112424542131328,0.8049349549879696,0.5990013262907566,0.5965826276751823,0.3506283988411358,0.821834912015689,0.8213629372496289,0.6293450096268156,0.5636363636363636,0.7052507052507052,0.16582598111979802,1.142953634262085
3,0.3,0.5,0.5,0.75,3,38,10,4,0.14754004709394156,0.29881952569364156,0.7560965429777114,0.7536754417930963,0.5883912094484939,0.9116055475593928,0.9112424542131328,0.8049349549879696,0.5973778490602226,0.5949561016816944,0.3429982567623027,0.8218349120156893,0.8213629372496292,0.6293450096268156,0.6666666666666666,0.7770000000000001,0.1496560306495036,0.7875289916992188
3,0.3,0.5,0.5,0.75,4,116,10,4,0.13751880983120013,0.2814379566813426,0.7149326297591575,0.7120482355217412,0.51510280168753,0.9037907607564276,0.9033926442098374,0.7752391372397232,0.5955286668799992,0.5930388752801845,0.4048646428255534,0.8294772696226798,0.8290212524311569,0.6564476401607514,0.46153846153846156,0.5812263876780005,0.21478741335392637,3.641497850418091
3,0.3,0.5,0.5,0.75,5,1000,10,3,0.11008149873416927,0.2876953510362434,0.6515407924897102,0.6480088790060029,0.47176543533673543,0.7889606460971246,0.7883188157233194,0.6085417084158432,0.45534118133574214,0.45198207532930945,0.20252208447075662,0.6444080303082955,0.6436864403758702,0.44488729445134056,0.5604395604395604,0.7190288880429725,0.1804376123536145,21.71757459640503
3,0.3,0.5,0.5,0.75,6,38,10,3,0.11619160982549936,0.2963419059829022,0.6708659977186716,0.6675288279165912,0.5104489739796013,0.7849276230002521,0.7842712471813089,0.5998687124749003,0.4808330582037172,0.4776299209271604,0.23707484904100293,0.6768387497441453,0.6761799567006874,0.527325252875187,0.3902439024390244,0.5635787249031349,0.23743946194212595,0.758613109588623
3,0.3,0.5,0.5,0.75,7,32,10,4,0.14913152897177678,0.3049986984388403,0.7623530636812799,0.7599827002313706,0.5881121494688019,0.897406368541996,0.8969792788487176,0.7526454569778374,0.6088475255573673,0.6064810676543837,0.36214782887994906,0.8357447021357429,0.8353020509100346,0.6777225590952062,0.5263157894736842,0.6461896351182527,0.1985066102805767,0.7196919918060303
3,0.3,0.5,0.5,0.75,8,47,10,3,0.11745074003310067,0.2986450865054034,0.6851172013198078,0.681941434526047,0.5054492807717276,0.8019282820082536,0.8013325861275414,0.6406540834881669,0.3962986008958877,0.39259765480369035,0.15328955106530875,0.4045942902943182,0.40340372512137557,0.185435262866209,0.5454545454545454,0.693000693000693,0.1973646856669437,1.4757428169250488
3,0.3,0.5,0.5,0.75,9,68,10,5,0.13402154622170034,0.23413751007076972,0.7569426391601621,0.7545274000800303,0.5387996000429205,1.0,1.0,1.0,0.4886342279042557,0.4855544375770524,0.17972311134692096,0.7375733655715297,0.7367405406672015,0.4724246305454723,0.5454545454545454,0.693000693000693,0.18292587636392438,1.5859720706939697
3,0.3,0.5,0.5,1.0,0,1000,10,3,0.08726364299501471,0.2761060301376319,0.5920439973037651,0.5880281165978188,0.4230056975672477,0.7889606460971244,0.7883188157233192,0.6085417084158432,0.43646210970635285,0.4331054358808542,0.24166692577893575,0.6827081189134145,0.6820642499665682,0.536681216439622,0.28205128205128205,0.39325039325039324,0.6360748651118013,23.105673789978027
3,0.3,0.5,0.5,1.0,1,47,10,3,0.08337077719715928,0.26145229593951375,0.5661587052496714,0.5618809394282063,0.37891437141575196,0.7849276230002521,0.7842712471813089,0.5998687124749003,0.4065239562792468,0.4029819770709998,0.1642106863744003,0.6768387497441453,0.6761799567006874,0.527325252875187,0.3333333333333333,0.45458302339036283,0.7150273569118655,1.387645959854126
3,0.3,0.5,0.5,1.0,2,87,10,3,0.09020919040079468,0.28359546601649255,0.5302056424894478,0.5254973824815613,0.3414798445056837,0.7375733655715297,0.7367405406672015,0.4724246305454723,0.5492924907589023,0.5465491769650658,0.37405740328327597,1.0,1.0,1.0,0.22641509433962265,0.316105579263474,0.629977071788812,2.6884472370147705
3,0.3,0.5,0.5,1.0,3,114,10,4,0.12769227664239025,0.2869404773166676,0.7126374960028533,0.7098417142629643,0.5191418123971718,0.9083491277292126,0.907971490705844,0.7934094346634827,0.45300524492626065,0.4497923174591321,0.17793072776859278,0.5879077429223252,0.5868117435177124,0.32235560277843,0.3211009174311927,0.4343186161367979,0.5538392522714288,2.794477701187134
3,0.3,0.5,0.5,1.0,4,88,10,3,0.09175001608880655,0.2784469704240995,0.6025664309973248,0.5986576929405404,0.4228844828312028,0.7926764584473263,0.7920479364188315,0.6178455857756018,0.4410573685840564,0.4377317152754531,0.19793452331998906,0.6710761095271227,0.670411439649869,0.5060781026638148,0.30275229357798167,0.41291291291291293,0.6390079492567493,1.8836078643798828
3,0.3,0.5,0.5,1.0,5,62,10,3,0.07818038537934241,0.2497479424604427,0.5542336181001803,0.549820684785428,0.3913579484498233,0.792676458447326,0.7920479364188314,0.6178455857756018,0.4265792082138598,0.42314055184638855,0.21359006167491598,0.6710761095271227,0.670411439649869,0.5060781026638148,0.308411214953271,0.4235004235004235,0.6862806679255489,1.1977558135986328
3,0.3,0.5,0.5,1.0,6,112,10,4,0.12795846155200685,0.2878978000581351,0.6887737910119116,0.6857385904813552,0.5188733310697536,0.897406368541996,0.8969792788487176,0.7526454569778374,0.5611403705367439,0.5585552163119087,0.3020064748021445,0.8357447021357429,0.8353020509100346,0.6777225590952062,0.28205128205128205,0.39325039325039324,0.5678606988799508,2.528517961502075
3,0.3,0.5,0.5,1.0,7,27,10,4,0.13184492907795362,0.28997911488553907,0.7294426964140908,0.7268073684760651,0.5497891791366124,0.9083491277292126,0.907971490705844,0.7934094346634827,0.4697008053515877,0.46658168342094475,0.19469625718215355,0.5879077429223252,0.5868117435177124,0.32235560277843,0.308411214953271,0.4163827693239458,0.6123480257433198,0.5027353763580322
3,0.3,0.5,0.5,1.0,8,43,10,5,0.14707438662358174,0.28516535189654585,0.8050135483825576,0.8031472307940687,0.6552151602316406,1.0,1.0,1.0,0.5682084616391032,0.5657210509090748,0.2647904661438925,0.7375733655715297,0.7367405406672015,0.4724246305454723,0.48484848484848486,0.655909090909091,0.44473831961790333,0.8785510063171387
3,0.3,0.5,0.5,1.0,9,1000,10,3,0.08898408863896506,0.27862011279542537,0.5854622609162852,0.5813720627115418,0.39978335853544467,0.7849276230002521,0.7842712471813089,0.5998687124749003,0.4422250928551178,0.4388934618115623,0.23511347821878167,0.6768387497441453,0.6761799567006874,0.527325252875187,0.3130434782608696,0.4273047751308621,0.7135046197586796,21.815688848495483
3,0.3,0.5,0.75,0.0,0,30,10,4,0.14370227010898706,0.23524732397132456,0.6857144185366507,0.6823714822590502,0.48456830408911283,0.9116055475593928,0.9112424542131328,0.8049349549879696,0.5325713188659094,0.5295196245420002,0.3158837982068106,0.821834912015689,0.8213629372496289,0.6293450096268156,0,0.0,inf,0.8473663330078125
3,0.3,0.5,0.75,0.0,1,36,4,4,0.3075619917035833,0.3073762154095663,0.902462641840836,0.9020594281071008,0.7700580044778049,0.897406368541996,0.8969792788487176,0.7526454569778374,0.8315072837959878,0.8310572568623774,0.6618054094433068,0.8357447021357429,0.8353020509100345,0.6777225590952062,0.6052631578947368,0.7062797481959158,0.029129768964001466,0.9507579803466797
3,0.3,0.5,0.75,0.0,2,115,10,3,0.1487023255540681,0.2970668311279513,0.6772623216167943,0.6738139380410751,0.5123670257556983,0.7889606460971244,0.7883188157233192,0.6085417084158432,0.5070008870055819,0.5037644140470954,0.28690751073507076,0.6827081189134145,0.6820642499665682,0.536681216439622,0,0.0,inf,3.4550693035125732
3,0.3,0.5,0.75,0.0,3,32,10,3,0.13929679409234783,0.2888277927654693,0.6473384644605907,0.6435666634141213,0.4658805337407189,0.7889606460971246,0.7883188157233194,0.6085417084158432,0.4689003887053911,0.46540959753150174,0.24563824280126115,0.6444080303082955,0.6436864403758702,0.44488729445134056,0,0.0,inf,0.9418232440948486
3,0.3,0.5,0.75,0.0,4,29,4,3,0.2561238935273346,0.3166004617082072,0.7319631169738438,0.730813288611643,0.5333399055663434,0.7303232410180941,0.7294623299636516,0.45744797462502,0.5535750123079529,0.5523246209219002,0.28701981138297056,0.5960555189006077,0.595180939197939,0.35653127194845763,0,0.0,inf,0.2591829299926758
3,0.3,0.5,0.75,0.0,5,46,10,4,0.13734143217422407,0.21734972458978888,0.6820068195949053,0.6786125306765891,0.4921494418642634,0.9116055475593928,0.9112424542131328,0.8049349549879696,0.37030679455646454,0.3661780025584479,0.12388735703016523,0.5933517525706162,0.5922745061043154,0.3316882713421359,0,0.0,inf,1.3263535499572754
3,0.3,0.5,0.75,0.0,6,26,10,3,0.14053863105595557,0.2916258403219835,0.647860525448205,0.644094307971195,0.46980951801715776,0.7889606460971246,0.7883188157233194,0.6085417084158432,0.4676531972424275,0.4641542085762816,0.2450141780666917,0.6444080303082955,0.6436864403758702,0.44488729445134056,0,0.0,inf,0.7505464553833008
3,0.3,0.5,0.75,0.0,7,13,4,4,0.3075619917035833,0.3073762154095664,0.902462641840836,0.9020594281071008,0.7700580044778049,0.897406368541996,0.8969792788487176,0.7526454569778374,0.8315072837959879,0.8310572568623775,0.6618054094433068,0.8357447021357429,0.8353020509100346,0.6777225590952062,0.6052631578947368,0.7062797481959158,0.02912976896400146,0.1300973892211914
3,0.3,0.5,0.75,0.0,8,32,2,2,0.3008090782574572,0.30080907825745745,0.5916192536088873,0.59090064872952,0.37797664007241627,0.5960908120545209,0.5953808212273226,0.38786077858471907,0.34725239205509434,0.34644172825904335,0.18464448020227536,0.33954695184358247,0.33872793912201543,0.17025642675852654,0.9097222222222222,0.9440138888888889,0.0012938978129285912,0.7720849514007568
3,0.3,0.5,0.75,0.0,9,111,10,4,0.13497037495261957,0.2179532425216706,0.6545136757947172,0.6508267365190885,0.4692340193191334,0.9083491277292126,0.907971490705844,0.7934094346634827,0.47439099924574496,0.4709456043369959,0.2805247544248417,0.5879077429223252,0.5868117435177124,0.32235560277843,0,0.0,inf,3.497185707092285
3,0.3,0.5,0.75,0.25,0,42,4,4,0.2869099494121842,0.286554804443487,0.9019138104143678,0.901508118740358,0.76805910791063,0.8974063685419958,0.8969792788487174,0.7526454569778374,0.5780077503743203,0.5768799063541297,0.3026031658242566,0.5695438300688878,0.5683837947232321,0.28830015171599577,0.6052631578947368,0.7062797481959158,0.030874138958194953,1.0885751247406006
3,0.3,0.5,0.75,0.25,1,28,4,4,0.3042848217540427,0.3044602846794321,0.9075030477238635,0.9071224809899361,0.7887321917624809,0.9116055475593928,0.9112424542131328,0.8049349549879696,0.8265696202747511,0.8261092144636512,0.6445372756707703,0.821834912015689,0.8213629372496289,0.6293450096268156,0.8561151079136691,0.9065837790068717,0.006044403466607645,0.6818137168884277
3,0.3,0.5,0.75,0.25,2,41,5,5,0.2961510883554919,0.2959491323549751,1.0,1.0,1.0,1.0,1.0,1.0,0.7382712632211267,0.7374429749388642,0.4728567797325691,0.7375733655715297,0.7367405406672015,0.4724246305454723,0.6052631578947368,0.7062797481959158,0.03214178560236604,1.1497902870178223
3,0.3,0.5,0.75,0.25,3,44,5,5,0.2961510883554918,0.29594913235497505,1.0,1.0,1.0,1.0,1.0,1.0,0.7382712632211267,0.7374429749388642,0.4728567797325691,0.7375733655715295,0.7367405406672014,0.4724246305454723,0.6052631578947368,0.7062797481959158,0.03214178560236604,1.117203712463379
3,0.3,0.5,0.75,0.25,4,45,10,3,0.11675898846981793,0.2759668904847632,0.5772741377825487,0.572725339829686,0.33031706488168516,0.7548712966501103,0.7541043224033086,0.5123044922655382,0.41626920205312157,0.4123990725044417,0.13265410493733548,0.5929240519143224,0.5920661274059542,0.33570984919437624,0.3333333333333333,0.5005005005005004,0.7621147478410695,1.3115670680999756
3,0.3,0.5,0.75,0.25,5,98,2,2,0.3065022615582611,0.306502261558261,0.5864457028076931,0.5857152626526245,0.36794884669240996,0.581408430461704,0.5806647649710639,0.35946576657210166,0.3554769798038332,0.3546723114607707,0.2012232560910715,0.36252835594946636,0.3617259494053958,0.21651936258282992,0.8321167883211679,0.8819570162001579,0.005018420274272637,2.9423294067382812
3,0.3,0.5,0.75,0.25,6,34,4,4,0.30225652517010054,0.3021997676838216,0.9062134325366955,0.9058270894842648,0.7840181975146335,0.9059896953135614,0.9056014712345598,0.78488266182146,0.5852097082025102,0.5841068448379703,0.31582286357372535,0.5839573365525113,0.5828476636274899,0.3153687444426345,0.6052631578947368,0.7062797481959158,0.028717010354689834,0.9072339534759521
3,0.3,0.5,0.75,0.25,7,29,10,3,0.12399272732219538,0.2946905382915192,0.6235044602715216,0.6196061025939675,0.44346316715576906,0.7921997857472497,0.7915695648752535,0.6162892627615703,0.438605831003049,0.43505501787597106,0.2101245551083941,0.6492493065110276,0.6485401515758276,0.45307203333420376,0.3333333333333333,0.5005005005005004,0.766147779117248,0.8464291095733643
3,0.3,0.5,0.75,0.25,8,109,4,4,0.3033095950933378,0.30324649544915616,0.908286786541069,0.9079097241974984,0.7915753497024844,0.9083491277292126,0.907971490705844,0.7934094346634827,0.5886766846770783,0.5875857803902927,0.3219956443730734,0.5879077429223252,0.5868117435177124,0.32235560277843,0.6052631578947368,0.7062797481959158,0.0295433431770452,3.258051633834839
3,0.3,0.5,0.75,0.25,9,26,4,4,0.30756199170358317,0.3073762154095663,0.902462641840836,0.9020594281071008,0.7700580044778049,0.897406368541996,0.8969792788487176,0.7526454569778374,0.8315072837959879,0.8310572568623775,0.6618054094433068,0.8357447021357429,0.8353020509100346,0.6777225590952062,0.6052631578947368,0.7062797481959158,0.029129768964001466,0.6490733623504639
3,0.3,0.5,0.75,0.5,0,50,4,4,0.30225652517010054,0.30219976768382184,0.9062134325366954,0.9058270894842647,0.7840181975146335,0.9059896953135614,0.9056014712345598,0.78488266182146,0.5852097082025101,0.5841068448379702,0.31582286357372535,0.5839573365525113,0.5828476636274899,0.3153687444426345,0.6052631578947368,0.7062797481959158,0.028717010354689838,1.3952882289886475
3,0.3,0.5,0.75,0.5,1,112,10,3,0.11058657055899038,0.2932015644017096,0.6307577149746894,0.6270232347473887,0.44694994580388814,0.7921997857472497,0.7915695648752535,0.6162892627615703,0.4302823655084173,0.42677787768887804,0.1879887537869603,0.6492493065110276,0.6485401515758276,0.45307203333420376,0.6153846153846154,0.7354293068578782,0.17598308405203805,3.332123041152954
3,0.3,0.5,0.75,0.5,2,17,4,4,0.30330959509333777,0.30324649544915616,0.908286786541069,0.9079097241974984,0.7915753497024844,0.9083491277292126,0.907971490705844,0.7934094346634827,0.5886766846770783,0.5875857803902927,0.3219956443730734,0.5879077429223252,0.5868117435177124,0.32235560277843,0.6052631578947368,0.7062797481959158,0.029543343177045198,0.15332341194152832
3,0.3,0.5,0.75,0.5,3,111,10,3,0.11608596883848994,0.2992721528049916,0.6610407622901738,0.6575082300175662,0.4256882461631002,0.7481612335885639,0.7473688711868739,0.49755280006294755,0.3578363766026931,0.3537396441261829,0.07489023052796485,0.3078099101773931,0.30634022681614625,0.029926155949019876,0.36363636363636365,0.5635787249031349,0.2610331645083954,3.4802231788635254
3,0.3,0.5,0.75,0.5,4,58,10,3,0.11825988089388856,0.2909116209702765,0.6554202589705472,0.6519263384996004,0.48721156493661755,0.7852802150932446,0.7846251091678986,0.6010060305727019,0.38128947820817655,0.37747199129773806,0.14400036597898525,0.3749359727893116,0.37366222508626973,0.14532804951821357,0.36363636363636365,0.5635787249031349,0.24607108255671195,1.0966665744781494
3,0.3,0.5,0.75,0.5,5,28,10,3,0.11271348483446941,0.29603186428838696,0.6655738966051671,0.6621791801158536,0.5024727042837424,0.7849276230002521,0.7842712471813089,0.5998687124749003,0.49149235173392963,0.48835060653620144,0.30365771493034116,0.6768387497441453,0.6761799567006874,0.527325252875187,0.36363636363636365,0.5635787249031349,0.24988012471298093,0.6455931663513184
3,0.3,0.5,0.75,0.5,6,75,4,4,0.28999564489917856,0.28967696566936385,0.9041296431413824,0.9037339420232676,0.7760883163884392,0.9000920107272863,0.8996771460213145,0.7622414951112423,0.5817213933144612,0.5806064583620327,0.30928567669377277,0.5740608484987776,0.5729166889125226,0.29646770121656035,0.6052631578947368,0.7062797481959158,0.030775249026417026,1.7498517036437988
3,0.3,0.5,0.75,0.5,7,109,4,4,0.30428482175404264,0.30446028467943204,0.9075030477238635,0.9071224809899361,0.7887321917624809,0.9116055475593928,0.9112424542131328,0.8049349549879696,0.8265696202747513,0.8261092144636513,0.6445372756707703,0.8218349120156893,0.8213629372496292,0.6293450096268156,0.8561151079136691,0.9065837790068717,0.006044403466607645,3.0908517837524414
3,0.3,0.5,0.75,0.5,8,110,4,4,0.30330959509333777,0.30324649544915616,0.908286786541069,0.9079097241974984,0.7915753497024844,0.9083491277292126,0.907971490705844,0.7934094346634827,0.5886766846770783,0.5875857803902927,0.3219956443730734,0.5879077429223252,0.5868117435177124,0.32235560277843,0.6052631578947368,0.7062797481959158,0.0295433431770452,2.7242298126220703
3,0.3,0.5,0.75,0.5,9,26,5,5,0.2961510883554918,0.2959491323549751,1.0,1.0,1.0,1.0,1.0,1.0,0.7382712632211267,0.7374429749388642,0.4728567797325691,0.7375733655715297,0.7367405406672015,0.4724246305454723,0.6052631578947368,0.7062797481959158,0.03214178560236604,0.4088585376739502
3,0.3,0.5,0.75,0.75,0,28,5,5,0.29615108835549186,0.29594913235497516,1.0,1.0,1.0,1.0,1.0,1.0,0.7382712632211267,0.7374429749388642,0.4728567797325691,0.7375733655715297,0.7367405406672015,0.4724246305454723,0.6052631578947368,0.7062797481959158,0.03214178560236604,0.557239294052124
3,0.3,0.5,0.75,0.75,1,43,10,4,0.14027725378710645,0.3019320746126237,0.7667763952342596,0.7644918552942703,0.5846442114852107,0.9059896953135614,0.9056014712345598,0.78488266182146,0.5124092696804528,0.5095219285181313,0.21400261550637828,0.5839573365525113,0.5828476636274899,0.3153687444426345,0.5454545454545454,0.6856515975682222,0.2058931655544618,1.224674940109253
3,0.3,0.5,0.75,0.75,2,34,10,4,0.11959266929622345,0.27738404481249745,0.7165393631119394,0.7137478408968663,0.5175882256148546,0.8974063685419958,0.8969792788487174,0.7526454569778374,0.44142078676219926,0.4380917609586485,0.1678282959262956,0.5695438300688878,0.5683837947232321,0.28830015171599577,0.46153846153846156,0.6552006552006552,0.2263903220737296,0.6516907215118408
3,0.3,0.5,0.75,0.75,3,102,10,4,0.13589178050634043,0.2914471053210964,0.7532822253096478,0.7508587985007863,0.5747869526649008,0.9059896953135614,0.9056014712345598,0.78488266182146,0.4838276314312662,0.4807609041853972,0.20437315159180283,0.5839573365525113,0.5828476636274899,0.3153687444426345,0.6666666666666666,0.748502994011976,0.15724512742191304,2.9893577098846436
3,0.3,0.5,0.75,0.75,4,110,5,5,0.2961510883554918,0.2959491323549751,1.0,1.0,1.0,1.0,1.0,1.0,0.7382712632211267,0.7374429749388642,0.4728567797325691,0.7375733655715297,0.7367405406672015,0.4724246305454723,0.6052631578947368,0.7062797481959158,0.03214178560236604,2.437626838684082
3,0.3,0.5,0.75,0.75,5,111,10,4,0.12078701560141143,0.2805506188278033,0.6969302638890545,0.6939515698843168,0.48657469259856434,0.9000920107272863,0.8996771460213145,0.7622414951112423,0.41508702844017725,0.4116093962521945,0.1495099825400736,0.5740608484987776,0.5729166889125226,0.29646770121656035,0.5454545454545454,0.6856515975682222,0.21592434292040857,3.3851938247680664
3,0.3,0.5,0.75,0.75,6,109,5,5,0.2961510883554918,0.29594913235497505,1.0,1.0,1.0,1.0,1.0,1.0,0.7382712632211268,0.7374429749388643,0.4728567797325691,0.7375733655715297,0.7367405406672015,0.4724246305454723,0.6052631578947368,0.7062797481959158,0.03214178560236604,2.7990734577178955
3,0.3,0.5,0.75,0.75,7,37,10,4,0.12407395744916092,0.28040393216574794,0.7610189187236419,0.7586836322091425,0.6036837151106076,0.9116055475593928,0.9112424542131328,0.8049349549879696,0.5191090772457865,0.5162696892533437,0.231323252003711,0.5933517525706162,0.5922745061043154,0.3316882713421359,0.5853658536585366,0.7250243902439024,0.16006895255925868,0.6435558795928955
3,0.3,0.5,0.75,0.75,8,51,5,5,0.29615108835549186,0.2959491323549751,1.0,1.0,1.0,1.0,1.0,1.0,0.7382712632211267,0.7374429749388642,0.4728567797325691,0.7375733655715295,0.7367405406672014,0.4724246305454723,0.6052631578947368,0.7062797481959158,0.03214178560236604,1.1543517112731934
3,0.3,0.5,0.75,0.75,9,71,5,5,0.29615108835549186,0.29594913235497516,1.0,1.0,1.0,1.0,1.0,1.0,0.7382712632211268,0.7374429749388643,0.4728567797325691,0.7375733655715297,0.7367405406672015,0.4724246305454723,0.6052631578947368,0.7062797481959158,0.03214178560236604,1.8607749938964844
3,0.3,0.5,0.75,1.0,0,69,10,4,0.1174485575456776,0.2887157248618779,0.6715012168139673,0.6683363666807035,0.4874458290819172,0.897406368541996,0.8969792788487176,0.7526454569778374,0.5508143827777184,0.5482062468381312,0.2757276300717767,0.8357447021357429,0.8353020509100345,0.6777225590952062,0.28205128205128205,0.43464517148727677,0.4417710142552976,1.635408878326416
3,0.3,0.5,0.75,1.0,1,27,10,5,0.1382954612459081,0.28702480214349924,0.8010760138288409,0.7991858956906216,0.6242010447052435,1.0,1.0,1.0,0.5706180423958704,0.5681656304691889,0.252415444870622,0.7375733655715297,0.7367405406672015,0.4724246305454723,0.48484848484848486,0.6562218029694036,0.3271722563356484,0.43538808822631836
3,0.3,0.5,0.75,1.0,2,34,10,3,0.07850556338525051,0.26281397960210584,0.5730955767896784,0.568868443414004,0.37059042468634795,0.7250071641342934,0.7241254949570672,0.44647024161769056,0.3615206882519219,0.3576898669447356,0.11369618860016083,0.5880574779608788,0.5871603983222972,0.34186166083827674,0.21176470588235294,0.33573946617424877,0.5441987050999306,0.6454119682312012
3,0.3,0.5,0.75,1.0,3,79,10,4,0.12202601857842964,0.2931913407277824,0.6985604622656507,0.695646277378843,0.509959835963014,0.897406368541996,0.8969792788487176,0.7526454569778374,0.5857480731685695,0.5833329162842816,0.29565269668012134,0.8357447021357429,0.8353020509100345,0.6777225590952062,0.30434782608695654,0.44536061485214024,0.4542040248303973,1.4869389533996582
3,0.3,0.5,0.75,1.0,4,39,10,4,0.12352691175902426,0.2891762538160112,0.7245815026079148,0.721918877695868,0.5446303181937431,0.897406368541996,0.8969792788487176,0.7526454569778374,0.5857480731685692,0.5833329162842813,0.29565269668012134,0.8357447021357429,0.8353020509100345,0.6777225590952062,0.30434782608695654,0.44536061485214024,0.4542040248303974,0.8043746948242188
3,0.3,0.5,0.75,1.0,5,113,10,4,0.12326599546515922,0.2889197396994055,0.7245815026079148,0.721918877695868,0.5446303181937431,0.897406368541996,0.8969792788487176,0.7526454569778374,0.5857480731685692,0.5833329162842813,0.29565269668012134,0.8357447021357429,0.8353020509100346,0.6777225590952062,0.30434782608695654,0.44536061485214024,0.4542040248303973,2.8769843578338623
3,0.3,0.5,0.75,1.0,6,25,10,4,0.11754055635610187,0.2852595347898834,0.69858154380783,0.6956895285114114,0.5167696339092807,0.9116055475593928,0.9112424542131328,0.8049349549879696,0.5493252058446547,0.5467212708474843,0.2652903335349438,0.8218349120156893,0.8213629372496292,0.6293450096268156,0.3793103448275862,0.4930303437766124,0.4032438081419662,0.638704776763916
3,0.3,0.5,0.75,1.0,7,37,10,4,0.11333582189824454,0.27524316872570037,0.6900270814378746,0.6870403030897522,0.4984049692477758,0.9059896953135614,0.9056014712345598,0.78488266182146,0.41654658729810223,0.41315830269539794,0.16595646864842467,0.5839573365525113,0.5828476636274899,0.3153687444426345,0.29464285714285715,0.4404404404404404,0.42236625449079507,0.8610610961914062
3,0.3,0.5,0.75,1.0,8,29,10,5,0.1397541347836764,0.2875001054082154,0.7987581341567707,0.7968460435540198,0.6299714826494806,1.0,1.0,1.0,0.5743679154221699,0.5719369984434153,0.25512824189737515,0.7375733655715297,0.7367405406672015,0.4724246305454723,0.48484848484848486,0.6562218029694036,0.3273488116652152,0.6242356300354004
3,0.3,0.5,0.75,1.0,9,54,10,4,0.11927970689856604,0.2891061806633954,0.6998115134345614,0.6969214466057754,0.5039052464329388,0.9083491277292126,0.907971490705844,0.7934094346634827,0.4678146914076934,0.46472721236902886,0.18149439898267644,0.5879077429223252,0.5868117435177124,0.32235560277843,0.3211009174311927,0.4650668367482526,0.42975015639038844,1.1590332984924316
3,0.3,0.5,1.0,0.0,0,111,10,5,0.16703460953582228,0.2876549064245281,0.8295076033472052,0.8278385963766564,0.7100036524365897,1.0,1.0,1.0,0.578016463676269,0.5755208417158085,0.2901701384768433,0.7375733655715295,0.7367405406672014,0.4724246305454723,0,0.0,inf,3.7879133224487305
3,0.3,0.5,1.0,0.0,1,41,10,3,0.11320964066089234,0.2778984141386239,0.597390534691528,0.5932528626880903,0.42853512923477144,0.7849276230002521,0.7842712471813089,0.5998687124749003,0.45510846824116974,0.45169288933572277,0.26888514102720007,0.6768387497441453,0.6761799567006874,0.527325252875187,0,0.0,inf,2.1462459564208984
3,0.3,0.5,1.0,0.0,2,55,10,3,0.12141705842446227,0.2839465096536191,0.6166465003598169,0.6127106596586356,0.4571124948247569,0.789789857030486,0.789150994948784,0.6112350182388241,0.4793072354335773,0.47604730081443203,0.2751121441274164,0.6668307613228105,0.6661552998165208,0.4990750972068573,0,0.0,inf,1.8438873291015625
3,0.3,0.5,1.0,0.0,3,1000,10,4,0.11284536783904978,0.2148855560838368,0.6004575000414167,0.5963513476562622,0.40814779083397335,0.897406368541996,0.8969792788487176,0.7526454569778374,0.4904458447189826,0.4872517733808892,0.2727277857798957,0.8357447021357429,0.8353020509100346,0.6777225590952062,0,0.0,inf,22.811001777648926
3,0.3,0.5,1.0,0.0,4,20,10,5,0.17027281791246554,0.29096950578300407,0.8286654056490345,0.8269881541241453,0.717022570286677,1.0,1.0,1.0,0.5887229267200826,0.58629062306944,0.2966178301498782,0.7375733655715297,0.7367405406672015,0.4724246305454723,0,0.0,inf,0.36302924156188965
3,0.3,0.5,1.0,0.0,5,1000,10,4,0.10971558180016908,0.20081918812722543,0.6342983895896193,0.63053387991926,0.444392708170534,0.9116055475593928,0.9112424542131328,0.8049349549879696,0.35434927717211173,0.3502940784993381,0.11093958675071963,0.5933517525706162,0.5922745061043154,0.3316882713421359,0,0.0,inf,22.689560651779175
3,0.3,0.5,1.0,0.0,6,45,10,4,0.11871001543346635,0.22111435832132004,0.6206012699754384,0.6167062204278685,0.4307987307691212,0.9116055475593928,0.9112424542131328,0.8049349549879696,0.4681315420717566,0.4648018348909993,0.24659899804696497,0.8218349120156893,0.8213629372496292,0.6293450096268156,0,0.0,inf,0.8089826107025146
3,0.3,0.5,1.0,0.0,7,36,10,3,0.11892331036505875,0.29160996425652685,0.5998014583469027,0.5956989261002895,0.43657088719958925,0.7916267295012033,0.7909944647108239,0.6144266258107057,0.4567996424965774,0.4534050681841818,0.27566108925023897,0.6865809274896538,0.6859468433771048,0.542968341433499,0,0.0,inf,0.7015304565429688
3,0.3,0.5,1.0,0.0,8,27,10,4,0.15047545235119,0.290441889006986,0.7082668811945456,0.7053442935650456,0.5636973715264718,0.9083491277292126,0.907971490705844,0.7934094346634827,0.43190993328815613,0.4284563985306762,0.19484336416705184,0.5879077429223252,0.5868117435177124,0.32235560277843,0,0.0,inf,0.608525276184082
3,0.3,0.5,1.0,0.0,9,52,10,3,0.1056434173794338,0.2596651317865329,0.5927958877562761,0.5886286821534774,0.4110403962738828,0.8021489417124285,0.8015540214626932,0.6413806962628472,0.44227587361216625,0.43879777615217397,0.23260513572123162,0.6640652098143665,0.6633936463526339,0.47901294122685556,0,0.0,inf,1.4651908874511719
3,0.3,0.5,1.0,0.25,0,1000,10,3,0.09298950948406542,0.2626915649497388,0.5730488182217395,0.5687446943219798,0.3978823000715104,0.7916267295012034,0.790994464710824,0.6144266258107057,0.30508730625337566,0.3008292771248703,0.09609444351834212,0.38627454010806195,0.38503290040672733,0.15913988880652757,0.24242424242424243,0.36703370036703364,1.4070417284981547,21.11031198501587
3,0.3,0.5,1.0,0.25,1,115,10,4,0.10996614881250343,0.24624972147473528,0.6545962156556963,0.6511981942730688,0.4629755321582384,0.9137594533047027,0.9134059329538328,0.8127690521941776,0.4185389802232076,0.41507884906916004,0.16459894102192135,0.5969473729725019,0.5958824465842398,0.33795995639299703,0.24242424242424243,0.42147410568463195,1.1612550635329222,2.7319605350494385
3,0.3,0.5,1.0,0.25,2,36,10,5,0.15967297246682013,0.2906302326178087,0.8212885150510425,0.8195608730706725,0.6893106415104518,1.0,1.0,1.0,0.5835019808761929,0.5810745881159746,0.28224293129960265,0.7375733655715295,0.7367405406672014,0.4724246305454723,0.24242424242424243,0.42147410568463195,0.9886185606990943,0.7099671363830566
3,0.3,0.5,1.0,0.25,3,1000,10,3,0.10340426671621471,0.28492998784702794,0.540291646284423,0.5355998287440928,0.3538586167035861,0.7375733655715295,0.7367405406672014,0.4724246305454723,0.5655647088005424,0.5628625374897546,0.4158659648598842,0.9999999999999999,0.9999999999999999,1.0,0.1978021978021978,0.29618659755646054,1.3631831682021394,20.104887008666992
3,0.3,0.5,1.0,0.25,4,46,10,4,0.14215656985120861,0.28896863330094547,0.7439240789693354,0.7413969212168092,0.5715115663654892,0.9059896953135614,0.9056014712345598,0.78488266182146,0.4769080770586465,0.47378350386999435,0.2027969135703987,0.5839573365525113,0.5828476636274899,0.3153687444426345,0.24242424242424243,0.41217688276511805,1.2897994886012132,0.8673305511474609
3,0.3,0.5,1.0,0.25,5,48,10,3,0.10683228486440986,0.2883185704318466,0.6212674850033513,0.6174815060051845,0.44396986217512313,0.8019282820082536,0.8013325861275414,0.6406540834881669,0.34351947515962805,0.33953759438339026,0.12518559861394307,0.4045942902943182,0.40340372512137557,0.185435262866209,0.24242424242424243,0.38862391803568275,1.393247151915192,0.8327019214630127
3,0.3,0.5,1.0,0.25,6,49,10,5,0.15893059574226728,0.2878507823514522,0.8136235691240767,0.811821993678073,0.6857493994554084,1.0,1.0,1.0,0.5834404653620422,0.5810129799393252,0.2820171944419247,0.7375733655715295,0.7367405406672014,0.4724246305454723,0.24242424242424243,0.42147410568463195,0.9914775469851391,0.990668535232544
3,0.3,0.5,1.0,0.25,7,1000,10,4,0.12681128939175768,0.27841535888775043,0.6827255539350058,0.6795956510162985,0.5187421944509603,0.9037907607564276,0.9033926442098374,0.7752391372397232,0.58455852897489,0.5820781224261143,0.3242593764484471,0.8294772696226798,0.8290212524311569,0.6564476401607514,0.24242424242424243,0.4206541171521716,1.159582621128395,20.454243183135986
3,0.3,0.5,1.0,0.25,8,34,10,3,0.1027648722213171,0.28220193281458406,0.5995200973741917,0.5955002290966284,0.40713664071975697,0.7852802150932446,0.7846251091678986,0.6010060305727019,0.2944814350316673,0.2901808560443152,0.09289244436036684,0.3749359727893116,0.37366222508626973,0.14532804951821357,0.24242424242424243,0.41991143686058935,1.5085414078358406,0.6404893398284912
3,0.3,0.5,1.0,0.25,9,51,10,3,0.1002443853162537,0.279338940231657,0.5820927697972247,0.5778967327729347,0.4091045047391415,0.7849276230002521,0.7842712471813089,0.5998687124749003,0.44567621190635703,0.44229604956668295,0.24886589441382406,0.6768387497441453,0.6761799567006874,0.527325252875187,0.24242424242424243,0.40795512493625696,1.5080234611621175,1.0425724983215332
3,0.3,0.5,1.0,0.5,0,25,10,4,0.12582734656176953,0.2875723022631264,0.7009749185515167,0.6980621484526527,0.5135923420489051,0.897406368541996,0.8969792788487176,0.7526454569778374,0.5574076136361976,0.5548041503968298,0.29802574839747253,0.8357447021357429,0.8353020509100345,0.6777225590952062,0.28205128205128205,0.39959314152862535,0.5701296129807716,0.7189469337463379
3,0.3,0.5,1.0,0.5,1,47,10,4,0.13038252898020686,0.28668805773769407,0.7248064841736036,0.7221306505785673,0.5454096084270654,0.9083491277292126,0.907971490705844,0.7934094346634827,0.4574429196964717,0.4542583326916919,0.19176783148796267,0.5879077429223252,0.5868117435177124,0.32235560277843,0.3177570093457944,0.4478162372899214,0.6147076398010066,1.3487780094146729
3,0.3,0.5,1.0,0.5,2,52,10,5,0.14139971219044403,0.27027561882456524,0.7802826133695001,0.7781737389778257,0.6340891976378918,1.0,1.0,1.0,0.5361308746436346,0.5334498237046903,0.25116445151277345,0.7375733655715297,0.7367405406672015,0.4724246305454723,0.4605263157894737,0.5775005775005775,0.4579897818339226,1.2363181114196777
3,0.3,0.5,1.0,0.5,3,112,10,3,0.08235810131880372,0.2616982156830211,0.5532084678809366,0.5487820964234625,0.36569468423404483,0.7921997857472497,0.7915695648752535,0.6162892627615703,0.28962052147951406,0.2853567711047237,0.08682432763952917,0.3872963856355672,0.38605760892034696,0.1610374468129141,0.29464285714285715,0.4061438487667996,0.7019187817540445,2.5404975414276123
3,0.3,0.5,1.0,0.5,4,41,10,3,0.08243440234141662,0.2599092198351896,0.5704391585141245,0.56618294412787,0.3936855700299075,0.7916267295012034,0.790994464710824,0.6144266258107057,0.3170744406454963,0.31297483312135904,0.10609816454525632,0.38627454010806195,0.38503290040672733,0.15913988880652757,0.28695652173913044,0.39798834979557873,0.7027862274490887,1.087456226348877
3,0.3,0.5,1.0,0.5,5,31,10,3,0.08961291999387291,0.2820827808589296,0.60850542194598,0.6046523371805393,0.43462724309652095,0.7889606460971246,0.7883188157233194,0.6085417084158432,0.43667432994006433,0.4333197348045713,0.22256159822665483,0.6444080303082955,0.6436864403758702,0.44488729445134056,0.3333333333333333,0.4463923382842302,0.6402555043407941,0.5814714431762695
3,0.3,0.5,1.0,0.5,6,93,10,4,0.11327942200677099,0.2605637553449443,0.6629544485771887,0.6596503337177959,0.4766309464237267,0.9083491277292126,0.907971490705844,0.7934094346634827,0.3797013429928584,0.3760246128772419,0.14550955921185127,0.5879077429223252,0.5868117435177124,0.32235560277843,0.2764227642276423,0.38097799291829143,0.6359279642302814,1.813173532485962
3,0.3,0.5,1.0,0.5,7,110,10,5,0.14962657550277822,0.2915915520885177,0.8222022348128973,0.8205002278075004,0.6609449837947906,1.0,1.0,1.0,0.5750028780163638,0.572554245376489,0.2645417041281583,0.7375733655715295,0.7367405406672014,0.4724246305454723,0.48484848484848486,0.655909090909091,0.4500610624863976,2.8964362144470215
3,0.3,0.5,1.0,0.5,8,76,10,4,0.11337280494124215,0.2619127458025028,0.6598805457722277,0.6565348939815423,0.45986608295858616,0.8974063685419958,0.8969792788487174,0.7526454569778374,0.41861856462138824,0.41515831025023936,0.14552602191020547,0.5695438300688878,0.5683837947232321,0.28830015171599577,0.27906976744186046,0.3766833035125718,0.6321868958201672,2.2553293704986572
3,0.3,0.5,1.0,0.5,9,35,10,5,0.14915771530130054,0.2911278635428134,0.8214815258174024,0.8197726196715248,0.6590231840793355,1.0,1.0,1.0,0.574130904682126,0.5716772481438366,0.26342280400488505,0.7375733655715297,0.7367405406672015,0.4724246305454723,0.48484848484848486,0.655909090909091,0.4500610624863978,1.0216643810272217
3,0.3,0.5,1.0,0.75,0,56,10,5,0.1414949445779923,0.2913464503061435,0.8167767252757038,0.8150358491716114,0.638523420043542,1.0,1.0,1.0,0.5704195283323703,0.5679660795317063,0.25296728692766796,0.7375733655715297,0.7367405406672015,0.4724246305454723,0.48484848484848486,0.6562218029694036,0.3406747961979129,1.6316585540771484
3,0.3,0.5,1.0,0.75,1,36,10,4,0.1185562298424007,0.2837283158693757,0.7170476012358589,0.7143259479511302,0.5263972659485011,0.9059896953135614,0.9056014712345598,0.78488266182146,0.4577682010564568,0.454625845357741,0.18486662362765333,0.5839573365525113,0.5828476636274899,0.3153687444426345,0.29464285714285715,0.4463923382842302,0.4530841210329545,1.0153889656066895
3,0.3,0.5,1.0,0.75,2,24,10,5,0.14208437495307097,0.29102048805190206,0.8127487175845091,0.8109695698015197,0.6384323163752271,1.0,1.0,1.0,0.5712725983949526,0.5688240217052433,0.2541575123166467,0.7375733655715297,0.7367405406672015,0.4724246305454723,0.48484848484848486,0.6562218029694036,0.34067479619791285,0.6129410266876221
3,0.3,0.5,1.0,0.75,3,112,10,5,0.14188335628218612,0.2908935976546076,0.8073004622349971,0.8054695484437796,0.6359421494412864,1.0,1.0,1.0,0.5719100845083678,0.569465148672104,0.2549976714147493,0.7375733655715295,0.7367405406672014,0.4724246305454723,0.48484848484848486,0.6562218029694036,0.3406747961979129,3.2221386432647705
3,0.3,0.5,1.0,0.75,4,19,10,5,0.1411596720596637,0.2909361992316132,0.8162490960714337,0.8145032067555923,0.6370657613505035,1.0,1.0,1.0,0.5697820422189551,0.5673249525648456,0.2521271278295653,0.7375733655715297,0.7367405406672015,0.4724246305454723,0.48484848484848486,0.6562218029694036,0.34067479619791285,0.29167914390563965
3,0.3,0.5,1.0,0.75,5,111,10,4,0.11899355052153494,0.28972829177513504,0.6909822413078268,0.6880122859368287,0.5045085713824335,0.9083491277292126,0.907971490705844,0.7934094346634827,0.45787949521853677,0.4547408390140555,0.18370739508439646,0.5879077429223252,0.5868117435177124,0.32235560277843,0.3302752293577982,0.5005005005005004,0.4352534938575221,2.518744945526123
3,0.3,0.5,1.0,0.75,6,47,10,3,0.0680794181996253,0.2564973748546333,0.5491364283811655,0.5447629981645731,0.3788258048311006,0.792676458447326,0.7920479364188314,0.6178455857756018,0.4143608392133661,0.41093285407653996,0.19769505157775005,0.6710761095271227,0.670411439649869,0.5060781026638148,0.308411214953271,0.5082005082005082,0.5059100872234593,1.0231974124908447
3,0.3,0.5,1.0,0.75,7,39,10,4,0.1175465404966707,0.2822100542837757,0.7121374993466258,0.7093727212514868,0.5199394963241103,0.9083491277292126,0.907971490705844,0.7934094346634827,0.4522684846350932,0.44909988272643186,0.18184540231221885,0.5879077429223252,0.5868117435177124,0.32235560277843,0.30275229357798167,0.46744858065612777,0.44930479777844556,1.0432374477386475
3,0.3,0.5,1.0,0.75,8,38,10,2,0.050097988603248815,0.28305309931114786,0.5025544634683099,0.4976699036940981,0.3208234367965149,0.581408430461704,0.5806647649710639,0.35946576657210166,0.2835044451405961,0.27924860107713684,0.08591906724208957,0.36252835594946636,0.3617259494053958,0.21651936258282992,0.23076923076923078,0.36896965224610273,0.5243825849122049,1.0721888542175293
3,0.3,0.5,1.0,0.75,9,41,10,3,0.08043214211251319,0.27556659077759105,0.5949725271934285,0.5910558855123192,0.41027259425297935,0.7926764584473263,0.7920479364188315,0.6178455857756018,0.43878979004134216,0.43551691062475323,0.19330327480306475,0.6710761095271227,0.670411439649869,0.5060781026638148,0.30275229357798167,0.47643797643797636,0.48737639490790163,1.0819940567016602
3,0.3,0.5,1.0,1.0,0,28,10,4,0.10864509998362012,0.28660433910834354,0.6676038373796641,0.6644537777474897,0.4714373245871196,0.9116055475593928,0.9112424542131328,0.8049349549879696,0.5334305430970485,0.5307738424053796,0.23813269599961948,0.8218349120156893,0.8213629372496292,0.6293450096268156,0.41379310344827586,0.5841974587410544,0.48060655433429694,0.7179348468780518
3,0.3,0.5,1.0,1.0,1,35,10,4,0.08908233603302822,0.25858227545436946,0.6421697576950876,0.6387779597576682,0.45151723938409555,0.9037907607564276,0.9033926442098374,0.7752391372397232,0.5070127547518438,0.5042049349875706,0.2257062261323448,0.8294772696226798,0.8290212524311569,0.6564476401607514,0.4,0.5841974587410544,0.4810099778331532,0.9595038890838623
3,0.3,0.5,1.0,1.0,2,41,10,5,0.13044422725182858,0.28276254708966997,0.7754593252193273,0.773337798071715,0.590865881030694,1.0,1.0,1.0,0.5547050961458397,0.5521785550717638,0.23776322061342875,0.7375733655715297,0.7367405406672015,0.4724246305454723,0.48484848484848486,0.5841974587410544,0.3885306092740572,1.0972983837127686
3,0.3,0.5,1.0,1.0,3,33,10,4,0.10695749787765924,0.28414420814499025,0.6738575695352393,0.6707617031381449,0.47169734867297214,0.9083491277292126,0.907971490705844,0.7934094346634827,0.44030026850598375,0.43710705658988364,0.16970371294498088,0.5879077429223252,0.5868117435177124,0.32235560277843,0.30275229357798167,0.5362385321100918,0.5339958166266144,0.596290111541748
3,0.3,0.5,1.0,1.0,4,47,10,5,0.13077619349456346,0.28279908928760444,0.7762928347805291,0.7741791828794111,0.593316703158552,1.0,1.0,1.0,0.5557111038394044,0.5531902707124363,0.23916475346258959,0.7375733655715297,0.7367405406672015,0.4724246305454723,0.48484848484848486,0.5841974587410544,0.3885306092740571,0.9856352806091309
3,0.3,0.5,1.0,1.0,5,100,10,4,0.08990736254399616,0.26284890534981925,0.6563428665597365,0.6530784924070464,0.4651420315291209,0.9083491277292126,0.907971490705844,0.7934094346634827,0.41077929125940205,0.4074149079994948,0.1606097760585855,0.5879077429223252,0.5868117435177124,0.32235560277843,0.3177570093457944,0.5525046728971963,0.5134728352431082,2.0672829151153564
3,0.3,0.5,1.0,1.0,6,114,10,4,0.10636124935385306,0.28447190409364326,0.6694510572208705,0.6663133625545044,0.4636424284141312,0.9083491277292126,0.907971490705844,0.7934094346634827,0.4346874161987532,0.4314621817072215,0.1649257847418661,0.5879077429223252,0.5868117435177124,0.32235560277843,0.30275229357798167,0.5362385321100918,0.5339958166266144,2.3615479469299316
3,0.3,0.5,1.0,1.0,7,51,10,5,0.1295940995126562,0.2778641750453074,0.7758232634325675,0.7737057828250457,0.5951531144406251,1.0,1.0,1.0,0.5425963120385089,0.5400019466859384,0.23623216381348852,0.7375733655715295,0.7367405406672014,0.4724246305454723,0.48484848484848486,0.5841974587410544,0.3982477388067634,0.9838111400604248
3,0.3,0.5,1.0,1.0,8,110,10,4,0.09076882432266348,0.26513956941704664,0.65664274081368,0.6533825507349943,0.4634581013225765,0.9083491277292126,0.907971490705844,0.7934094346634827,0.39525481538107404,0.39180347077334055,0.1565123935827925,0.5879077429223252,0.5868117435177124,0.32235560277843,0.308411214953271,0.5400186915887851,0.5241445434841392,2.87461256980896
3,0.3,0.5,1.0,1.0,9,50,10,5,0.12526255351712734,0.2722311179286441,0.7637252006947882,0.7614927621895976,0.5773808895023117,1.0,1.0,1.0,0.511761779280006,0.5089915193314245,0.21941960431401064,0.7375733655715297,0.7367405406672015,0.4724246305454723,0.48484848484848486,0.5841974587410544,0.38852311758204483,1.181626319885254
3,0.3,0.75,0.0,0.0,0,33,10,3,0.18936683499615511,0.2956621932153703,0.6945056518210612,0.6909748463543419,0.5319606887473985,0.8021489417124285,0.8015540214626932,0.6413806962628472,0.3613434828409862,0.35675076207473805,0.13319331444783494,0.40498555723662094,0.40379607055457106,0.18615098045841807,0,0.0,inf,0.5935826301574707
3,0.3,0.75,0.0,0.0,1,40,10,3,0.15272985296415698,0.19724901270248343,0.5296849067055254,0.5238377169399403,0.33240259733057936,0.7926764584473263,0.7920479364188315,0.6178455857756018,0.34720843749580227,0.34207094925782683,0.1697786288998012,0.6710761095271227,0.670411439649869,0.5060781026638148,0,0.0,inf,0.8870792388916016
3,0.3,0.75,0.0,0.0,2,32,10,3,0.1831260116506174,0.2924879634368615,0.6751653648962392,0.6713950440657845,0.5100286421871162,0.7889606460971246,0.7883188157233194,0.6085417084158432,0.5087581173287072,0.5052067441793742,0.3162455325242179,0.6444080303082955,0.6436864403758702,0.44488729445134056,0,0.0,inf,0.5000767707824707
3,0.3,0.75,0.0,0.0,3,30,10,3,0.18806637771073964,0.29859277624582237,0.668640272215324,0.6647994797239757,0.5153092088611448,0.7926764584473263,0.7920479364188315,0.6178455857756018,0.5379696597106252,0.534635161692825,0.39187542962222655,0.6710761095271227,0.670411439649869,0.5060781026638148,0,0.0,inf,0.5324699878692627
3,0.3,0.75,0.0,0.0,4,14,4,4,0.3042848217540427,0.30446028467943204,0.9075030477238635,0.9071224809899361,0.7887321917624809,0.9116055475593928,0.9112424542131328,0.8049349549879696,0.8265696202747513,0.8261092144636513,0.6445372756707703,0.821834912015689,0.8213629372496289,0.6293450096268156,0.8561151079136691,0.9065837790068717,0.006044403466607643,0.10053634643554688
3,0.3,0.75,0.0,0.0,5,112,10,3,0.18340701277757337,0.29967858254077623,0.6293871431322334,0.6249585689351149,0.40101113531178445,0.7548712966501103,0.7541043224033086,0.5123044922655382,0.4653096355158594,0.46130075612130234,0.20542690141138772,0.5929240519143224,0.5920661274059542,0.33570984919437624,0,0.0,inf,3.0694353580474854
3,0.3,0.75,0.0,0.0,6,35,10,3,0.1891106538207192,0.3084773654750803,0.6297433631476742,0.6253430627078596,0.42127575473834805,0.7303232410180941,0.7294623299636516,0.45744797462502,0.444224502783346,0.44008591904559796,0.22519386839888325,0.5960555189006077,0.595180939197939,0.35653127194845763,0,0.0,inf,0.784203290939331
3,0.3,0.75,0.0,0.0,7,22,4,4,0.2926859041788298,0.2924940346636297,0.9032922516795583,0.9028927793128343,0.7730668342239174,0.9037907607564276,0.9033926442098374,0.7752391372397232,0.8306936655910727,0.8302419177365985,0.6589970286474999,0.8294772696226798,0.8290212524311569,0.6564476401607514,0.8082191780821918,0.890901124580108,0.009635346955252857,0.3475210666656494
3,0.3,0.75,0.0,0.0,8,18,5,4,0.2826007870361108,0.3060351342307196,0.8613629340922503,0.8606333071716857,0.765140919099508,0.897406368541996,0.8969792788487176,0.7526454569778374,0.7782799474421153,0.7775376679773502,0.5792420398930747,0.8357447021357429,0.8353020509100345,0.6777225590952062,0,0.0,inf,0.26685643196105957
3,0.3,0.75,0.0,0.0,9,110,10,3,0.19003905022452888,0.2948171785205453,0.6831044000207251,0.6794285324096562,0.5271380341393112,0.7889606460971244,0.7883188157233192,0.6085417084158432,0.5194459938504629,0.5159746067496972,0.34564890342769194,0.6827081189134145,0.6820642499665682,0.536681216439622,0,0.0,inf,3.472844362258911
3,0.3,0.75,0.0,0.25,0,28,4,4,0.29673774329957675,0.2967419214121848,0.8744277488246417,0.8739133050544788,0.7732068964114409,0.9083491277292126,0.907971490705844,0.7934094346634827,0.5958387273624851,0.5947716610160357,0.33493196179154255,0.5879077429223252,0.5868117435177124,0.32235560277843,0.8157894736842105,0.8797570735306637,0.0070433333298414585,0.2770962715148926
3,0.3,0.75,0.0,0.25,1,33,10,4,0.19139263851995963,0.3004873520756015,0.7668799325738225,0.7644001166719865,0.6243060355223963,0.897406368541996,0.8969792788487176,0.7526454569778374,0.6500906306158075,0.64780816519123,0.4593103579372233,0.8357447021357429,0.8353020509100345,0.6777225590952062,0,0.0,inf,0.8968360424041748
3,0.3,0.75,0.0,0.25,2,27,10,4,0.19208401699973462,0.3022173855820328,0.7788595171802346,0.776519918052322,0.6312182239961087,0.9083491277292126,0.907971490705844,0.7934094346634827,0.5072752469001275,0.5040825400539362,0.2305258617285912,0.5879077429223252,0.5868117435177124,0.32235560277843,0,0.0,inf,0.7464611530303955
3,0.3,0.75,0.0,0.25,3,55,10,3,0.14476097215540973,0.2656218794828849,0.6028181491340796,0.5984231933091905,0.4383794959322446,0.7921997857472497,0.7915695648752535,0.6162892627615703,0.3060448588932613,0.30129711419315913,0.09511445975714414,0.3872963856355672,0.38605760892034696,0.1610374468129141,0,0.0,inf,1.667679786682129
3,0.3,0.75,0.0,0.25,4,35,10,3,0.13214768513093655,0.22294139182815825,0.5159116650270053,0.510248603039156,0.3102792661594892,0.7303232410180941,0.7294623299636516,0.45744797462502,0.31085413745998025,0.30580558522347684,0.11182105022414744,0.5960555189006077,0.595180939197939,0.35653127194845763,0,0.0,inf,0.7279777526855469
3,0.3,0.75,0.0,0.25,5,26,10,3,0.16376098803778416,0.2939731370826699,0.653852686114247,0.6500296149159663,0.49632415465029445,0.789789857030486,0.789150994948784,0.6112350182388241,0.5248001166919065,0.5215565014437155,0.35753497033030956,0.6668307613228105,0.6661552998165208,0.4990750972068573,0,0.0,inf,0.46943187713623047
3,0.3,0.75,0.0,0.25,6,114,10,3,0.16439996845133786,0.29590095752561385,0.6774184355732726,0.6738694341897377,0.505381534777491,0.8021489417124285,0.8015540214626932,0.6413806962628472,0.3550275078094068,0.3506460602686379,0.12519616373772907,0.40498555723662094,0.40379607055457106,0.18615098045841807,0,0.0,inf,2.658094644546509
3,0.3,0.75,0.0,0.25,7,112,10,4,0.16696160045911218,0.2384827130605796,0.6979207201031301,0.6945968869872469,0.5053788992828476,0.9059896953135614,0.9056014712345598,0.78488266182146,0.3804813344775952,0.37627218206297186,0.1250880797715752,0.5839573365525113,0.5828476636274899,0.3153687444426345,0,0.0,inf,3.4179770946502686
3,0.3,0.75,0.0,0.25,8,35,10,3,0.1224055693887313,0.2250584307155843,0.4722599273309918,0.4660862095834585,0.2830037213346176,0.7303232410180941,0.7294623299636516,0.45744797462502,0.30376297803632185,0.2986624773071789,0.11384611446362244,0.5960555189006077,0.595180939197939,0.35653127194845763,0,0.0,inf,1.0913021564483643
3,0.3,0.75,0.0,0.25,9,19,4,3,0.26339108650309917,0.30877480420296277,0.7568674285512277,0.7558141533995135,0.5394126062129398,0.7548712966501103,0.7541043224033086,0.5123044922655382,0.5608685200021666,0.559623080024702,0.28746917140021416,0.5929240519143224,0.5920661274059542,0.33570984919437624,0,0.0,inf,0.20404958724975586
3,0.3,0.75,0.0,0.5,0,34,10,3,0.1437231646950199,0.29917437563218285,0.6486913760763693,0.6449540735644292,0.4803457506295883,0.7926764584473263,0.7920479364188315,0.6178455857756018,0.5179532739373002,0.5148050017258682,0.34400256292952724,0.6710761095271227,0.670411439649869,0.5060781026638148,0,0.0,inf,0.9698867797851562
3,0.3,0.75,0.0,0.5,1,111,10,3,0.14288997736313566,0.2960379922360818,0.6584298895454593,0.6547968566872655,0.4861194986335851,0.7921997857472497,0.7915695648752535,0.6162892627615703,0.460960000970245,0.45744029851375617,0.24575160587161357,0.6492493065110276,0.6485401515758276,0.45307203333420376,0,0.0,inf,3.6284327507019043
3,0.3,0.75,0.0,0.5,2,47,10,3,0.1123561835373393,0.21616089635269434,0.5598395339574733,0.5549714014313303,0.3519148558734979,0.7916267295012033,0.7909944647108239,0.6144266258107057,0.34795985074817554,0.3434948426632478,0.14809482636139268,0.6865809274896538,0.6859468433771048,0.542968341433499,0,0.0,inf,1.4531145095825195
3,0.3,0.75,0.0,0.5,3,39,10,4,0.1595119689137087,0.28126196329848385,0.724862477246448,0.7219934353958626,0.5438127811369926,0.9000920107272863,0.8996771460213145,0.7622414951112423,0.4453082697468943,0.4417712766155834,0.16965159251726325,0.5740608484987776,0.5729166889125226,0.29646770121656035,0,0.0,inf,1.0632202625274658
3,0.3,0.75,0.0,0.5,4,42,10,5,0.16261936654251916,0.2163643104715263,0.7502664453423424,0.7476822404480024,0.5695495359305793,1.0,1.0,1.0,0.4892526781004559,0.48602623186343324,0.19378439313708404,0.7375733655715295,0.7367405406672014,0.4724246305454723,0,0.0,inf,1.069373607635498
3,0.3,0.75,0.0,0.5,5,37,10,4,0.17708939299495202,0.3002171684482065,0.754778233121215,0.7522566383884626,0.6247732443669947,0.897406368541996,0.8969792788487176,0.7526454569778374,0.6395251382889847,0.6372653323692236,0.40269806357108007,0.8357447021357429,0.8353020509100346,0.6777225590952062,0,0.0,inf,1.1178667545318604
3,0.3,0.75,0.0,0.5,6,32,10,3,0.13064417204888476,0.274107426041554,0.635897369147288,0.6320084322712085,0.4574504246345315,0.7916267295012034,0.790994464710824,0.6144266258107057,0.3276996125055761,0.323287268482505,0.0996460868847006,0.38627454010806195,0.38503290040672733,0.15913988880652757,0,0.0,inf,0.6568756103515625
3,0.3,0.75,0.0,0.5,7,29,10,3,0.145177231858887,0.29928173435530225,0.6534568646101122,0.649770258468984,0.48579198489325237,0.7926764584473263,0.7920479364188315,0.6178455857756018,0.5211298297753792,0.5180023038151557,0.34677535942295645,0.6710761095271227,0.670411439649869,0.5060781026638148,0,0.0,inf,0.6352076530456543
3,0.3,0.75,0.0,0.5,8,114,4,4,0.2913748138964656,0.2912005202031929,0.9090437908389912,0.9086701087019787,0.7943429996270311,0.9137594533047027,0.9134059329538328,0.8127690521941776,0.5899415552536014,0.588855002678303,0.3242424970402004,0.5969473729725019,0.5958824465842398,0.33795995639299703,0.8082191780821918,0.8819570162001579,0.009788632179600631,3.081230878829956
3,0.3,0.75,0.0,0.5,9,38,10,5,0.18641890025339802,0.2944113788151793,0.853842554766576,0.8523888744971859,0.7583458978175591,1.0,1.0,1.0,0.615820239080322,0.6135059984577365,0.3230927578620146,0.7375733655715297,0.7367405406672015,0.4724246305454723,0,0.0,inf,1.1057381629943848
3,0.3,0.75,0.0,0.75,0,25,4,3,0.2174534475393719,0.28888802532180335,0.7281899941651958,0.7270596437272342,0.6009368782200595,0.8019282820082536,0.8013325861275414,0.6406540834881669,0.3850724671148657,0.38341767599108284,0.17942459218168652,0.4045942902943182,0.40340372512137557,0.185435262866209,0,0.0,inf,0.25390625
3,0.3,0.75,0.0,0.75,1,26,10,4,0.15865517856051903,0.30476557259219633,0.7714245444681801,0.7691201033392898,0.5923646118829708,0.9116055475593928,0.9112424542131328,0.8049349549879696,0.6267552104848328,0.6244687179503559,0.37618204397277494,0.8218349120156893,0.8213629372496292,0.6293450096268156,0,0.0,inf,0.7732164859771729
3,0.3,0.75,0.0,0.75,2,1000,10,3,0.11435245793423277,0.2776005470327824,0.6121124196199038,0.6081243998860836,0.43877336238502357,0.7849276230002521,0.7842712471813089,0.5998687124749003,0.4793877315607201,0.4761226979227311,0.23532633004416184,0.6768387497441453,0.6761799567006874,0.527325252875187,0,0.0,inf,21.191840410232544
3,0.3,0.75,0.0,0.75,3,112,10,4,0.15932214270033088,0.3014548206643686,0.7623655395905521,0.7599693159965082,0.5888477168446854,0.9059896953135614,0.9056014712345598,0.78488266182146,0.5034325910435273,0.5003899311027011,0.21253124857298958,0.5839573365525113,0.5828476636274899,0.3153687444426345,0,0.0,inf,3.392781972885132
3,0.3,0.75,0.0,0.75,4,111,10,4,0.14223266436771762,0.272584648988132,0.703185760708399,0.7001540430212968,0.5175768182624864,0.9037907607564276,0.9033926442098374,0.7752391372397232,0.614388447150097,0.6119885413794467,0.41613010967856945,0.8294772696226798,0.8290212524311569,0.6564476401607514,0,0.0,inf,2.811911106109619
3,0.3,0.75,0.0,0.75,5,111,10,4,0.15539757090673875,0.29615381640959676,0.7405202554015299,0.7379043634519099,0.5925158384946166,0.897406368541996,0.8969792788487176,0.7526454569778374,0.5926367598407745,0.5901414031501663,0.3600973271888732,0.8357447021357429,0.8353020509100346,0.6777225590952062,0,0.0,inf,3.27494478225708
3,0.3,0.75,0.0,0.75,6,48,10,4,0.15833184189649843,0.3018408760402323,0.7541586611806376,0.7516749614390255,0.5985988890649525,0.897406368541996,0.8969792788487176,0.7526454569778374,0.6126999901304664,0.6103213910909078,0.37967607082966154,0.8357447021357429,0.8353020509100345,0.6777225590952062,0,0.0,inf,0.9560778141021729
3,0.3,0.75,0.0,0.75,7,26,10,4,0.14534194837637596,0.28274610057201577,0.7433726740267466,0.7407899302869304,0.5855019304005998,0.9116055475593928,0.9112424542131328,0.8049349549879696,0.4847920058750812,0.48164251608573294,0.20986669942252845,0.5933517525706161,0.5922745061043153,0.3316882713421359,0,0.0,inf,0.46695852279663086
3,0.3,0.75,0.0,0.75,8,38,10,4,0.14084554735343413,0.27578993835097937,0.7220491834791787,0.7192326036957952,0.5455552608328,0.8974063685419958,0.8969792788487174,0.7526454569778374,0.4565926418842738,0.45324308345897835,0.1804405177545715,0.5695438300688878,0.5683837947232321,0.28830015171599577,0,0.0,inf,0.7395334243774414
3,0.3,0.75,0.0,0.75,9,39,10,5,0.14981035485148003,0.23021439861862666,0.7525803625064452,0.750090286605835,0.5673352299002179,1.0,1.0,1.0,0.49604134589300386,0.4929606238283947,0.19839078283637854,0.7375733655715297,0.7367405406672015,0.4724246305454723,0,0.0,inf,0.843663215637207
3,0.3,0.75,0.0,1.0,0,1000,10,4,0.13331377948997372,0.2853013997013452,0.6759311641715678,0.672743943728589,0.5140852733857789,0.9059896953135614,0.9056014712345598,0.78488266182146,0.43410823828410305,0.43074172900713753,0.17856892529771784,0.5839573365525113,0.5828476636274899,0.3153687444426345,0,0.0,inf,23.342317819595337
3,0.3,0.75,0.0,1.0,1,22,10,4,0.1219206451561788,0.26622071644917344,0.6653571056449525,0.6620619225689638,0.47970285418408554,0.897406368541996,0.8969792788487176,0.7526454569778374,0.5300832410164593,0.5272836387035682,0.28930277428266615,0.8357447021357429,0.8353020509100346,0.6777225590952062,0,0.0,inf,0.5481429100036621
3,0.3,0.75,0.0,1.0,2,33,10,4,0.1139516627497336,0.2644081419480925,0.6447056144497985,0.6412036271553861,0.4712115529619908,0.8974063685419958,0.8969792788487174,0.7526454569778374,0.4159417533371975,0.4124579997323285,0.16319566169853186,0.5695438300688878,0.5683837947232321,0.28830015171599577,0,0.0,inf,0.9888982772827148
3,0.3,0.75,0.0,1.0,3,115,10,4,0.13987611619146595,0.29462154988980566,0.7298567188166663,0.7272097754388847,0.5703034104766633,0.9083491277292126,0.907971490705844,0.7934094346634827,0.49306591471581407,0.4900636816043469,0.214861398772871,0.5879077429223252,0.5868117435177124,0.32235560277843,0,0.0,inf,2.7721409797668457
3,0.3,0.75,0.0,1.0,4,1000,10,3,0.09740929020883216,0.27998786449804763,0.5886314126089105,0.5845293681114407,0.40754815880156076,0.8021489417124285,0.8015540214626932,0.6413806962628472,0.44689255330081906,0.4435475077664939,0.23178401359908776,0.6640652098143665,0.6633936463526339,0.47901294122685556,0,0.0,inf,21.28783416748047
3,0.3,0.75,0.0,1.0,5,110,10,3,0.10111861689124083,0.2797148005614732,0.5885822391088313,0.5844135457922349,0.3725743549878167,0.7595386266093844,0.7587891678710779,0.523012647821584,0.40178715480129257,0.3980985637911776,0.14052819239158135,0.6000310519393101,0.5991924558208827,0.34859032320172656,0,0.0,inf,2.3467583656311035
3,0.3,0.75,0.0,1.0,6,40,10,4,0.1323724782629735,0.28358299867852294,0.6974622449161862,0.6944876134853304,0.5302689355651262,0.9083491277292126,0.907971490705844,0.7934094346634827,0.43677075730746945,0.4334212237863838,0.18347207793342496,0.5879077429223252,0.5868117435177124,0.32235560277843,0,0.0,inf,0.8451311588287354
3,0.3,0.75,0.0,1.0,7,1000,10,4,0.12113084893223335,0.27091724077601737,0.6576942346380187,0.6543229201918627,0.47978766283137436,0.897406368541996,0.8969792788487176,0.7526454569778374,0.5358115885946633,0.533045446860686,0.2954410787711852,0.8357447021357429,0.8353020509100346,0.6777225590952062,0,0.0,inf,21.06225609779358
3,0.3,0.75,0.0,1.0,8,22,10,4,0.1261745657731955,0.279344921696359,0.6567773449175743,0.6533994835046365,0.4826586675964521,0.9059896953135614,0.9056014712345598,0.78488266182146,0.4163184345042567,0.412843291486402,0.17088202894126725,0.5839573365525113,0.5828476636274899,0.3153687444426345,0,0.0,inf,0.46299147605895996
3,0.3,0.75,0.0,1.0,9,52,10,4,0.12159991090099541,0.26620573501162115,0.6653571056449525,0.6620619225689638,0.47970285418408554,0.897406368541996,0.8969792788487176,0.7526454569778374,0.5300832410164593,0.5272836387035682,0.28930277428266615,0.8357447021357429,0.8353020509100346,0.6777225590952062,0,0.0,inf,1.0541346073150635
3,0.3,0.75,0.25,0.0,0,26,10,3,0.16679207792379774,0.2970950037443278,0.6680742004689132,0.6644090319953064,0.5116710883760643,0.7889606460971244,0.7883188157233192,0.6085417084158432,0.4988464145108381,0.4954266042786121,0.3064039885568163,0.6827081189134145,0.6820642499665682,0.536681216439622,0,0.0,inf,0.4216492176055908
3,0.3,0.75,0.25,0.0,1,47,10,3,0.149861133649334,0.2773696755906174,0.6052091178274165,0.6008728439855447,0.45668241975405627,0.7852802150932446,0.7846251091678986,0.6010060305727019,0.3219476779725892,0.31735087046123406,0.11368985741377553,0.3749359727893116,0.37366222508626973,0.14532804951821357,0,0.0,inf,0.9396989345550537
3,0.3,0.75,0.25,0.0,2,33,10,3,0.16170899710774608,0.29584091812592606,0.6481407795940489,0.6442534641951482,0.4866558581070298,0.789789857030486,0.789150994948784,0.6112350182388241,0.5125068789479664,0.5091781255674379,0.35761522990484274,0.6668307613228105,0.6661552998165208,0.4990750972068573,0,0.0,inf,0.6474161148071289
3,0.3,0.75,0.25,0.0,3,48,10,4,0.19236697841385134,0.300456037191526,0.7777736774766841,0.7754227361265883,0.6446348111880703,0.9083491277292126,0.907971490705844,0.7934094346634827,0.5013019667493797,0.4980708112941996,0.23504384226242145,0.5879077429223252,0.5868117435177124,0.32235560277843,0,0.0,inf,0.9944853782653809
3,0.3,0.75,0.25,0.0,4,38,10,2,0.12932510440314102,0.29742539005010954,0.49810095012363964,0.4922327535050497,0.31513965369753366,0.581408430461704,0.5806647649710639,0.35946576657210166,0.2848447091416042,0.27960922304321467,0.09243274186599368,0.36252835594946636,0.3617259494053958,0.21651936258282992,0,0.0,inf,0.8060398101806641
3,0.3,0.75,0.25,0.0,5,51,10,4,0.17606085505924982,0.27937643891449504,0.7514760739746051,0.7488443144120042,0.6255458918227357,0.9083491277292126,0.907971490705844,0.7934094346634827,0.4732002399216583,0.46978286157979954,0.22643795061298136,0.5879077429223252,0.5868117435177124,0.32235560277843,0,0.0,inf,0.9728801250457764
3,0.3,0.75,0.25,0.0,6,25,10,3,0.16885750545736555,0.2986741269998371,0.6876014620742074,0.6841652898413849,0.5193732444201662,0.8019282820082536,0.8013325861275414,0.6406540834881669,0.36778324730476386,0.3634896829192947,0.13530750123923593,0.4045942902943182,0.40340372512137557,0.185435262866209,0,0.0,inf,0.4229772090911865
3,0.3,0.75,0.25,0.0,7,39,10,3,0.16562450016998392,0.29598721789005983,0.6772216540237697,0.6736704876746307,0.5067285808104374,0.8021489417124285,0.8015540214626932,0.6413806962628472,0.3547827590206672,0.35039964884468283,0.1261503945055348,0.40498555723662094,0.40379607055457106,0.18615098045841807,0,0.0,inf,0.7725975513458252
3,0.3,0.75,0.25,0.0,8,1000,10,4,0.19345261646872416,0.30394990660299276,0.7726772346553982,0.7702618245298143,0.6339279220710533,0.897406368541996,0.8969792788487176,0.7526454569778374,0.6526277503717323,0.6503649700465394,0.4560360337720047,0.8357447021357429,0.8353020509100346,0.6777225590952062,0,0.0,inf,22.48862385749817
3,0.3,0.75,0.25,0.0,9,56,10,3,0.1326675689489535,0.20256758226606675,0.5398026266514184,0.5344408611089506,0.3231630757563005,0.8019282820082536,0.8013325861275414,0.6406540834881669,0.2964180655734366,0.29128992526313163,0.08877390791056053,0.4045942902943182,0.40340372512137557,0.185435262866209,0,0.0,inf,1.6243488788604736
3,0.3,0.75,0.25,0.25,0,1000,10,4,0.14988108845880407,0.24157461529132945,0.687611825225391,0.6842987407416036,0.4863623140332111,0.9059896953135614,0.9056014712345598,0.78488266182146,0.3794175039151657,0.37537961466261915,0.12253658483934894,0.5839573365525113,0.5828476636274899,0.3153687444426345,0.32,0.4422972237343495,1.2493431225451501,22.154563665390015
3,0.3,0.75,0.25,0.25,1,33,10,3,0.1304857690853574,0.2657054052714723,0.6015256575321877,0.597265791753369,0.43144466552507604,0.7921997857472497,0.7915695648752535,0.6162892627615703,0.2983205567453042,0.2937103847332885,0.08817320553438796,0.3872963856355672,0.38605760892034696,0.1610374468129141,0.32,0.54776,1.1770884833935873,0.6807155609130859
3,0.3,0.75,0.25,0.25,2,109,4,4,0.30428482175404264,0.304460284679432,0.9075030477238635,0.9071224809899361,0.7887321917624809,0.9116055475593928,0.9112424542131328,0.8049349549879696,0.8265696202747513,0.8261092144636513,0.6445372756707703,0.821834912015689,0.8213629372496289,0.6293450096268156,0.8561151079136691,0.9065837790068717,0.006044403466607638,2.813572406768799
3,0.3,0.75,0.25,0.25,3,83,10,3,0.14092251177547613,0.2966945552349288,0.6416593355874816,0.6378479265432146,0.4619123840428921,0.7921997857472497,0.7915695648752535,0.6162892627615703,0.46622089540283645,0.46273554435457537,0.24717235835584425,0.6492493065110276,0.6485401515758276,0.45307203333420376,0.32,0.45022736481923364,1.239915837560529,1.6932697296142578
3,0.3,0.75,0.25,0.25,4,45,4,3,0.24672009248942636,0.2893045694127693,0.778126218751518,0.7771980532154087,0.6359492019861949,0.8021489417124285,0.8015540214626932,0.6413806962628472,0.5781497070605881,0.5770059712466928,0.354557308870496,0.6640652098143665,0.6633936463526339,0.47901294122685556,0.3225806451612903,0.549483870967742,0.195847778890628,0.3775062561035156
3,0.3,0.75,0.25,0.25,5,54,10,4,0.17637226179079107,0.3025882900904816,0.7734128163160601,0.7710812308794793,0.613173935992909,0.9083491277292126,0.907971490705844,0.7934094346634827,0.5040050126789963,0.5008930313744359,0.2193187414955742,0.5879077429223252,0.5868117435177124,0.32235560277843,0.32,0.4737360721594785,1.0883880858486819,1.0899121761322021
3,0.3,0.75,0.25,0.25,6,32,10,4,0.17662657809029517,0.30260533024354674,0.7734128163160601,0.7710812308794792,0.613173935992909,0.9083491277292126,0.907971490705844,0.7934094346634827,0.5040050126789961,0.5008930313744357,0.2193187414955742,0.5879077429223252,0.5868117435177124,0.32235560277843,0.32,0.4737360721594785,1.0883880858486819,0.6619482040405273
3,0.3,0.75,0.25,0.25,7,29,10,3,0.13925121428392645,0.2884972557105107,0.6335318997349632,0.6296544087144377,0.4958496348313995,0.7849276230002521,0.7842712471813089,0.5998687124749003,0.4964162926521982,0.49314909673132357,0.31352195828698104,0.6768387497441453,0.6761799567006874,0.527325252875187,0.32,0.527114784515476,1.2075744248774167,0.7633481025695801
3,0.3,0.75,0.25,0.25,8,48,10,4,0.16135633777623595,0.28076409036853456,0.7450497187283579,0.7424078858321774,0.5782312462314654,0.8974063685419958,0.8969792788487174,0.7526454569778374,0.46339747480378773,0.4600019930690369,0.19228375489774993,0.5695438300688878,0.5683837947232321,0.28830015171599577,0.32,0.4737360721594785,1.0857410573199229,1.2077631950378418
3,0.3,0.75,0.25,0.25,9,34,10,4,0.17696451579194275,0.30251582234404145,0.7734128163160603,0.7710812308794794,0.613173935992909,0.9083491277292126,0.907971490705844,0.7934094346634827,0.5040050126789963,0.5008930313744359,0.2193187414955742,0.5879077429223252,0.5868117435177124,0.32235560277843,0.32,0.4737360721594785,1.088388085848682,0.8073451519012451
3,0.3,0.75,0.25,0.5,0,59,10,4,0.1584423377233106,0.29751553375796264,0.753464948265228,0.75097742203132,0.5942883493135045,0.9059896953135614,0.9056014712345598,0.78488266182146,0.483303291517569,0.48013495155093316,0.21249187551536958,0.5839573365525113,0.5828476636274899,0.3153687444426345,0.32,0.4902862045719188,0.7504062752121727,1.7192399501800537
3,0.3,0.75,0.25,0.5,1,53,4,4,0.2913748138964656,0.2912005202031929,0.9090437908389912,0.9086701087019787,0.7943429996270311,0.9137594533047027,0.9134059329538328,0.8127690521941776,0.5899415552536014,0.588855002678303,0.3242424970402004,0.5969473729725019,0.5958824465842398,0.33795995639299703,0.8082191780821918,0.8819570162001579,0.009788632179600631,1.6791751384735107
3,0.3,0.75,0.25,0.5,2,112,10,4,0.14990017970616085,0.28455471709376284,0.7336878613564206,0.7310071586795026,0.5589856908527677,0.9083491277292126,0.907971490705844,0.7934094346634827,0.5037657302070788,0.5007315370298636,0.2118219819729984,0.5879077429223252,0.5868117435177124,0.32235560277843,0.32,0.4902862045719188,0.7451580651079242,3.5780229568481445
3,0.3,0.75,0.25,0.5,3,35,10,4,0.15623170430168865,0.29123580836972446,0.7435660251726612,0.7409851926287186,0.5882690641122955,0.9083491277292126,0.907971490705844,0.7934094346634827,0.4843806626644446,0.48122859585744593,0.2121729595974435,0.5879077429223252,0.5868117435177124,0.32235560277843,0.32,0.4902862045719188,0.7390110666694134,0.8680515289306641
3,0.3,0.75,0.25,0.5,4,61,10,4,0.14760136225225728,0.277510950272552,0.7278717287425042,0.725095475701754,0.5322415843916496,0.9083491277292126,0.907971490705844,0.7934094346634827,0.45090425722706556,0.44749187085492803,0.16566690669464793,0.5879077429223252,0.5868117435177124,0.32235560277843,0.32,0.4902862045719188,0.7934989423794128,1.4726791381835938
3,0.3,0.75,0.25,0.5,5,111,10,4,0.14624640284517915,0.27931244522504906,0.7353527464339323,0.7326832644115879,0.5835742251216035,0.9083491277292126,0.907971490705844,0.7934094346634827,0.4634301297896792,0.4601411116828312,0.20485070568814803,0.5879077429223252,0.5868117435177124,0.32235560277843,0.32,0.4902862045719188,0.7577853849376774,2.3909873962402344
3,0.3,0.75,0.25,0.5,6,62,10,3,0.13022845254581175,0.2975899843032612,0.6725751226001592,0.6691890241991127,0.5113272563961709,0.7889606460971244,0.7883188157233192,0.6085417084158432,0.48753897030157967,0.4843022169601774,0.25531524841983183,0.6827081189134145,0.6820642499665682,0.536681216439622,0.32,0.4902862045719188,0.8115033051991354,1.2896959781646729
3,0.3,0.75,0.25,0.5,7,50,10,4,0.14785034584095502,0.28439121645202264,0.7148886733464318,0.7120016633744634,0.5388752614682635,0.9000920107272863,0.8996771460213145,0.7622414951112423,0.43714844601675074,0.43368217365917605,0.1740380419290235,0.5740608484987777,0.5729166889125227,0.29646770121656035,0.32,0.4902862045719188,0.7612980548231458,1.0420382022857666
3,0.3,0.75,0.25,0.5,8,31,10,3,0.12301382294391855,0.2884295522734979,0.608034299152146,0.6040077201250239,0.4470489812549002,0.7852802150932446,0.7846251091678986,0.6010060305727019,0.32465471901353987,0.32042358747755734,0.11523524064928266,0.3749359727893116,0.37366222508626973,0.14532804951821357,0.32,0.4902862045719188,0.8150837577370751,0.7055706977844238
3,0.3,0.75,0.25,0.5,9,45,2,2,0.3008090782574572,0.30080907825745745,0.5916192536088873,0.59090064872952,0.37797664007241627,0.5960908120545209,0.5953808212273226,0.38786077858471907,0.34725239205509434,0.34644172825904335,0.18464448020227536,0.33954695184358247,0.33872793912201543,0.17025642675852654,0.9097222222222222,0.9440138888888889,0.0012938978129285903,0.8931996822357178
3,0.3,0.75,0.25,0.75,0,40,10,5,0.16108078059987185,0.2944219789922851,0.8338690542581889,0.83226315223491,0.6901021740159365,1.0,1.0,1.0,0.5981614583088732,0.5958197134062213,0.2848748659843781,0.7375733655715295,0.7367405406672014,0.4724246305454723,0.32,0.42147410568463195,0.7171780804354905,0.8210382461547852
3,0.3,0.75,0.25,0.75,1,27,10,5,0.1612203338376648,0.294557545339662,0.8338690542581889,0.83226315223491,0.6901021740159365,1.0,1.0,1.0,0.5981614583088732,0.5958197134062213,0.2848748659843781,0.7375733655715295,0.7367405406672014,0.4724246305454723,0.32,0.42147410568463195,0.7171780804354905,0.48775219917297363
3,0.3,0.75,0.25,0.75,2,48,10,4,0.14749950486664554,0.30237663303922996,0.7623143169513955,0.7599613905659137,0.5811408463371097,0.9083491277292126,0.907971490705844,0.7934094346634827,0.5078205610180722,0.5048696863472977,0.21199938060015483,0.5879077429223252,0.5868117435177124,0.32235560277843,0.32,0.42147410568463195,0.876561297506475,1.088876724243164
3,0.3,0.75,0.25,0.75,3,1000,10,4,0.13959886039715666,0.28783284063735065,0.7212053233652191,0.7184540164707154,0.5606301541637513,0.9059896953135614,0.9056014712345598,0.78488266182146,0.4779583445023558,0.4748401216953337,0.20706407007847238,0.5839573365525113,0.5828476636274899,0.3153687444426345,0.32,0.42147410568463195,0.8306109118277799,21.626340866088867
3,0.3,0.75,0.25,0.75,4,35,10,4,0.12855162587137792,0.2739596488091029,0.7141270471398934,0.7112926032899816,0.5399104197123957,0.9083491277292126,0.907971490705844,0.7934094346634827,0.46439332555523777,0.4611759396548781,0.1876539477665533,0.5879077429223252,0.5868117435177124,0.32235560277843,0.32,0.42147410568463195,0.8844832990480497,0.8065710067749023
3,0.3,0.75,0.25,0.75,5,1000,10,4,0.14124756745163422,0.2897807520552566,0.7332872668414316,0.7306586364219964,0.5721292377958961,0.9083491277292126,0.907971490705844,0.7934094346634827,0.49303281924973263,0.49000940952892436,0.21479426859013345,0.5879077429223252,0.5868117435177124,0.32235560277843,0.32,0.42147410568463195,0.8279229054207884,22.29658055305481
3,0.3,0.75,0.25,0.75,6,116,10,3,0.11150847809584755,0.2955480484721192,0.6690225378924013,0.6656913242480585,0.4725204299997306,0.8021489417124285,0.8015540214626932,0.6413806962628472,0.3735111345934167,0.3696798124969187,0.13192277276310455,0.40498555723662094,0.40379607055457106,0.18615098045841807,0.32,0.42147410568463195,0.980390861815539,2.5722250938415527
3,0.3,0.75,0.25,0.75,7,31,10,4,0.1465684167158351,0.30143531447982364,0.7532259657171024,0.750774272719585,0.5938183483104575,0.897406368541996,0.8969792788487176,0.7526454569778374,0.6008964414775562,0.59849322956038,0.3508993049529598,0.8357447021357429,0.8353020509100345,0.6777225590952062,0.32,0.42147410568463195,0.8670416496357028,0.6819472312927246
3,0.3,0.75,0.25,0.75,8,41,10,3,0.11011601948681173,0.2900802912519403,0.6272910152457866,0.623536904141996,0.4620213248529535,0.792676458447326,0.7920479364188314,0.6178455857756018,0.5092405159267952,0.5062365064139231,0.26909294634800723,0.6710761095271227,0.670411439649869,0.5060781026638148,0.32,0.42147410568463195,0.9645174237960232,0.8121926784515381
3,0.3,0.75,0.25,0.75,9,45,10,4,0.1476488528323112,0.3050475861204826,0.7698919080339993,0.7676109636700185,0.5829681038741412,0.9116055475593928,0.9112424542131328,0.8049349549879696,0.6155742412837927,0.6132657085605447,0.3480376256784498,0.821834912015689,0.8213629372496289,0.6293450096268156,0.32,0.42147410568463195,0.8260258956825991,1.0152297019958496
3,0.3,0.75,0.25,1.0,0,46,10,4,0.12592924777466327,0.2875971089101405,0.7011233336128557,0.6982269271469478,0.5269844757772751,0.9116055475593928,0.9112424542131328,0.8049349549879696,0.5585114832897432,0.5559303928143942,0.2864315999619432,0.8218349120156893,0.8213629372496292,0.6293450096268156,0.24242424242424243,0.364000364000364,1.1698330494128948,0.9233317375183105
3,0.3,0.75,0.25,1.0,1,35,10,4,0.12245317807184285,0.2796232788637105,0.6898289963749829,0.6868186291029098,0.504895430092061,0.9059896953135614,0.9056014712345598,0.78488266182146,0.4342525989498476,0.43093908518895385,0.17375638585387107,0.5839573365525113,0.5828476636274899,0.3153687444426345,0.24242424242424243,0.364000364000364,1.222295391554302,0.7553644180297852
3,0.3,0.75,0.25,1.0,2,26,10,4,0.12300251126011529,0.28344468756885,0.675775480457341,0.6726238569128199,0.5016349815211332,0.897406368541996,0.8969792788487176,0.7526454569778374,0.5577433221307294,0.5551482898886453,0.2923393073144664,0.8357447021357429,0.8353020509100346,0.6777225590952062,0.24242424242424243,0.364000364000364,1.2193660917536915,0.6900758743286133
3,0.3,0.75,0.25,1.0,3,34,10,4,0.12189194804951813,0.2807612522249348,0.7047860260773117,0.7019206275450326,0.5156487222225619,0.9083491277292126,0.907971490705844,0.7934094346634827,0.46240251485192674,0.4592536142239877,0.18427448925323767,0.5879077429223252,0.5868117435177124,0.32235560277843,0.24242424242424243,0.364000364000364,1.2240518596476906,0.993525505065918
3,0.3,0.75,0.25,1.0,4,28,10,3,0.08507323229632617,0.2727320243758291,0.5986888334180955,0.5947592962872261,0.40134287684003817,0.8021489417124285,0.8015540214626932,0.6413806962628472,0.4467442042846549,0.4434696148849604,0.22208005294022354,0.6640652098143665,0.6633936463526339,0.47901294122685556,0.24242424242424243,0.364000364000364,1.3785958172212525,0.7429671287536621
3,0.3,0.75,0.25,1.0,5,113,10,4,0.11152183267823296,0.27502157408080435,0.6554419607754831,0.6520961918976785,0.46704456546251555,0.9000920107272863,0.8996771460213145,0.7622414951112423,0.41833044240453043,0.41492165434455464,0.15898883111197537,0.5740608484987776,0.5729166889125226,0.29646770121656035,0.24242424242424243,0.364000364000364,1.2214463951274566,3.000967025756836
3,0.3,0.75,0.25,1.0,6,1000,10,4,0.1208897219810285,0.2852668153696668,0.6645344846177377,0.6612790740364297,0.47604318516883565,0.9083491277292126,0.907971490705844,0.7934094346634827,0.4396922675931639,0.4364111610468803,0.17229972158521695,0.5879077429223252,0.5868117435177124,0.32235560277843,0.24242424242424243,0.364000364000364,1.2195547625930452,22.115057468414307
3,0.3,0.75,0.25,1.0,7,67,10,4,0.10383483287422343,0.25668480054352727,0.6392595812447822,0.6357542869048759,0.4566029144554903,0.8974063685419958,0.8969792788487174,0.7526454569778374,0.4006397893990277,0.3971244543015636,0.1510556979202589,0.5695438300688878,0.5683837947232321,0.28830015171599577,0.24242424242424243,0.364000364000364,1.212585896346442,1.5956568717956543
3,0.3,0.75,0.25,1.0,8,1000,10,4,0.1271534998980142,0.2862372969283709,0.6869036074641217,0.683861996105724,0.5310155079091781,0.897406368541996,0.8969792788487176,0.7526454569778374,0.5608861638548045,0.5583114397361111,0.29439754543503244,0.8357447021357429,0.8353020509100345,0.6777225590952062,0.24242424242424243,0.364000364000364,1.2190589507782814,22.638030529022217
3,0.3,0.75,0.25,1.0,9,51,10,4,0.12281369333132504,0.2794432644390795,0.6822875178161675,0.6792055642330445,0.5168438543087575,0.9059896953135614,0.9056014712345598,0.78488266182146,0.4242182266012755,0.4208480653033727,0.1797878724658917,0.5839573365525113,0.5828476636274899,0.3153687444426345,0.24242424242424243,0.364000364000364,1.2163315696189205,1.4376695156097412
3,0.3,0.75,0.5,0.0,0,31,4,4,0.3042848217540426,0.30446028467943204,0.9075030477238635,0.9071224809899361,0.7887321917624809,0.9116055475593928,0.9112424542131328,0.8049349549879696,0.8265696202747513,0.8261092144636513,0.6445372756707703,0.8218349120156893,0.8213629372496292,0.6293450096268156,0.8561151079136691,0.9065837790068717,0.006044403466607643,0.7407848834991455
3,0.3,0.75,0.5,0.0,1,30,10,4,0.1442745060699202,0.23597305438789476,0.682470847015899,0.6790959814560803,0.4766654716468712,0.9116055475593928,0.9112424542131328,0.8049349549879696,0.5163720622154562,0.5132170015366654,0.30244637167475763,0.8218349120156893,0.8213629372496292,0.6293450096268156,0,0.0,inf,0.837674617767334
3,0.3,0.75,0.5,0.0,2,18,4,4,0.3042848217540427,0.30446028467943187,0.9075030477238635,0.9071224809899361,0.7887321917624809,0.9116055475593928,0.9112424542131328,0.8049349549879696,0.8265696202747513,0.8261092144636513,0.6445372756707703,0.8218349120156893,0.8213629372496292,0.6293450096268156,0.8561151079136691,0.9065837790068717,0.006044403466607645,0.1669161319732666
3,0.3,0.75,0.5,0.0,3,27,10,4,0.13504111831267718,0.22244316750331192,0.664480946495183,0.6609082527719832,0.47036685835199143,0.9037907607564276,0.9033926442098374,0.7752391372397232,0.5304915844196962,0.527421669761288,0.3327137679443394,0.8294772696226798,0.8290212524311569,0.6564476401607514,0,0.0,inf,0.5511753559112549
3,0.3,0.75,0.5,0.0,4,32,10,2,0.10804345060823431,0.29635680463980896,0.49775426696542024,0.4921873147194284,0.3261114618724469,0.5936479709519707,0.5929324165216566,0.3829540138806239,0.3171828210671963,0.31249436922054685,0.11519416409433096,0.3614980604274912,0.3607042949307468,0.212808677534589,0,0.0,inf,0.6950562000274658
3,0.3,0.75,0.5,0.0,5,42,10,3,0.13962703878287733,0.297151896114876,0.6375957379561444,0.6337411073791226,0.4587072174020842,0.7921997857472497,0.7915695648752535,0.6162892627615703,0.45811741743462514,0.45457915411387556,0.24299568840220226,0.6492493065110276,0.6485401515758276,0.45307203333420376,0,0.0,inf,0.7754735946655273
3,0.3,0.75,0.5,0.0,6,110,10,3,0.13152926496138323,0.272773599312016,0.6174436322337199,0.6133516050248524,0.44354906572566716,0.7916267295012034,0.790994464710824,0.6144266258107057,0.3076266060871885,0.30307438830303746,0.09036289226346036,0.38627454010806195,0.38503290040672733,0.15913988880652757,0,0.0,inf,3.2321157455444336
3,0.3,0.75,0.5,0.0,7,26,10,3,0.14271029249591238,0.2937049055268846,0.6777375576149499,0.6743206974025563,0.5079660734279616,0.8021489417124285,0.8015540214626932,0.6413806962628472,0.4864977751125284,0.48315775169237374,0.26549841461088486,0.6640652098143665,0.6633936463526339,0.47901294122685556,0,0.0,inf,0.6005082130432129
3,0.3,0.75,0.5,0.0,8,51,10,4,0.161085781927562,0.28437757987314,0.7244868242607508,0.7216371026023956,0.5622610445668783,0.9000920107272863,0.8996771460213145,0.7622414951112423,0.44604585354077364,0.4425483283980301,0.18743853077525624,0.5740608484987777,0.5729166889125227,0.29646770121656035,0,0.0,inf,1.221714973449707
3,0.3,0.75,0.5,0.0,9,27,10,4,0.17242704225389202,0.298452758515724,0.7587946485521058,0.7563088835187936,0.6099991677352944,0.9059896953135614,0.9056014712345598,0.78488266182146,0.4893656268534334,0.4861559239522146,0.2207741094550181,0.5839573365525113,0.5828476636274899,0.3153687444426345,0,0.0,inf,0.5082011222839355
3,0.3,0.75,0.5,0.25,0,72,10,4,0.12259422024301117,0.20475058751516884,0.6462645962405966,0.6425778361117134,0.43907034706762016,0.9116055475593928,0.9112424542131328,0.8049349549879696,0.3386734255910459,0.3344568801272224,0.09474792687018822,0.5933517525706161,0.5922745061043153,0.3316882713421359,0.32,0.46231067277210286,0.8599222274466799,1.4731454849243164
3,0.3,0.75,0.5,0.25,1,112,10,5,0.17323576777224114,0.29460303754749123,0.8427621663527831,0.8412230231786851,0.7221167761591707,1.0,1.0,1.0,0.6060139837158093,0.6036841400994738,0.3025215464955487,0.7375733655715297,0.7367405406672015,0.4724246305454723,0.32,0.4902862045719188,0.6145627804375016,2.4649600982666016
3,0.3,0.75,0.5,0.25,2,55,10,4,0.13131681756463842,0.2696798521067338,0.7018665940502272,0.698861443001071,0.5365776172272021,0.9083491277292126,0.907971490705844,0.7934094346634827,0.4623061995324786,0.4590130338610962,0.19517114412872769,0.5879077429223252,0.5868117435177124,0.32235560277843,0.32,0.4902862045719188,0.7403109924507479,1.2071664333343506
3,0.3,0.75,0.5,0.25,3,35,4,4,0.2926859041788298,0.2924940346636297,0.9032922516795583,0.9028927793128343,0.7730668342239174,0.9037907607564276,0.9033926442098374,0.7752391372397232,0.8306936655910727,0.8302419177365985,0.6589970286474999,0.8294772696226798,0.8290212524311569,0.6564476401607514,0.8082191780821918,0.890901124580108,0.009635346955252857,0.6610994338989258
3,0.3,0.75,0.5,0.25,4,28,10,4,0.1447297543623031,0.27909348195140826,0.7285471648165993,0.7258063616340374,0.5658357260848479,0.9083491277292126,0.907971490705844,0.7934094346634827,0.47000635802083723,0.46675380614169243,0.1987378635033218,0.5879077429223252,0.5868117435177124,0.32235560277843,0.32,0.4902862045719188,0.7385395252297108,0.5170800685882568
3,0.3,0.75,0.5,0.25,5,26,4,4,0.2913748138964657,0.291200520203193,0.9090437908389912,0.9086701087019787,0.7943429996270311,0.9137594533047027,0.9134059329538328,0.8127690521941776,0.5899415552536014,0.588855002678303,0.3242424970402004,0.5969473729725019,0.5958824465842398,0.33795995639299703,0.8082191780821918,0.8819570162001579,0.009788632179600635,0.3890202045440674
3,0.3,0.75,0.5,0.25,6,30,4,4,0.2913748138964656,0.2912005202031929,0.9090437908389912,0.9086701087019787,0.7943429996270311,0.9137594533047027,0.9134059329538328,0.8127690521941776,0.5899415552536014,0.588855002678303,0.3242424970402004,0.5969473729725019,0.5958824465842398,0.33795995639299703,0.8082191780821918,0.8819570162001579,0.009788632179600631,0.4984767436981201
3,0.3,0.75,0.5,0.25,7,55,10,4,0.13645034878831383,0.25205420446650895,0.6961236211381174,0.6930093188469651,0.4962632378823594,0.9059896953135614,0.9056014712345598,0.78488266182146,0.4135466522170916,0.4098829158306629,0.14671749838475304,0.5839573365525113,0.5828476636274899,0.3153687444426345,0.32,0.4902862045719188,0.8598165382991921,1.1536445617675781
3,0.3,0.75,0.5,0.25,8,24,4,4,0.3042848217540427,0.30446028467943204,0.9075030477238635,0.9071224809899361,0.7887321917624809,0.9116055475593928,0.9112424542131328,0.8049349549879696,0.8265696202747511,0.8261092144636512,0.6445372756707703,0.8218349120156893,0.8213629372496292,0.6293450096268156,0.8561151079136691,0.9065837790068717,0.006044403466607643,0.5270998477935791
3,0.3,0.75,0.5,0.25,9,1000,10,4,0.15182168681327676,0.2896815938817356,0.7300140525094222,0.7272974436299019,0.5621845824854181,0.897406368541996,0.8969792788487176,0.7526454569778374,0.6253128813481138,0.623022976288783,0.3699744224460191,0.8357447021357429,0.8353020509100345,0.6777225590952062,0.32,0.4902862045719188,0.7081765453908063,21.56399393081665
3,0.3,0.75,0.5,0.5,0,71,10,3,0.11279292453502042,0.29721388072670996,0.6761013902837995,0.6728249743944901,0.5172504327185165,0.7889606460971244,0.7883188157233192,0.6085417084158432,0.49317750544695393,0.4900591606744647,0.3008565542013648,0.6827081189134145,0.6820642499665682,0.536681216439622,0.4421052631578947,0.561377245508982,0.22678054791876662,1.5393519401550293
3,0.3,0.75,0.5,0.5,1,40,10,4,0.13376251201991793,0.27981691990193214,0.7322672137648203,0.7296089535888022,0.561071784291104,0.9083491277292126,0.907971490705844,0.7934094346634827,0.46459085044584797,0.4613693528574151,0.19499718328350102,0.5879077429223252,0.5868117435177124,0.32235560277843,0.4166666666666667,0.527114784515476,0.22095037140921764,0.8258018493652344
3,0.3,0.75,0.5,0.5,2,33,4,4,0.3042848217540427,0.30446028467943204,0.9075030477238635,0.9071224809899361,0.7887321917624809,0.9116055475593928,0.9112424542131328,0.8049349549879696,0.8265696202747513,0.8261092144636513,0.6445372756707703,0.8218349120156893,0.8213629372496292,0.6293450096268156,0.8561151079136691,0.9065837790068717,0.006044403466607643,0.7552504539489746
3,0.3,0.75,0.5,0.5,3,1000,10,4,0.1380351112957677,0.28973216683026176,0.6985649453530343,0.6955413143419134,0.5098383807957557,0.897406368541996,0.8969792788487176,0.7526454569778374,0.6100885184353767,0.6077133389796691,0.38157894264003617,0.8357447021357429,0.8353020509100346,0.6777225590952062,0.5681818181818182,0.6804572672836146,0.18169811693473203,23.42151117324829
3,0.3,0.75,0.5,0.5,4,111,10,4,0.13249937924173213,0.27892253981575726,0.7248299808599337,0.7220969780254418,0.5524363745589274,0.9083491277292126,0.907971490705844,0.7934094346634827,0.47044435134850715,0.4672568064586452,0.1950300068008039,0.5879077429223252,0.5868117435177124,0.32235560277843,0.4166666666666667,0.527114784515476,0.2220313293433211,3.441666603088379
3,0.3,0.75,0.5,0.5,5,32,10,5,0.17903095222617246,0.29173173103489125,0.8353574242216222,0.8337536491145652,0.7228836282619415,1.0,1.0,1.0,0.591760475591694,0.5893595328259189,0.29876165828969836,0.7375733655715295,0.7367405406672014,0.4724246305454723,0.4166666666666667,0.527114784515476,0.20065262840432405,0.8359425067901611
3,0.3,0.75,0.5,0.5,6,71,10,3,0.11596220239898701,0.2995705141105699,0.6110160305850878,0.6069141140331268,0.3518423260288153,0.7595386266093844,0.7587891678710779,0.523012647821584,0.43718232599025225,0.433539793438463,0.13072670436364045,0.6000310519393101,0.5991924558208827,0.34859032320172656,0.6374269005847953,0.73667563293278,0.19285275033232246,2.156903028488159
3,0.3,0.75,0.5,0.5,7,33,10,3,0.11456376157380237,0.2982906826397339,0.6638480909851453,0.6604523162185971,0.49651575425872535,0.7926764584473263,0.7920479364188315,0.6178455857756018,0.5262432751012687,0.5233331044111984,0.3189302028652528,0.6710761095271227,0.670411439649869,0.5060781026638148,0.591304347826087,0.6972356656549913,0.19985531826163203,0.9390194416046143
3,0.3,0.75,0.5,0.5,8,58,4,4,0.3042848217540427,0.30446028467943204,0.9075030477238635,0.9071224809899361,0.7887321917624809,0.9116055475593928,0.9112424542131328,0.8049349549879696,0.8265696202747511,0.8261092144636512,0.6445372756707703,0.821834912015689,0.8213629372496289,0.6293450096268156,0.8561151079136691,0.9065837790068717,0.006044403466607643,1.598696231842041
3,0.3,0.75,0.5,0.5,9,53,10,4,0.14908107938934906,0.3030821811311679,0.7665611634766979,0.764249638794262,0.5854906984483413,0.9083491277292126,0.907971490705844,0.7934094346634827,0.5071815055370971,0.5042258173484256,0.2111337815665174,0.5879077429223252,0.5868117435177124,0.32235560277843,0.4166666666666667,0.527114784515476,0.22700125291384093,1.5720713138580322
3,0.3,0.75,0.5,0.75,0,28,10,5,0.15157194536534901,0.2944750147566761,0.8268605350428868,0.8252032530127417,0.6627939603437389,1.0,1.0,1.0,0.5919727538697662,0.5896221170164512,0.27018429731310567,0.7375733655715297,0.7367405406672015,0.4724246305454723,0.43859649122807015,0.5585843238895344,0.17653258344036926,0.7920246124267578
3,0.3,0.75,0.5,0.75,1,39,10,4,0.12524034352906413,0.2852127737945972,0.7251055770636108,0.722423678116788,0.5484099255708091,0.9137594533047027,0.9134059329538328,0.8127690521941776,0.4733131724179105,0.47020933170807994,0.1975229186609968,0.5969473729725019,0.5958824465842398,0.33795995639299703,0.5904761904761905,0.7392007392007393,0.1529819130508981,1.1051812171936035
3,0.3,0.75,0.5,0.75,2,43,10,4,0.11861353362539395,0.2737579322054969,0.7145868041646016,0.711793288709421,0.5346949372365825,0.9083491277292126,0.907971490705844,0.7934094346634827,0.47023327129782516,0.46709915457166495,0.1899243056495391,0.5879077429223252,0.5868117435177124,0.32235560277843,0.43859649122807015,0.5585843238895344,0.20692739985041828,1.171302318572998
3,0.3,0.75,0.5,0.75,3,24,10,4,0.13673734870764287,0.297467828415441,0.7499251738504787,0.7474841887750451,0.6024889270169533,0.897406368541996,0.8969792788487176,0.7526454569778374,0.6053093459692858,0.6029819211181777,0.31823815004563455,0.8357447021357429,0.8353020509100346,0.6777225590952062,0.6097560975609756,0.7392007392007393,0.15754564606575044,0.6941211223602295
3,0.3,0.75,0.5,0.75,4,110,10,3,0.09888101460346754,0.28971601715057993,0.6708381368954776,0.6675806783632487,0.5186916320941386,0.7889606460971244,0.7883188157233192,0.6085417084158432,0.48051415087239313,0.4774001689747784,0.2716815616176887,0.6827081189134145,0.6820642499665682,0.536681216439622,0.4827586206896552,0.6287425149700598,0.19900394612496003,2.953890323638916
3,0.3,0.75,0.5,0.75,5,41,10,5,0.17129604847615476,0.28772111097349634,0.8131309121587103,0.811330072150065,0.6836769269821741,1.0,1.0,1.0,0.596541385879628,0.5941982870974898,0.285918509231033,0.7375733655715297,0.7367405406672015,0.4724246305454723,0.43859649122807015,0.5585843238895344,0.19362036638709998,0.7379882335662842
3,0.3,0.75,0.5,0.75,6,58,10,5,0.15234119319238343,0.2945611856283467,0.8283987792492349,0.8267562212133089,0.6669385515104966,1.0,1.0,1.0,0.5919727538697663,0.5896221170164513,0.27018429731310567,0.7375733655715295,0.7367405406672014,0.4724246305454723,0.43859649122807015,0.5585843238895344,0.1765325834403692,1.232980489730835
3,0.3,0.75,0.5,0.75,7,55,10,5,0.15145267897610062,0.29444095082642746,0.8268605350428868,0.8252032530127417,0.6627939603437389,1.0,1.0,1.0,0.5919727538697662,0.5896221170164512,0.27018429731310567,0.7375733655715295,0.7367405406672014,0.4724246305454723,0.43859649122807015,0.5585843238895344,0.1765325834403692,1.2979927062988281
3,0.3,0.75,0.5,0.75,8,111,10,3,0.09583091516052053,0.2801687793369454,0.640626492759346,0.637081225492592,0.47004856137623785,0.7849276230002521,0.7842712471813089,0.5998687124749003,0.46528911222796704,0.46209589968390247,0.19874524608154662,0.6768387497441453,0.6761799567006874,0.527325252875187,0.5232558139534884,0.71285999429712,0.19595841751444,3.4607889652252197
3,0.3,0.75,0.5,0.75,9,84,10,4,0.12651940319808294,0.2793399821197715,0.7019628095531613,0.6989970256087892,0.5031812974428067,0.9037907607564276,0.9033926442098374,0.7752391372397232,0.6018157735078943,0.5994127571634545,0.37097791919813133,0.8294772696226798,0.8290212524311569,0.6564476401607514,0.64,0.7392007392007393,0.1475598132154805,2.3222033977508545
3,0.3,0.75,0.5,1.0,0,33,10,5,0.13562678957424604,0.2806421857620039,0.7826022337884783,0.780538747922667,0.6091682327390008,1.0,1.0,1.0,0.573676811200428,0.5712448694118085,0.25332131902739374,0.7375733655715297,0.7367405406672015,0.4724246305454723,0.43859649122807015,0.6397461487281846,0.32889190000043744,0.6101169586181641
3,0.3,0.75,0.5,1.0,1,113,10,3,0.07881139010887564,0.2684971539030091,0.5618352737746415,0.557599622321623,0.3837932263828252,0.789789857030486,0.789150994948784,0.6112350182388241,0.4233476643975408,0.41998602906424043,0.18405548793787682,0.6668307613228105,0.6661552998165208,0.4990750972068573,0.34375,0.4587921254587921,0.49089310644972384,2.4322102069854736
3,0.3,0.75,0.5,1.0,2,49,10,4,0.11576413777033946,0.2850739776484283,0.6765246675919011,0.673411895865707,0.4995183076379179,0.897406368541996,0.8969792788487176,0.7526454569778374,0.5495858839596215,0.5469742682029907,0.2729963724183149,0.8357447021357429,0.8353020509100346,0.6777225590952062,0.3431372549019608,0.46713380046713376,0.4323518209233982,1.127375841140747
3,0.3,0.75,0.5,1.0,3,32,10,5,0.13746374489832386,0.28493439222305816,0.7855005297664513,0.7834643667856058,0.6152043480453313,1.0,1.0,1.0,0.5717417694155178,0.5692985230898118,0.2508940545635103,0.7375733655715297,0.7367405406672015,0.4724246305454723,0.43859649122807015,0.6492979465952439,0.326248892987084,0.8873059749603271
3,0.3,0.75,0.5,1.0,4,28,10,3,0.06785341809586633,0.25761515796925333,0.5332997781833672,0.5287721555999014,0.33039017617048433,0.7921997857472497,0.7915695648752535,0.6162892627615703,0.291042286662603,0.2868917932483605,0.08365478271457392,0.3872963856355672,0.38605760892034696,0.1610374468129141,0.33,0.4404404404404404,0.5535487947316916,0.5618329048156738
3,0.3,0.75,0.5,1.0,5,49,10,5,0.13895451565231426,0.28614787112026113,0.7899183077113535,0.7879240810387852,0.6223668026798022,1.0,1.0,1.0,0.5737363117804297,0.5713044444731675,0.25351996270630756,0.7375733655715297,0.7367405406672015,0.4724246305454723,0.43859649122807015,0.6492979465952439,0.32624889298708387,1.3088533878326416
3,0.3,0.75,0.5,1.0,6,118,10,4,0.10000773809005281,0.26063654166871625,0.6621760686890796,0.6589350581524901,0.4759903305863345,0.9116055475593928,0.9112424542131328,0.8049349549879696,0.4095112721689467,0.40609984107555747,0.16109174901460538,0.5933517525706162,0.5922745061043154,0.3316882713421359,0.34951456310679613,0.5247966413014956,0.38536181102751615,3.288428544998169
3,0.3,0.75,0.5,1.0,7,34,10,3,0.07951368084699306,0.2864694598319092,0.5596632047390969,0.5554063141727914,0.35438088054626526,0.7921997857472497,0.7915695648752535,0.6162892627615703,0.39572849267139254,0.39220562509086665,0.1791661485980571,0.6492493065110276,0.6485401515758276,0.45307203333420376,0.3364485981308411,0.5197505197505197,0.4743292018380275,0.7074031829833984
3,0.3,0.75,0.5,1.0,8,110,10,3,0.07647770369883033,0.2727987963653743,0.5989411923802609,0.5950661915481935,0.41312351859421403,0.7889606460971246,0.7883188157233194,0.6085417084158432,0.4165773045541954,0.4131782598891663,0.19334997805587667,0.6444080303082955,0.6436864403758702,0.44488729445134056,0.308411214953271,0.4905895995004906,0.476909783298478,2.8711488246917725
3,0.3,0.75,0.5,1.0,9,46,10,4,0.10647673518388477,0.2674620235975407,0.6680338746398431,0.6648474542656262,0.4628799405599713,0.9116055475593928,0.9112424542131328,0.8049349549879696,0.5088363693479396,0.5059970460226094,0.244638161489385,0.8218349120156893,0.8213629372496292,0.6293450096268156,0.3364485981308411,0.5099439061703213,0.38391753875502904,1.4111201763153076
3,0.3,0.75,0.75,0.0,0,33,4,4,0.3042848217540427,0.304460284679432,0.9075030477238635,0.9071224809899361,0.7887321917624809,0.9116055475593928,0.9112424542131328,0.8049349549879696,0.8265696202747513,0.8261092144636513,0.6445372756707703,0.8218349120156893,0.8213629372496292,0.6293450096268156,0.8561151079136691,0.9065837790068717,0.006044403466607645,0.8462369441986084
3,0.3,0.75,0.75,0.0,1,66,10,4,0.14321022892345167,0.28005101079738864,0.6999579010781122,0.6969252230583819,0.5223425685822443,0.9000920107272863,0.8996771460213145,0.7622414951112423,0.43627577892099745,0.43281175044306713,0.17219258074356472,0.5740608484987776,0.5729166889125226,0.29646770121656035,0,0.0,inf,2.1114025115966797
3,0.3,0.75,0.75,0.0,2,37,10,3,0.1098520429673648,0.27547406410749375,0.6119458617225977,0.6079413153056912,0.43389359969984065,0.7921997857472497,0.7915695648752535,0.6162892627615703,0.31015767001122774,0.3058118258471851,0.09967882309817852,0.3872963856355672,0.38605760892034696,0.1610374468129141,0,0.0,inf,0.9955551624298096
3,0.3,0.75,0.75,0.0,3,118,10,4,0.13936540620992274,0.266849082502139,0.7020060590055246,0.6989653431070345,0.518929800411636,0.8974063685419958,0.8969792788487174,0.7526454569778374,0.43724640876936177,0.43374832838611443,0.1601252710700589,0.5695438300688878,0.5683837947232321,0.28830015171599577,0,0.0,inf,3.5782320499420166
3,0.3,0.75,0.75,0.0,4,25,10,3,0.11377866966383998,0.2701695057625681,0.6224562284735002,0.6185668483771151,0.43427139931504966,0.7849276230002521,0.7842712471813089,0.5998687124749003,0.3087756941731218,0.304430168379475,0.09743097772466257,0.3743048644791923,0.373029329116335,0.14414618051325584,0,0.0,inf,0.6629788875579834
3,0.3,0.75,0.75,0.0,5,33,4,4,0.3042848217540426,0.30446028467943204,0.9075030477238635,0.9071224809899361,0.7887321917624809,0.9116055475593928,0.9112424542131328,0.8049349549879696,0.8265696202747513,0.8261092144636513,0.6445372756707703,0.8218349120156893,0.8213629372496292,0.6293450096268156,0.8561151079136691,0.9065837790068717,0.006044403466607645,0.8778595924377441
3,0.3,0.75,0.75,0.0,6,110,10,4,0.12763497040020197,0.2539458749907092,0.6625448336828142,0.659087043312424,0.46397497171337776,0.9083491277292126,0.907971490705844,0.7934094346634827,0.4718390258343391,0.46854020923207157,0.22272678836551602,0.5879077429223252,0.5868117435177124,0.32235560277843,0,0.0,inf,3.4829020500183105
3,0.3,0.75,0.75,0.0,7,83,10,3,0.12213930885712622,0.29304438307960673,0.6312873425721717,0.6274785214325331,0.45337434032357393,0.789789857030486,0.789150994948784,0.6112350182388241,0.49581363572840265,0.4926334330713051,0.31554054006062987,0.6668307613228105,0.6661552998165208,0.4990750972068573,0,0.0,inf,2.5279438495635986
3,0.3,0.75,0.75,0.0,8,222,4,3,0.24046891205607787,0.3087114249957173,0.7299655056414197,0.7288242661327384,0.5516713427883139,0.7548712966501103,0.7541043224033086,0.5123044922655382,0.5641416885930066,0.5629441094180067,0.28452893274306906,0.5929240519143224,0.5920661274059542,0.33570984919437624,0,0.0,inf,4.392777442932129
3,0.3,0.75,0.75,0.0,9,110,10,4,0.14300784040417427,0.2773383770327383,0.72145019899618,0.7186452692406036,0.573088408392943,0.9083491277292126,0.907971490705844,0.7934094346634827,0.44698463817593537,0.4436017805875744,0.1989888328794254,0.5879077429223252,0.5868117435177124,0.32235560277843,0,0.0,inf,3.3395466804504395
3,0.3,0.75,0.75,0.25,0,48,10,5,0.16120654018651165,0.29442796454164716,0.8338690542581889,0.83226315223491,0.6901021740159365,1.0,1.0,1.0,0.5981614583088732,0.5958197134062213,0.2848748659843781,0.7375733655715295,0.7367405406672014,0.4724246305454723,0.32,0.42147410568463195,0.7110424305479908,1.4441416263580322
3,0.3,0.75,0.75,0.25,1,35,4,4,0.2878514609258369,0.28771988979018603,0.9069960203513316,0.9066131841674229,0.7868715044443074,0.9116055475593928,0.9112424542131328,0.8049349549879696,0.5865187721693972,0.5854204295827203,0.3181599924574393,0.5933517525706161,0.5922745061043153,0.3316882713421359,0.8082191780821918,0.8868339270825438,0.009528951127777956,0.87677001953125
3,0.3,0.75,0.75,0.25,2,37,10,3,0.10934787736649275,0.28913538635078617,0.6317417313228672,0.6280299994088695,0.44323872334976505,0.7921997857472497,0.7915695648752535,0.6162892627615703,0.42613256139194544,0.4226169793770453,0.183908400626601,0.6492493065110276,0.6485401515758276,0.45307203333420376,0.32,0.42147410568463195,0.9947988651533015,1.0776703357696533
3,0.3,0.75,0.75,0.25,3,37,4,4,0.29137481389646563,0.2912005202031929,0.9090437908389912,0.9086701087019787,0.7943429996270311,0.9137594533047027,0.9134059329538328,0.8127690521941776,0.5899415552536014,0.588855002678303,0.3242424970402004,0.5969473729725019,0.5958824465842398,0.33795995639299703,0.8082191780821918,0.8819570162001579,0.00978863217960063,0.9996178150177002
3,0.3,0.75,0.75,0.25,4,38,10,4,0.1479022903645353,0.3000165636267018,0.7590143074919409,0.7566270797371205,0.5855371876546035,0.9059896953135614,0.9056014712345598,0.78488266182146,0.508965580487949,0.5060191315812748,0.21438583129651878,0.5839573365525113,0.5828476636274899,0.3153687444426345,0.32,0.42147410568463195,0.8847075429131961,1.1169424057006836
3,0.3,0.75,0.75,0.25,5,55,10,5,0.16126784399208333,0.29459612211414404,0.833869054258189,0.8322631522349101,0.6901021740159365,1.0,1.0,1.0,0.5981614583088732,0.5958197134062213,0.2848748659843781,0.7375733655715297,0.7367405406672015,0.4724246305454723,0.32,0.42147410568463195,0.7110424305479905,1.3370981216430664
3,0.3,0.75,0.75,0.25,6,115,10,4,0.12999868619796434,0.27685167134292105,0.7196153523639737,0.716823620854968,0.5322089293937352,0.8974063685419958,0.8969792788487174,0.7526454569778374,0.4701030024907317,0.4669037696597549,0.1833731022748424,0.5695438300688878,0.5683837947232321,0.28830015171599577,0.32,0.42147410568463195,0.8510236412594416,3.4200851917266846
3,0.3,0.75,0.75,0.25,7,111,10,5,0.16213431793311028,0.2945264139460686,0.8358288911026195,0.8342419338095937,0.6951369493514797,1.0,1.0,1.0,0.5981614583088732,0.5958197134062213,0.2848748659843781,0.7375733655715297,0.7367405406672015,0.4724246305454723,0.32,0.42147410568463195,0.7110424305479905,2.461085319519043
3,0.3,0.75,0.75,0.25,8,113,10,3,0.10541121561248075,0.2932784212395982,0.6263255775998151,0.6225659787033107,0.4424361073500647,0.7921997857472497,0.7915695648752535,0.6162892627615703,0.4232235858148222,0.41969783282795925,0.23130191180365517,0.6492493065110276,0.6485401515758276,0.45307203333420376,0.32,0.42147410568463195,0.9576246708962197,3.2612600326538086
3,0.3,0.75,0.75,0.25,9,70,10,4,0.14785732649854436,0.3011639729332681,0.76067157864948,0.758304298992586,0.5874412929961544,0.9083491277292126,0.907971490705844,0.7934094346634827,0.5097841682814106,0.5068479116976851,0.21465350089856775,0.5879077429223252,0.5868117435177124,0.32235560277843,0.32,0.42147410568463195,0.8899314682565354,2.1858975887298584
3,0.3,0.75,0.75,0.5,0,40,4,4,0.3042848217540427,0.30446028467943204,0.9075030477238635,0.9071224809899361,0.7887321917624809,0.9116055475593928,0.9112424542131328,0.8049349549879696,0.8265696202747511,0.8261092144636512,0.6445372756707703,0.821834912015689,0.8213629372496289,0.6293450096268156,0.8561151079136691,0.9065837790068717,0.006044403466607643,0.8772680759429932
3,0.3,0.75,0.75,0.5,1,38,10,5,0.15132984497683102,0.29457986239378586,0.8268605350428868,0.8252032530127417,0.6627939603437389,1.0,1.0,1.0,0.5919727538697662,0.5896221170164512,0.27018429731310567,0.7375733655715295,0.7367405406672014,0.4724246305454723,0.4166666666666667,0.5585843238895344,0.17272990366942065,1.1129248142242432
3,0.3,0.75,0.75,0.5,2,28,4,4,0.2913748138964656,0.2912005202031929,0.9090437908389912,0.9086701087019787,0.7943429996270311,0.9137594533047027,0.9134059329538328,0.8127690521941776,0.5899415552536014,0.588855002678303,0.3242424970402004,0.5969473729725019,0.5958824465842398,0.33795995639299703,0.8082191780821918,0.8819570162001579,0.009788632179600637,0.738090991973877
3,0.3,0.75,0.75,0.5,3,36,10,4,0.12193308047332636,0.2801434644877991,0.6906293127000467,0.6875927948494568,0.48733683484518214,0.9000920107272863,0.8996771460213145,0.7622414951112423,0.43271674829999923,0.42934939666576843,0.1580647283291201,0.5740608484987776,0.5729166889125226,0.29646770121656035,0.4166666666666667,0.5847679640718563,0.18799817568032468,1.0248284339904785
3,0.3,0.75,0.75,0.5,4,48,10,5,0.15210270853828964,0.29455354826093977,0.8283987792492349,0.8267562212133089,0.6669385515104966,1.0,1.0,1.0,0.5919727538697662,0.5896221170164512,0.27018429731310567,0.7375733655715297,0.7367405406672015,0.4724246305454723,0.4166666666666667,0.5585843238895344,0.1727299036694206,1.4564666748046875
3,0.3,0.75,0.75,0.5,5,42,10,5,0.1613007285422518,0.2943916914508529,0.8320130280289054,0.8303962161626348,0.6899476213595686,1.0,1.0,1.0,0.5956849384873092,0.5933404194906036,0.28311145869197024,0.7375733655715297,0.7367405406672015,0.4724246305454723,0.6052631578947368,0.7062797481959158,0.15637539379564144,0.8752243518829346
3,0.3,0.75,0.75,0.5,6,40,4,4,0.29137481389646563,0.2912005202031929,0.9090437908389912,0.9086701087019787,0.7943429996270311,0.9137594533047027,0.9134059329538328,0.8127690521941776,0.5899415552536014,0.588855002678303,0.3242424970402004,0.5969473729725019,0.5958824465842398,0.33795995639299703,0.8082191780821918,0.8819570162001579,0.00978863217960063,0.7265737056732178
3,0.3,0.75,0.75,0.5,7,49,4,4,0.2926859041788298,0.2924940346636297,0.9032922516795583,0.9028927793128343,0.7730668342239174,0.9037907607564276,0.9033926442098374,0.7752391372397232,0.8306936655910727,0.8302419177365985,0.6589970286474999,0.8294772696226798,0.8290212524311569,0.6564476401607514,0.8082191780821918,0.890901124580108,0.009635346955252854,0.9264471530914307
3,0.3,0.75,0.75,0.5,8,19,4,4,0.2913748138964657,0.2912005202031929,0.9090437908389912,0.9086701087019787,0.7943429996270311,0.9137594533047027,0.9134059329538328,0.8127690521941776,0.5899415552536014,0.588855002678303,0.3242424970402004,0.5969473729725019,0.5958824465842398,0.33795995639299703,0.8082191780821918,0.8819570162001579,0.009788632179600631,0.3814566135406494
3,0.3,0.75,0.75,0.5,9,54,10,3,0.0880646030141585,0.27009994748761,0.5972693976458537,0.5932656567818068,0.419572916070057,0.7921997857472497,0.7915695648752535,0.6162892627615703,0.32154131090384563,0.31745223641285275,0.1104898812250362,0.3872963856355672,0.38605760892034696,0.1610374468129141,0.5855855855855856,0.7392007392007393,0.19548921343003572,1.6410508155822754
3,0.3,0.75,0.75,0.75,0,30,10,4,0.12500666443529165,0.28914686220702546,0.7464451405431723,0.7439997547828785,0.5809881178508521,0.9059896953135614,0.9056014712345598,0.78488266182146,0.5055876009461693,0.5027133321934762,0.22046930951117064,0.5839573365525113,0.5828476636274899,0.3153687444426345,0.8125,0.8726940737359362,0.011072548620905523,0.6249220371246338
3,0.3,0.75,0.75,0.75,1,45,10,4,0.11365322086877522,0.2826115668891209,0.6992031626359524,0.6962774089447449,0.5025118014106607,0.9037907607564276,0.9033926442098374,0.7752391372397232,0.5717278150626339,0.5692126313546958,0.30658300234717845,0.8294772696226798,0.8290212524311569,0.6564476401607514,0.5853658536585366,0.728000728000728,0.03672413918308978,1.2924065589904785
3,0.3,0.75,0.75,0.75,2,53,10,5,0.1435503070621236,0.29443090660894744,0.8215272198872006,0.8198316244832462,0.6406324186555566,1.0,1.0,1.0,0.587247852181698,0.5848907524173204,0.25847625966765975,0.7375733655715295,0.7367405406672014,0.4724246305454723,0.4807692307692308,0.5940499952475999,0.06363783440226813,1.5669724941253662
3,0.3,0.75,0.75,0.75,3,42,10,4,0.11160971737375605,0.2789735585583134,0.6749121343067034,0.6717688327158092,0.47124609797349204,0.9000920107272863,0.8996771460213145,0.7622414951112423,0.421431161577334,0.4180573849686178,0.15501137268288617,0.5740608484987777,0.5729166889125227,0.29646770121656035,0.4807692307692308,0.5940499952475999,0.05921501070858243,1.2601513862609863
3,0.3,0.75,0.75,0.75,4,1000,10,4,0.1088311922031685,0.2731448439467881,0.7013502222041331,0.6984425489874087,0.49865214941187824,0.8974063685419958,0.8969792788487174,0.7526454569778374,0.45143469386084256,0.4482093003313624,0.16978151856285567,0.5695438300688878,0.5683837947232321,0.28830015171599577,0.5813953488372093,0.6995355084224075,0.03107955906020568,23.229986429214478
3,0.3,0.75,0.75,0.75,5,55,10,4,0.1084497625710707,0.2731382471342797,0.6962970868760227,0.6933550718639347,0.5007017757697576,0.9083491277292126,0.907971490705844,0.7934094346634827,0.45863804305257994,0.45547416222278414,0.17734947555259553,0.5879077429223252,0.5868117435177124,0.32235560277843,0.4807692307692308,0.5940499952475999,0.06019285790345012,1.2435929775238037
3,0.3,0.75,0.75,0.75,6,75,10,5,0.14403501686683773,0.29452828926761915,0.8226791536188993,0.8209945022566072,0.6438519731274236,1.0,1.0,1.0,0.5872478521816981,0.5848907524173204,0.25847625966765975,0.7375733655715297,0.7367405406672015,0.4724246305454723,0.4807692307692308,0.5940499952475999,0.06363783440226813,1.9902901649475098
3,0.3,0.75,0.75,0.75,7,64,10,4,0.11281683365412853,0.2776968244397568,0.7333297556966281,0.7307423693270511,0.5515816203761604,0.9116055475593928,0.9112424542131328,0.8049349549879696,0.466421656472708,0.46329734517987275,0.19480952880956404,0.5933517525706162,0.5922745061043154,0.3316882713421359,0.5853658536585366,0.728000728000728,0.03745591115339393,1.9020054340362549
3,0.3,0.75,0.75,0.75,8,79,10,3,0.08949669792220821,0.27911934709680913,0.6147273877378227,0.6109775525250066,0.4491644067357607,0.7852802150932446,0.7846251091678986,0.6010060305727019,0.34554147512687944,0.34169512608965824,0.13824431630556788,0.3749359727893116,0.37366222508626973,0.14532804951821357,0.7333333333333333,0.8081995518166121,0.014466674697623066,1.8876476287841797
3,0.3,0.75,0.75,0.75,9,68,10,4,0.12645541531428728,0.296377596540205,0.7643358847650803,0.7620625159234873,0.6083186529210741,0.9116055475593928,0.9112424542131328,0.8049349549879696,0.5669000510803262,0.5643815583039878,0.28151186385431903,0.821834912015689,0.8213629372496289,0.6293450096268156,0.7469879518072289,0.843767011431682,0.013239787072266966,1.5350019931793213
3,0.3,0.75,0.75,1.0,0,111,10,5,0.13297441369653742,0.2861019130103232,0.7912991812992016,0.7893283975189351,0.6058610063034804,1.0,1.0,1.0,0.5701055099412813,0.5676679305885053,0.24456959987766788,0.7375733655715297,0.7367405406672015,0.4724246305454723,0.5102040816326531,0.6866999945064001,0.12664341386864642,2.6179792881011963
3,0.3,0.75,0.75,1.0,1,29,10,4,0.11030804641282638,0.27624054965792705,0.7126183015751515,0.7098785350507518,0.540117795711719,0.9059896953135614,0.9056014712345598,0.78488266182146,0.4760420137206782,0.47303731890920636,0.20208306298815246,0.5839573365525113,0.5828476636274899,0.3153687444426345,0.36666666666666664,0.4979854226085382,0.2004097256548535,0.5952990055084229
3,0.3,0.75,0.75,1.0,2,29,10,5,0.1320646070569109,0.28469711614889937,0.7871081031594407,0.7850975445585358,0.6025799474693226,1.0,1.0,1.0,0.568836563543642,0.5663915042694986,0.24298147806542506,0.7375733655715295,0.7367405406672014,0.4724246305454723,0.5102040816326531,0.6995355084224075,0.12362855263737425,0.7303197383880615
3,0.3,0.75,0.75,1.0,3,38,10,5,0.13271787941965885,0.28601206413439983,0.7926844487037081,0.7907267461492324,0.6070263268061428,1.0,1.0,1.0,0.5701055099412813,0.5676679305885054,0.24456959987766788,0.7375733655715295,0.7367405406672014,0.4724246305454723,0.5102040816326531,0.6866999945064001,0.12664341386864647,1.0869252681732178
3,0.3,0.75,0.75,1.0,4,28,10,4,0.10537900092005335,0.26982081754503046,0.684023722047831,0.6810076339693151,0.49259209691165085,0.9059896953135614,0.9056014712345598,0.78488266182146,0.4443201877895749,0.44112890119125847,0.176975141963865,0.5839573365525113,0.5828476636274899,0.3153687444426345,0.4,0.5247966413014956,0.17439631212691986,0.7341647148132324
3,0.3,0.75,0.75,1.0,5,111,10,5,0.13298056211068063,0.28601702973605114,0.7850054205088166,0.7829750040986153,0.6029938628148838,1.0,1.0,1.0,0.5701683036277538,0.567730796439822,0.2447685829896525,0.7375733655715297,0.7367405406672015,0.4724246305454723,0.5102040816326531,0.6995355084224075,0.12362855263737425,3.323666572570801
3,0.3,0.75,0.75,1.0,6,108,10,4,0.11229214282481549,0.29250247679777713,0.6870323559108035,0.6840521602552891,0.48924335270765384,0.9116055475593928,0.9112424542131328,0.8049349549879696,0.575485608347888,0.5730545814488356,0.2627013743373081,0.8218349120156893,0.8213629372496292,0.6293450096268156,0.40229885057471265,0.5502885084036916,0.15375237627007476,3.485440731048584
3,0.3,0.75,0.75,1.0,7,43,10,5,0.13228876178966698,0.2860444150997568,0.7905437598797944,0.788565590579156,0.6059838513591441,1.0,1.0,1.0,0.5671792422522983,0.5647247005656778,0.24299927614673975,0.7375733655715295,0.7367405406672014,0.4724246305454723,0.5102040816326531,0.6995355084224075,0.12334087041396884,0.8556544780731201
3,0.3,0.75,0.75,1.0,8,46,10,4,0.11020158789136636,0.28303393579016584,0.7162313353191627,0.7135253474996507,0.5512989895459931,0.897406368541996,0.8969792788487176,0.7526454569778374,0.5398369778066846,0.537197351817187,0.25005223395476933,0.8357447021357429,0.8353020509100346,0.6777225590952062,0.3626373626373626,0.4954954954954955,0.2027099798529295,0.9327771663665771
3,0.3,0.75,0.75,1.0,9,114,10,4,0.1108234820888251,0.2860309754428029,0.7045052340775578,0.7016914217418063,0.5049431794423253,0.9116055475593928,0.9112424542131328,0.8049349549879696,0.575485608347888,0.5730545814488356,0.2627013743373081,0.821834912015689,0.8213629372496289,0.6293450096268156,0.40229885057471265,0.5502885084036916,0.1537523762700747,2.7875380516052246
3,0.3,0.75,1.0,0.0,0,34,10,4,0.1295801640367738,0.2850374594233624,0.6852270265289517,0.6821366848091652,0.5025549051708169,0.9116055475593928,0.9112424542131328,0.8049349549879696,0.5902139040892179,0.5877812376308224,0.3143292219927856,0.821834912015689,0.8213629372496289,0.6293450096268156,0,0.0,inf,0.8598747253417969
3,0.3,0.75,1.0,0.0,1,31,10,5,0.15635479809760916,0.2837964672656217,0.8094215581235119,0.8075819279983606,0.6801145772739693,1.0,1.0,1.0,0.5757970595391172,0.5733290520878429,0.2781630865082657,0.7375733655715297,0.7367405406672015,0.4724246305454723,0,0.0,inf,0.667975664138794
3,0.3,0.75,1.0,0.0,2,1000,10,4,0.1284651706039318,0.2823046578957774,0.6903203148290609,0.6872811512175131,0.5202707684602802,0.9116055475593928,0.9112424542131328,0.8049349549879696,0.5444117383611731,0.5417084310833002,0.28895616213317427,0.8218349120156893,0.8213629372496292,0.6293450096268156,0,0.0,inf,20.700270891189575
3,0.3,0.75,1.0,0.0,3,112,10,5,0.12860513676893334,0.2307638892750022,0.7133225147733824,0.7105111189558543,0.5357793579481407,1.0,1.0,1.0,0.4753663561685002,0.47225604562114215,0.193743679719519,0.7375733655715295,0.7367405406672014,0.4724246305454723,0,0.0,inf,3.5312423706054688
3,0.3,0.75,1.0,0.0,4,116,10,4,0.11079351869986843,0.25557993798311757,0.6399224566120832,0.6363772604200354,0.45721129826109647,0.9000920107272863,0.8996771460213145,0.7622414951112423,0.40886195020185034,0.4053406835282137,0.15953856794277815,0.5740608484987776,0.5729166889125226,0.29646770121656035,0,0.0,inf,2.7441442012786865
3,0.3,0.75,1.0,0.0,5,69,10,3,0.0959606952437672,0.27349379298164883,0.6161818775243535,0.6123566818730724,0.4279459147110398,0.8021489417124285,0.8015540214626932,0.6413806962628472,0.44014097132319674,0.43675735935006077,0.22920597542199425,0.6640652098143665,0.6633936463526339,0.47901294122685556,0,0.0,inf,2.059819459915161
3,0.3,0.75,1.0,0.0,6,74,10,3,0.07700342901350854,0.24342612707054934,0.46945202860078816,0.46406985436297166,0.2834118962310535,0.7375733655715297,0.7367405406672015,0.4724246305454723,0.4867515283708309,0.4835822683404682,0.35218539865727166,1.0,1.0,1.0,0,0.0,inf,1.2901427745819092
3,0.3,0.75,1.0,0.0,7,41,10,4,0.12674945406046845,0.2803506489388717,0.7088261854287246,0.7059687580453645,0.5420064222864,0.9137594533047027,0.9134059329538328,0.8127690521941776,0.4376130532731525,0.43427621827339863,0.1874917390073445,0.5969473729725019,0.5958824465842398,0.33795995639299703,0,0.0,inf,1.0655577182769775
3,0.3,0.75,1.0,0.0,8,1000,10,4,0.11167669826964685,0.25532246454121665,0.6410295875682774,0.6374828184644359,0.4614627124760083,0.9037907607564276,0.9033926442098374,0.7752391372397232,0.5487383093301142,0.5460388249993157,0.31046102989050134,0.8294772696226798,0.8290212524311569,0.6564476401607514,0,0.0,inf,22.955023050308228
3,0.3,0.75,1.0,0.0,9,32,10,5,0.14433219170687497,0.2799591661604048,0.7782605664190351,0.7761195324140295,0.638187875385028,1.0,1.0,1.0,0.5816137933608702,0.5791787982592733,0.2792530150173616,0.7375733655715297,0.7367405406672015,0.4724246305454723,0,0.0,inf,0.917149543762207
3,0.3,0.75,1.0,0.25,0,90,10,4,0.12555312248904826,0.28592147043856775,0.6909021802938123,0.6879005562004671,0.5218917201555336,0.897406368541996,0.8969792788487176,0.7526454569778374,0.5561803153335435,0.5535791939808411,0.2902868940266636,0.8357447021357429,0.8353020509100346,0.6777225590952062,0.24242424242424243,0.364000364000364,1.2211326180338804,2.5405948162078857
3,0.3,0.75,1.0,0.25,1,58,10,4,0.11950684488870408,0.2800583314416936,0.6790427529330818,0.6759291363138907,0.49106437906176786,0.9059896953135614,0.9056014712345598,0.78488266182146,0.4420708168285217,0.43880489626213315,0.1733123424528423,0.5839573365525113,0.5828476636274899,0.3153687444426345,0.24242424242424243,0.364000364000364,1.230150636517833,1.6717782020568848
3,0.3,0.75,1.0,0.25,2,49,10,4,0.12808909126650134,0.2918682558982959,0.716506469929953,0.7137636550642222,0.5460376193265551,0.9059896953135614,0.9056014712345598,0.78488266182146,0.4656953776777841,0.4625777840592686,0.19958753753360728,0.5839573365525113,0.5828476636274899,0.3153687444426345,0.24242424242424243,0.364000364000364,1.179503595259138,1.435060739517212
3,0.3,0.75,1.0,0.25,3,26,10,4,0.10908755552638895,0.26976159439594116,0.7028546135714202,0.6999784336405369,0.5199688354335262,0.9137594533047027,0.9134059329538328,0.8127690521941776,0.4271654234382401,0.42382123583208187,0.17775762937834552,0.5969473729725019,0.5958824465842398,0.33795995639299703,0.24242424242424243,0.364000364000364,1.1763102378093742,0.6597001552581787
3,0.3,0.75,1.0,0.25,4,40,10,4,0.12447528035090398,0.282235434747413,0.6979151470913881,0.6949848584329359,0.5285382952530062,0.9059896953135614,0.9056014712345598,0.78488266182146,0.43585124505278805,0.43254927750759553,0.18431674732462916,0.5839573365525113,0.5828476636274899,0.3153687444426345,0.24242424242424243,0.364000364000364,1.2177136959160535,1.1403136253356934
3,0.3,0.75,1.0,0.25,5,51,10,4,0.11496680976527979,0.27533495831265736,0.6694630480107636,0.6662519427940833,0.5000451501864638,0.9037907607564276,0.9033926442098374,0.7752391372397232,0.5672616394859972,0.5647242451751302,0.2955675699935177,0.8294772696226798,0.8290212524311569,0.6564476401607514,0.24242424242424243,0.364000364000364,1.1579703719895869,1.4122662544250488
3,0.3,0.75,1.0,0.25,6,72,10,5,0.1482221825511038,0.28949047731367744,0.8090857483458187,0.8072601911952179,0.6526783490125996,1.0,1.0,1.0,0.5762201328438762,0.5737816596526494,0.2653547700687262,0.7375733655715295,0.7367405406672014,0.4724246305454723,0.24242424242424243,0.364000364000364,0.9760078460254458,2.2044248580932617
3,0.3,0.75,1.0,0.25,7,22,10,5,0.14885575077490087,0.28976203329898154,0.8097809263836614,0.807962016653182,0.6544830079482346,1.0,1.0,1.0,0.5753785216011096,0.572935205691736,0.2642706486976099,0.7375733655715297,0.7367405406672015,0.4724246305454723,0.24242424242424243,0.364000364000364,0.9760078460254458,0.5159809589385986
3,0.3,0.75,1.0,0.25,8,111,10,3,0.08838548838837645,0.2816639867797931,0.5998940496013259,0.5959703923938451,0.4153396870600566,0.7889606460971246,0.7883188157233194,0.6085417084158432,0.4193255897577081,0.41588249920538184,0.2001855076456131,0.6444080303082955,0.6436864403758702,0.44488729445134056,0.24242424242424243,0.364000364000364,1.3794460719196098,3.5127336978912354
3,0.3,0.75,1.0,0.25,9,67,10,3,0.08799214613103262,0.28358981023196267,0.5470370164090107,0.5425338623654943,0.3620070719766076,0.7250071641342934,0.7241254949570672,0.44647024161769056,0.3601856184277696,0.3563288250949077,0.12246182070249248,0.5880574779608788,0.5871603983222972,0.34186166083827674,0.20809248554913296,0.3399626041135475,1.406270278784946,1.989701271057129
3,0.3,0.75,1.0,0.5,0,1000,10,4,0.09654737164391315,0.2637976593948627,0.6575995258613155,0.6543073184217426,0.45241519270976305,0.9000920107272863,0.8996771460213145,0.7622414951112423,0.38540567876024395,0.3818455546354331,0.14351318244421657,0.5740608484987776,0.5729166889125226,0.29646770121656035,0.3333333333333333,0.4463923382842302,0.4471654333803482,21.658853769302368
3,0.3,0.75,1.0,0.5,1,68,10,4,0.10491997689519243,0.27428038848683717,0.6578287141109838,0.6545371679123213,0.4545536149545187,0.9000920107272863,0.8996771460213145,0.7622414951112423,0.40328771044364753,0.39982927211780284,0.1486480588733902,0.5740608484987777,0.5729166889125227,0.29646770121656035,0.3333333333333333,0.4504504504504504,0.45046804495224535,1.4043610095977783
3,0.3,0.75,1.0,0.5,2,1000,10,5,0.14127743510643734,0.29011982975621897,0.8093314163684399,0.807521301569955,0.6350652447042521,1.0,1.0,1.0,0.5713464059036458,0.5689006318407268,0.25359747038942954,0.7375733655715295,0.7367405406672014,0.4724246305454723,0.4166666666666667,0.6289941126151058,0.33279384068787465,21.237212419509888
3,0.3,0.75,1.0,0.5,3,85,10,5,0.14020134623808436,0.28904432423214943,0.7968932472982035,0.7949650505720551,0.6240577555223115,1.0,1.0,1.0,0.5693021909937452,0.5668447532287729,0.2508315739788903,0.7375733655715295,0.7367405406672014,0.4724246305454723,0.4166666666666667,0.6289941126151058,0.33279384068787476,1.9057490825653076
3,0.3,0.75,1.0,0.5,4,55,10,4,0.11198593527997877,0.2671975807654968,0.6648277329754603,0.6616133689003237,0.49032458383016087,0.9083491277292126,0.907971490705844,0.7934094346634827,0.4073686824803135,0.40394638777804603,0.167851828694927,0.5879077429223252,0.5868117435177124,0.32235560277843,0.3793103448275862,0.47873960917439173,0.4431681350585138,1.1429502964019775
3,0.3,0.75,1.0,0.5,5,47,10,3,0.0815001194745261,0.2808867851845557,0.6391355745036469,0.6356429467919321,0.4649680776400912,0.7889606460971244,0.7883188157233192,0.6085417084158432,0.4670023604980309,0.46389072596918857,0.23663114657878298,0.6827081189134145,0.6820642499665682,0.536681216439622,0.336734693877551,0.4443905789197269,0.5095496263918226,0.9343109130859375
3,0.3,0.75,1.0,0.5,6,62,10,5,0.14056091620681843,0.26636993052393515,0.7620745345055804,0.7598090676934379,0.6060019394394747,1.0,1.0,1.0,0.5147545598146214,0.5119761416504203,0.23561141198766958,0.7375733655715295,0.7367405406672014,0.4724246305454723,0.4473684210526316,0.6492979465952439,0.31918812893265003,1.239213466644287
3,0.3,0.75,1.0,0.5,7,31,10,5,0.13931028106497817,0.2875068054084737,0.8011873326694898,0.7992999019013639,0.6257301640996781,1.0,1.0,1.0,0.5627190191530335,0.5602240197038445,0.2497987392433092,0.7375733655715297,0.7367405406672015,0.4724246305454723,0.4166666666666667,0.6289941126151058,0.3327938406878747,0.5770623683929443
3,0.3,0.75,1.0,0.5,8,48,10,4,0.1187059339056378,0.2902231956273955,0.7054245572785519,0.7026077215513956,0.5215036903626762,0.9083491277292126,0.907971490705844,0.7934094346634827,0.47336226886676014,0.47033159847508554,0.19665203132290057,0.5879077429223252,0.5868117435177124,0.32235560277843,0.39080459770114945,0.5579349841644924,0.3892806173295168,1.0410795211791992
3,0.3,0.75,1.0,0.5,9,112,10,5,0.1389420291198785,0.2861593134453282,0.793752948653222,0.7917949394590693,0.6225981989457006,1.0,1.0,1.0,0.5525272695827169,0.5499741189431538,0.24642014426081504,0.7375733655715297,0.7367405406672015,0.4724246305454723,0.4166666666666667,0.6289941126151058,0.3327938406878747,2.890958309173584
3,0.3,0.75,1.0,0.75,0,117,10,4,0.11054277432276226,0.2832308264565438,0.6890905924701829,0.686130252298228,0.5079568241766946,0.9083491277292126,0.907971490705844,0.7934094346634827,0.45970146931460343,0.4566077122026614,0.18897224547339422,0.5879077429223252,0.5868117435177124,0.32235560277843,0.3793103448275862,0.5215742057847321,0.2037795175017527,2.9386377334594727
3,0.3,0.75,1.0,0.75,1,1000,10,5,0.1344247343898941,0.28954783151225544,0.803515455526558,0.8016598317716647,0.6126625930608552,1.0,1.0,1.0,0.566738754410212,0.5642817720888159,0.24325519686797328,0.7375733655715297,0.7367405406672015,0.4724246305454723,0.4807692307692308,0.6623920300990939,0.13691370347012674,24.78007459640503
3,0.3,0.75,1.0,0.75,2,57,10,4,0.10920766509890226,0.279657587091598,0.707109997891741,0.7043173434837522,0.5157858752641686,0.9059896953135614,0.9056014712345598,0.78488266182146,0.45795449949280137,0.45484558282230647,0.18455052956753076,0.5839573365525113,0.5828476636274899,0.3153687444426345,0.36666666666666664,0.4954954954954955,0.20818245012240286,1.4215648174285889
3,0.3,0.75,1.0,0.75,3,42,10,4,0.11153554348051274,0.2884070192520031,0.699841756335588,0.6969831161156053,0.5269813249572546,0.897406368541996,0.8969792788487176,0.7526454569778374,0.5384125166905183,0.5357687286587294,0.24777600185460547,0.8357447021357429,0.8353020509100346,0.6777225590952062,0.375,0.5188434507806234,0.20619004664365756,1.0546631813049316
3,0.3,0.75,1.0,0.75,4,26,10,4,0.09362409893020249,0.26318720678756874,0.6589570676007764,0.6557043670893894,0.4659856669396173,0.9083491277292126,0.907971490705844,0.7934094346634827,0.40958191253123555,0.40619444412953687,0.15904087218405918,0.5879077429223252,0.5868117435177124,0.32235560277843,0.40963855421686746,0.5209290923576637,0.1760979825511088,0.6642501354217529
3,0.3,0.75,1.0,0.75,5,79,10,5,0.1350162181197876,0.2898713052767815,0.8044538800106661,0.8026069512943412,0.6156154146959012,1.0,1.0,1.0,0.567802102255279,0.5653508868583716,0.24484634575704353,0.7375733655715297,0.7367405406672015,0.4724246305454723,0.4807692307692308,0.6743270216324109,0.13364775639178852,2.4650440216064453
3,0.3,0.75,1.0,0.75,6,47,10,3,0.07275188977741774,0.2770756881837174,0.6561050503243296,0.6528215884537778,0.4820988626215799,0.7889606460971244,0.7883188157233192,0.6085417084158432,0.47395363664937,0.47093165671155646,0.2164735201855571,0.6827081189134145,0.6820642499665682,0.536681216439622,0.43373493975903615,0.6006006006006006,0.1927855217096411,1.4243009090423584
3,0.3,0.75,1.0,0.75,7,45,10,3,0.07248427482732428,0.2795323817627656,0.6339970761886883,0.6305027937640414,0.4671932707354295,0.7889606460971246,0.7883188157233194,0.6085417084158432,0.4308641648598178,0.427594943314954,0.19305672571949398,0.6444080303082955,0.6436864403758702,0.44488729445134056,0.4583333333333333,0.5795268953163689,0.1833317235305292,1.3154919147491455
3,0.3,0.75,1.0,0.75,8,113,10,4,0.09857450960609786,0.27001634825270926,0.6945680999218815,0.691660062038443,0.5231905691376966,0.9137594533047027,0.9134059329538328,0.8127690521941776,0.44774927689237426,0.4445872853364689,0.19287234472351705,0.5969473729725019,0.5958824465842398,0.33795995639299703,0.38636363636363635,0.5489360328070005,0.17129912964947924,3.4582972526550293
3,0.3,0.75,1.0,0.75,9,30,10,5,0.1346372056337454,0.28908928912023835,0.7934278171082676,0.7914767474751935,0.6086263253821858,1.0,1.0,1.0,0.567802102255279,0.5653508868583716,0.24484634575704353,0.7375733655715295,0.7367405406672014,0.4724246305454723,0.4807692307692308,0.6743270216324109,0.13364775639178855,0.857053279876709
3,0.3,0.75,1.0,1.0,0,35,10,5,0.126467077509952,0.2812377580770232,0.7646227963690734,0.7624070121342015,0.574243241534967,1.0,1.0,1.0,0.5540291259791923,0.5515096086845073,0.2337912943836619,0.7375733655715297,0.7367405406672015,0.4724246305454723,0.6862745098039216,0.7924313725490196,0.09638630895127176,0.9518988132476807
3,0.3,0.75,1.0,1.0,1,77,10,4,0.10240690486465538,0.28410658504727143,0.6561239810119228,0.6528821664940417,0.45117803199810835,0.9116055475593928,0.9112424542131328,0.8049349549879696,0.5269109057238562,0.5242336540551614,0.22506678190486987,0.821834912015689,0.8213629372496289,0.6293450096268156,0.5072463768115942,0.6776811594202898,0.13155537634839587,2.320204734802246
3,0.3,0.75,1.0,1.0,2,50,10,4,0.09838562509716638,0.2708880399124238,0.6615305292215848,0.6583327064161576,0.47428403593971474,0.897406368541996,0.8969792788487176,0.7526454569778374,0.5181207132245063,0.5153866596778487,0.22581953470499064,0.8357447021357429,0.8353020509100345,0.6777225590952062,0.4090909090909091,0.6072727272727273,0.1747129857015241,1.4976038932800293
3,0.3,0.75,1.0,1.0,3,44,10,5,0.12645006210286963,0.28121121781989417,0.7646227963690734,0.7624070121342015,0.574243241534967,1.0,1.0,1.0,0.5540291259791923,0.5515096086845073,0.2337912943836619,0.7375733655715297,0.7367405406672015,0.4724246305454723,0.6862745098039216,0.7924313725490196,0.09638630895127175,1.0267658233642578
3,0.3,0.75,1.0,1.0,4,33,10,5,0.12627452192332828,0.28032647807875294,0.762636260696122,0.7604017756934687,0.5724556749286748,1.0,1.0,1.0,0.554575007825532,0.5520585744962645,0.2345626130756124,0.7375733655715297,0.7367405406672015,0.4724246305454723,0.6862745098039216,0.7924313725490196,0.09638630895127176,0.7631144523620605
3,0.3,0.75,1.0,1.0,5,1000,10,4,0.10301702296583812,0.28210933147137596,0.6768104026819272,0.6737637603979687,0.4741405376967169,0.9116055475593928,0.9112424542131328,0.8049349549879696,0.5544971214909596,0.551976133781326,0.23600469074361666,0.8218349120156893,0.8213629372496292,0.6293450096268156,0.5072463768115942,0.6776811594202898,0.12793074421116712,21.127192497253418
3,0.3,0.75,1.0,1.0,6,111,10,4,0.08377944130464374,0.25225393390386075,0.6415397288932048,0.6381603907638538,0.45856477576347643,0.9037907607564276,0.9033926442098374,0.7752391372397232,0.49147999868301984,0.4886022064947494,0.21018947559959358,0.8294772696226798,0.8290212524311569,0.6564476401607514,0.5294117647058824,0.6876470588235295,0.1301332440440489,2.6241135597229004
3,0.3,0.75,1.0,1.0,7,42,10,5,0.12645009730352944,0.2812101519304155,0.7646227963690734,0.7624070121342015,0.574243241534967,1.0,1.0,1.0,0.5540291259791923,0.5515096086845073,0.2337912943836619,0.7375733655715297,0.7367405406672015,0.4724246305454723,0.6862745098039216,0.7924313725490196,0.09638630895127175,0.8443522453308105
3,0.3,0.75,1.0,1.0,8,111,10,4,0.10331024864637475,0.2837522043426812,0.6753000965677944,0.6722392169367579,0.46568731744603936,0.9116055475593928,0.9112424542131328,0.8049349549879696,0.5544971214909596,0.551976133781326,0.23600469074361666,0.821834912015689,0.8213629372496289,0.6293450096268156,0.5072463768115942,0.6776811594202898,0.12793074421116712,3.293638229370117
3,0.3,0.75,1.0,1.0,9,111,10,5,0.12641721928891547,0.2811549036419326,0.7650753854394869,0.7628638617689841,0.5755993265466369,1.0,1.0,1.0,0.554575007825532,0.5520585744962645,0.2345626130756124,0.7375733655715295,0.7367405406672014,0.4724246305454723,0.6862745098039216,0.7924313725490196,0.09638630895127176,3.4321529865264893
3,0.3,1.0,0.0,0.0,0,26,10,4,0.14886471456555417,0.21819429351003977,0.6411131881871077,0.6371896432282125,0.4753955111885464,0.9059896953135614,0.9056014712345598,0.78488266182146,0.3284351452483611,0.323908448996113,0.11069894254715446,0.5839573365525113,0.5828476636274899,0.3153687444426345,0,0.0,inf,0.7731585502624512
3,0.3,1.0,0.0,0.0,1,31,10,3,0.14612042912436837,0.2971892441161348,0.5968165768375915,0.5923148850888055,0.38408825273816627,0.7595386266093844,0.7587891678710779,0.523012647821584,0.46377143598485465,0.4600615824845723,0.23644781215226718,0.6000310519393101,0.5991924558208827,0.34859032320172656,0,0.0,inf,0.6121478080749512
3,0.3,1.0,0.0,0.0,2,35,10,4,0.1588901574014917,0.2665637757354545,0.7122890889131948,0.7092544808320649,0.5911984561231528,0.8974063685419958,0.8969792788487174,0.7526454569778374,0.4521622417064177,0.4486256518412922,0.21637538219632657,0.5695438300688878,0.5683837947232321,0.28830015171599577,0,0.0,inf,0.8592946529388428
3,0.3,1.0,0.0,0.0,3,126,10,4,0.15226769408620688,0.2541485957921379,0.6861370404957139,0.6828238321963582,0.5242838252677436,0.9116055475593928,0.9112424542131328,0.8049349549879696,0.6040489602181693,0.6014902716591379,0.40153076663249954,0.8218349120156893,0.8213629372496292,0.6293450096268156,0,0.0,inf,3.699782133102417
3,0.3,1.0,0.0,0.0,4,17,10,4,0.18970767085650103,0.29594646239037625,0.7689089603525754,0.7664695111366634,0.638298177998939,0.9116055475593928,0.9112424542131328,0.8049349549879696,0.6462448153664968,0.643958802065159,0.43258791748696573,0.821834912015689,0.8213629372496289,0.6293450096268156,0,0.0,inf,0.3997361660003662
3,0.3,1.0,0.0,0.0,5,47,10,3,0.14493842529555406,0.27879145549404866,0.5936703150891784,0.5892131348092275,0.4530301556921639,0.7921997857472497,0.7915695648752535,0.6162892627615703,0.46306813238435485,0.4594339074317014,0.317906576137712,0.6492493065110276,0.6485401515758276,0.45307203333420376,0,0.0,inf,1.273850440979004
3,0.3,1.0,0.0,0.0,6,114,10,3,0.15658661570625065,0.2893253590879542,0.6490148170402679,0.645163783500858,0.48608282599163644,0.792676458447326,0.7920479364188314,0.6178455857756018,0.5129008980677189,0.5096029642708025,0.3366867172358577,0.6710761095271227,0.670411439649869,0.5060781026638148,0,0.0,inf,3.4575130939483643
3,0.3,1.0,0.0,0.0,7,44,10,4,0.13950476077458854,0.20884537838754968,0.6260218511804911,0.6219263952756344,0.44080209817494204,0.9083491277292126,0.907971490705844,0.7934094346634827,0.31414040930671094,0.30950771120030807,0.09267046554759062,0.5879077429223252,0.5868117435177124,0.32235560277843,0,0.0,inf,1.2806329727172852
3,0.3,1.0,0.0,0.0,8,114,10,3,0.12982393882238089,0.2545467577527428,0.585615231709766,0.5810843738369511,0.4374373134520093,0.7849276230002521,0.7842712471813089,0.5998687124749003,0.2685721905356932,0.2636412091432258,0.08746617548162952,0.3743048644791923,0.373029329116335,0.14414618051325584,0,0.0,inf,3.4145514965057373
3,0.3,1.0,0.0,0.0,9,1000,10,4,0.1716733650082252,0.2845823945819895,0.7214406307803605,0.7185010796385061,0.5845529270899978,0.9116055475593928,0.9112424542131328,0.8049349549879696,0.6038062202906651,0.6012470108159744,0.400294775291913,0.821834912015689,0.8213629372496289,0.6293450096268156,0,0.0,inf,23.075411558151245
3,0.3,1.0,0.0,0.25,0,41,10,3,0.1342263114921964,0.28151312729214906,0.63636518907257,0.6325277076738013,0.46408725336155304,0.8021489417124285,0.8015540214626932,0.6413806962628472,0.3180338585970424,0.31362343042488694,0.11085330864427345,0.40498555723662094,0.40379607055457106,0.18615098045841807,0,0.0,inf,1.2274415493011475
3,0.3,1.0,0.0,0.25,1,49,10,3,0.12610268012708575,0.2698425838915574,0.5925532699272038,0.588244792815257,0.42599378657876424,0.7926764584473263,0.7920479364188315,0.6178455857756018,0.46052080778569665,0.4570232996784057,0.28855282043848957,0.6710761095271227,0.670411439649869,0.5060781026638148,0,0.0,inf,1.3691747188568115
3,0.3,1.0,0.0,0.25,2,55,10,3,0.1315696254263078,0.2812659405025633,0.6265412241886873,0.6226005450146976,0.4708211819807064,0.8021489417124285,0.8015540214626932,0.6413806962628472,0.47850381694110483,0.4751316827077037,0.29912761374040964,0.6640652098143665,0.6633936463526339,0.47901294122685556,0,0.0,inf,1.170729398727417
3,0.3,1.0,0.0,0.25,3,36,10,4,0.13209315161432025,0.21705631692717414,0.6282200155522644,0.6243081217904869,0.4487217215500503,0.9083491277292126,0.907971490705844,0.7934094346634827,0.36152305835107196,0.35740872940210405,0.13047872132832294,0.5879077429223252,0.5868117435177124,0.32235560277843,0,0.0,inf,0.7498817443847656
3,0.3,1.0,0.0,0.25,4,23,10,3,0.13691890178259938,0.28416805596586636,0.6353780061122025,0.6315306673390934,0.46812114083389916,0.8019282820082536,0.8013325861275414,0.6406540834881669,0.31687227776700255,0.3124551257247699,0.11370477342040969,0.4045942902943182,0.40340372512137557,0.185435262866209,0,0.0,inf,0.4696166515350342
3,0.3,1.0,0.0,0.25,5,39,10,3,0.12355479607932501,0.2752787841138864,0.5663139174404579,0.5617456350040712,0.41968855198894395,0.7852802150932446,0.7846251091678986,0.6010060305727019,0.292616653476637,0.2880521794013466,0.10994293985432556,0.3749359727893116,0.37366222508626973,0.14532804951821357,0,0.0,inf,1.0319480895996094
3,0.3,1.0,0.0,0.25,6,35,10,4,0.13596315584747362,0.22012269186884292,0.6477696738078454,0.6440566968238588,0.4759937353517473,0.9116055475593928,0.9112424542131328,0.8049349549879696,0.5001494241827154,0.4969211883807326,0.3058722777795928,0.8218349120156893,0.8213629372496292,0.6293450096268156,0,0.0,inf,0.8709900379180908
3,0.3,1.0,0.0,0.25,7,28,10,4,0.15358478077262752,0.2713963344133571,0.6896714304138347,0.6864974504526445,0.5509723799070179,0.9059896953135614,0.9056014712345598,0.78488266182146,0.4523593599832645,0.44894855601064915,0.20144987981714763,0.5839573365525113,0.5828476636274899,0.3153687444426345,0,0.0,inf,0.7966535091400146
3,0.3,1.0,0.0,0.25,8,49,10,3,0.1354703908209697,0.28669378697927367,0.6116811512757957,0.6075761161388378,0.4522534835449304,0.7926764584473263,0.7920479364188315,0.6178455857756018,0.4756874152995507,0.47228942874288454,0.29519289847694674,0.6710761095271227,0.670411439649869,0.5060781026638148,0,0.0,inf,1.1756305694580078
3,0.3,1.0,0.0,0.25,9,37,10,4,0.1595679661026654,0.2852800364206186,0.6995337368127471,0.6964604366391783,0.5684258595299423,0.9059896953135614,0.9056014712345598,0.78488266182146,0.4675939748747741,0.46427780686075687,0.2200940880301801,0.5839573365525113,0.5828476636274899,0.3153687444426345,0,0.0,inf,1.0683424472808838
3,0.3,1.0,0.0,0.5,0,1000,10,5,0.14320352443863724,0.22435589488008578,0.7356628534319247,0.7330062297518236,0.5607841882880918,1.0,1.0,1.0,0.4743733304202978,0.47116555534658583,0.19303881095823666,0.7375733655715297,0.7367405406672015,0.4724246305454723,0,0.0,inf,25.964178323745728
3,0.3,1.0,0.0,0.5,1,47,10,3,0.11984982476664913,0.2799035420443356,0.6195668164870134,0.6156619689649826,0.44579634406639956,0.7916267295012033,0.7909944647108239,0.6144266258107057,0.44761401065392414,0.4441567388900753,0.2542124656009543,0.6865809274896539,0.6859468433771049,0.542968341433499,0,0.0,inf,1.0054781436920166
3,0.3,1.0,0.0,0.5,2,23,10,4,0.14047117157897346,0.2724798758826881,0.7137399026333582,0.71085729144838,0.5434442460666324,0.9137594533047027,0.9134059329538328,0.8127690521941776,0.4401046505144743,0.43667960684444496,0.17994610388492122,0.5969473729725019,0.5958824465842398,0.33795995639299703,0,0.0,inf,0.4615607261657715
3,0.3,1.0,0.0,0.5,3,51,10,4,0.1525835713928899,0.29045887877741705,0.7441017880059384,0.7415314007659316,0.5840189443639,0.9116055475593928,0.9112424542131328,0.8049349549879696,0.6018463169987637,0.5994181032734959,0.35908379685973296,0.8218349120156893,0.8213629372496292,0.6293450096268156,0,0.0,inf,1.553600788116455
3,0.3,1.0,0.0,0.5,4,24,10,4,0.15436306817038686,0.29325977569220685,0.747806566306385,0.7452750282022181,0.5846739843327811,0.9116055475593928,0.9112424542131328,0.8049349549879696,0.6148172584477153,0.6124699808916522,0.36109322387163983,0.821834912015689,0.8213629372496289,0.6293450096268156,0,0.0,inf,0.6129403114318848
3,0.3,1.0,0.0,0.5,5,32,10,4,0.15339119034535678,0.2859212249482797,0.7316747581318623,0.7289834962452175,0.5750051948697152,0.897406368541996,0.8969792788487176,0.7526454569778374,0.6008017361739206,0.5983714675354785,0.353942410150919,0.8357447021357429,0.8353020509100345,0.6777225590952062,0,0.0,inf,0.6510064601898193
3,0.3,1.0,0.0,0.5,6,36,10,3,0.1099355686441885,0.2730924599910898,0.5929194012309399,0.588741038942215,0.40663781197187027,0.7916267295012033,0.7909944647108239,0.6144266258107057,0.44762831108395024,0.44417112882358967,0.251980059112548,0.6865809274896538,0.6859468433771048,0.542968341433499,0,0.0,inf,1.0909960269927979
3,0.3,1.0,0.0,0.5,7,1000,10,5,0.16381860115694946,0.2825209338148039,0.8004905567549601,0.7985374377611708,0.6812717644043974,1.0,1.0,1.0,0.5975872236877822,0.5952072642044581,0.30155001818391636,0.7375733655715297,0.7367405406672015,0.4724246305454723,0,0.0,inf,24.944459676742554
3,0.3,1.0,0.0,0.5,8,50,10,4,0.13994320664857493,0.27223845831545757,0.7133165698482768,0.7104296957435536,0.5427064333863272,0.9137594533047027,0.9134059329538328,0.8127690521941776,0.4353479218983064,0.4318937799275825,0.17868293182614728,0.5969473729725019,0.5958824465842398,0.33795995639299703,0,0.0,inf,1.4475767612457275
3,0.3,1.0,0.0,0.5,9,46,10,3,0.11989816346742503,0.2969447933417243,0.5728055486936283,0.5683233551976078,0.3680698604119753,0.7375733655715297,0.7367405406672015,0.4724246305454723,0.6107521817041871,0.6082498035457531,0.48703580429813004,1.0,1.0,1.0,0,0.0,inf,1.3605895042419434
3,0.3,1.0,0.0,0.75,0,1000,10,5,0.11842493858613651,0.21798881049768434,0.6984845875152744,0.6955087207953369,0.4931080731075217,1.0,1.0,1.0,0.5581551579648908,0.5555155813469274,0.3058088894233129,0.7375733655715297,0.7367405406672015,0.4724246305454723,0,0.0,inf,26.628409385681152
3,0.3,1.0,0.0,0.75,1,23,10,5,0.15877993138564453,0.2736352658081592,0.8000179553315668,0.7980819086422256,0.6825434269488329,1.0,1.0,1.0,0.5518786369930162,0.5492624525301266,0.2757588940771596,0.7375733655715295,0.7367405406672014,0.4724246305454723,0,0.0,inf,0.5547201633453369
3,0.3,1.0,0.0,0.75,2,40,10,5,0.15912549093181805,0.28407034140535137,0.8101727013067271,0.8083375762692736,0.6839386270873282,1.0,1.0,1.0,0.5895390678408207,0.5871468222660966,0.283654956124741,0.7375733655715297,0.7367405406672015,0.4724246305454723,0,0.0,inf,1.163245439529419
3,0.3,1.0,0.0,0.75,3,45,10,4,0.1297461332103316,0.27939176746937666,0.7103598854295107,0.707507737643645,0.5350894011346313,0.9116055475593928,0.9112424542131328,0.8049349549879696,0.5566620907887506,0.5540208592569764,0.29841865058668937,0.8218349120156893,0.8213629372496292,0.6293450096268156,0,0.0,inf,1.1723217964172363
3,0.3,1.0,0.0,0.75,4,33,10,4,0.09466994908278563,0.2077677406486564,0.6073746650840395,0.6034450458340399,0.41108108704362956,0.9116055475593928,0.9112424542131328,0.8049349549879696,0.33539682376171553,0.33135978263518834,0.10449918438661997,0.5933517525706162,0.5922745061043154,0.3316882713421359,0,0.0,inf,0.8604104518890381
3,0.3,1.0,0.0,0.75,5,59,10,4,0.1376925177905482,0.2913426879413173,0.7044277808105145,0.7015135168987106,0.5371961517714257,0.9116055475593928,0.9112424542131328,0.8049349549879696,0.5865354663897465,0.5840684393551255,0.32497581249029794,0.8218349120156893,0.8213629372496292,0.6293450096268156,0,0.0,inf,1.585385799407959
3,0.3,1.0,0.0,0.75,6,1000,10,4,0.11643672609912824,0.2472508736809242,0.6628425190067861,0.659530829926457,0.4945272673439861,0.9059896953135614,0.9056014712345598,0.78488266182146,0.379516834023518,0.3758314588308931,0.15816202516563052,0.5839573365525113,0.5828476636274899,0.3153687444426345,0,0.0,inf,24.586469650268555
3,0.3,1.0,0.0,0.75,7,25,10,3,0.10141931337600914,0.27876560397991235,0.6284570513886829,0.6247385951084288,0.45336078361993376,0.8021489417124285,0.8015540214626932,0.6413806962628472,0.4615981200821318,0.4583278340346899,0.25397461787395453,0.6640652098143665,0.6633936463526339,0.47901294122685556,0,0.0,inf,0.7318365573883057
3,0.3,1.0,0.0,0.75,8,41,10,4,0.11075281175130271,0.2567966710570856,0.670675046925084,0.6674241741081033,0.49002401261679923,0.9116055475593928,0.9112424542131328,0.8049349549879696,0.40302529705243334,0.3994582777331359,0.1546108940502248,0.5933517525706162,0.5922745061043154,0.3316882713421359,0,0.0,inf,1.1941406726837158
3,0.3,1.0,0.0,0.75,9,28,10,4,0.13417300877787178,0.28026525588705153,0.7106424048949815,0.7077932070159093,0.5374264632662356,0.897406368541996,0.8969792788487176,0.7526454569778374,0.6019383409771584,0.5995670093862082,0.32668512031079666,0.8357447021357429,0.8353020509100345,0.6777225590952062,0,0.0,inf,0.7191035747528076
3,0.3,1.0,0.0,1.0,0,51,10,4,0.11819589499665015,0.2791961225645384,0.6837465972800547,0.6806938987139657,0.5088830182107323,0.9059896953135614,0.9056014712345598,0.78488266182146,0.4415968562598325,0.43834765319478675,0.18114287336643578,0.5839573365525113,0.5828476636274899,0.3153687444426345,0,0.0,inf,1.6116433143615723
3,0.3,1.0,0.0,1.0,1,33,10,4,0.12385435462967155,0.2905790447861428,0.7065432521360627,0.703708237633398,0.5194045606422163,0.9116055475593928,0.9112424542131328,0.8049349549879696,0.567055036066652,0.5645333242524364,0.2834789896290139,0.821834912015689,0.8213629372496289,0.6293450096268156,0,0.0,inf,0.8777375221252441
3,0.3,1.0,0.0,1.0,2,45,10,5,0.14262871699679253,0.27475497616271816,0.7720689014360269,0.7698900236497372,0.6296802855076178,1.0,1.0,1.0,0.5615305616962429,0.5590084467592691,0.26073124418236315,0.7375733655715297,0.7367405406672015,0.4724246305454723,0,0.0,inf,1.2719101905822754
3,0.3,1.0,0.0,1.0,3,29,10,4,0.10804903427255592,0.2668107170026764,0.6592648194215116,0.6559749245079874,0.4638471792528972,0.9083491277292126,0.907971490705844,0.7934094346634827,0.3974286611369274,0.39392133137412866,0.1523187544592093,0.5879077429223252,0.5868117435177124,0.32235560277843,0,0.0,inf,0.8403604030609131
3,0.3,1.0,0.0,1.0,4,35,10,4,0.10910241814664157,0.2747879819084142,0.6906400011315652,0.6876512875168884,0.5125888329160376,0.9137594533047027,0.9134059329538328,0.8127690521941776,0.43717212516319925,0.43389382062206777,0.17817374093617555,0.5969473729725019,0.5958824465842398,0.33795995639299703,0,0.0,inf,0.8980381488800049
3,0.3,1.0,0.0,1.0,5,66,10,4,0.11396738804676673,0.28374986128341,0.6817976555277439,0.6787231364264045,0.467083527149506,0.9116055475593928,0.9112424542131328,0.8049349549879696,0.5777472097026759,0.5752873491894089,0.28645245184017704,0.8218349120156893,0.8213629372496292,0.6293450096268156,0,0.0,inf,2.0371575355529785
3,0.3,1.0,0.0,1.0,6,1000,10,5,0.13781041586566709,0.2749427424696498,0.7590615084039628,0.7567583438738743,0.6063484064938356,1.0,1.0,1.0,0.5708249108983656,0.5683563289957538,0.26309656019977007,0.7375733655715297,0.7367405406672015,0.4724246305454723,0,0.0,inf,24.46684432029724
3,0.3,1.0,0.0,1.0,7,38,10,5,0.14318134407020136,0.2757336360019882,0.7771532639293628,0.775022998397711,0.6370960387288398,1.0,1.0,1.0,0.570837948433366,0.5683693827410526,0.26314375879662405,0.7375733655715297,0.7367405406672015,0.4724246305454723,0,0.0,inf,1.1276464462280273
3,0.3,1.0,0.0,1.0,8,25,10,5,0.14237741514286542,0.27645053302449585,0.7650731081114113,0.7628273549458139,0.6227729078681508,1.0,1.0,1.0,0.5669987345418523,0.5645080730180633,0.25977820080137637,0.7375733655715297,0.7367405406672015,0.4724246305454723,0,0.0,inf,0.6156067848205566
3,0.3,1.0,0.0,1.0,9,1000,10,4,0.11745676923793008,0.2775078046562534,0.6678233480113467,0.6646146786770004,0.4887794192001551,0.897406368541996,0.8969792788487176,0.7526454569778374,0.5244359014638731,0.521666374386706,0.26321398706778704,0.8357447021357429,0.8353020509100345,0.6777225590952062,0,0.0,inf,22.777108669281006
3,0.3,1.0,0.25,0.0,0,26,10,3,0.1370478618212384,0.2819332654965433,0.6443166452542309,0.6405630765180383,0.4718078520721736,0.8021489417124285,0.8015540214626932,0.6413806962628472,0.3278415284843396,0.3234945287156605,0.11605344853407504,0.40498555723662094,0.40379607055457106,0.18615098045841807,0,0.0,inf,0.6129405498504639
3,0.3,1.0,0.25,0.0,1,23,10,4,0.15845547181484157,0.2869858815059346,0.7214845249416091,0.7186268165200812,0.5582147038927854,0.9116055475593928,0.9112424542131328,0.8049349549879696,0.6265274054011728,0.6241923161556452,0.3912110506956907,0.8218349120156893,0.8213629372496292,0.6293450096268156,0,0.0,inf,0.6453869342803955
3,0.3,1.0,0.25,0.0,2,52,10,4,0.12124001830214613,0.20083168799852333,0.6076966901347407,0.6035469836096394,0.4455657620439943,0.9000920107272863,0.8996771460213145,0.7622414951112423,0.29585422435088815,0.2912873407873344,0.09856975019294957,0.5740608484987776,0.5729166889125226,0.29646770121656035,0,0.0,inf,1.0640928745269775
3,0.3,1.0,0.25,0.0,3,41,10,4,0.13039948326196427,0.22593200489908194,0.6394957381376006,0.635691752988853,0.4437106058157871,0.9116055475593928,0.9112424542131328,0.8049349549879696,0.5231012668230539,0.5200175116657703,0.3021054117376679,0.8218349120156893,0.8213629372496292,0.6293450096268156,0,0.0,inf,1.0060722827911377
3,0.3,1.0,0.25,0.0,4,110,10,3,0.13940213534360096,0.28781362227310453,0.6284305641351889,0.6245014654536595,0.4637824392306417,0.7926764584473263,0.7920479364188315,0.6178455857756018,0.49209513310562314,0.48880232512464367,0.3122460026713133,0.6710761095271227,0.670411439649869,0.5060781026638148,0,0.0,inf,2.695523262023926
3,0.3,1.0,0.25,0.0,5,111,10,3,0.11454677162968759,0.2534313282817055,0.570660390315904,0.5661180902070295,0.40733660477374384,0.7921997857472497,0.7915695648752535,0.6162892627615703,0.2655638053816329,0.2607993985401639,0.08361460989383541,0.3872963856355672,0.38605760892034696,0.1610374468129141,0,0.0,inf,2.4572460651397705
3,0.3,1.0,0.25,0.0,6,46,10,4,0.12609833835674863,0.22511894132144375,0.60549556362918,0.6013388030494745,0.4208400647798129,0.9059896953135614,0.9056014712345598,0.78488266182146,0.38104502747479707,0.3770497356810893,0.13409669224385498,0.5839573365525113,0.5828476636274899,0.3153687444426345,0,0.0,inf,0.9545016288757324
3,0.3,1.0,0.25,0.0,7,49,10,4,0.12352522709994292,0.21099681882827537,0.606293938506642,0.602150270365284,0.42613608355831645,0.897406368541996,0.8969792788487176,0.7526454569778374,0.49859669628075254,0.4953646478552474,0.29978801448749137,0.8357447021357429,0.8353020509100345,0.6777225590952062,0,0.0,inf,1.0283353328704834
3,0.3,1.0,0.25,0.0,8,40,10,3,0.11344100622800712,0.2558841961348336,0.5709441222585697,0.5664046130957241,0.4027451633920436,0.7889606460971246,0.7883188157233194,0.6085417084158432,0.416817204180729,0.4130337903019573,0.25414359289275007,0.6444080303082955,0.6436864403758702,0.44488729445134056,0,0.0,inf,0.9210410118103027
3,0.3,1.0,0.25,0.0,9,21,10,4,0.1710665042705258,0.29415677347813063,0.755436707026123,0.7529265260039107,0.6076344067328066,0.9116055475593928,0.9112424542131328,0.8049349549879696,0.6278154106251221,0.6254874287520967,0.3948322309732365,0.8218349120156893,0.8213629372496292,0.6293450096268156,0,0.0,inf,0.35965466499328613
3,0.3,1.0,0.25,0.25,0,74,10,4,0.152486158030064,0.29299017029632574,0.730721701622981,0.7280186642639879,0.5636032752357307,0.9116055475593928,0.9112424542131328,0.8049349549879696,0.6148172584477153,0.6124699808916522,0.36109322387163983,0.8218349120156893,0.8213629372496292,0.6293450096268156,0.24242424242424243,0.35928143712574845,1.6701513401164805,1.9868710041046143
3,0.3,1.0,0.25,0.25,1,58,10,4,0.12094990640624123,0.22051138947739005,0.6307726305213329,0.626982557483699,0.4292295526381369,0.9083491277292126,0.907971490705844,0.7934094346634827,0.46133697905686194,0.4579653317534239,0.25986156767106555,0.5879077429223252,0.5868117435177124,0.32235560277843,0.24242424242424243,0.3619135355662302,1.967049261770653,1.7678344249725342
3,0.3,1.0,0.25,0.25,2,74,10,4,0.14447226072639965,0.283642862619856,0.7033177964167007,0.7003508430777138,0.5387796350496643,0.9083491277292126,0.907971490705844,0.7934094346634827,0.45821803564486996,0.45493141120681707,0.2047674543855804,0.5879077429223252,0.5868117435177124,0.32235560277843,0.24242424242424243,0.39520958083832336,1.6724949800433784,2.1481735706329346
3,0.3,1.0,0.25,0.25,3,27,10,4,0.13172084090996514,0.2608409138904685,0.6581963394117957,0.6547743490077053,0.499489973588277,0.9059896953135614,0.9056014712345598,0.78488266182146,0.42808988678223947,0.42461582907113654,0.18956936902625776,0.5839573365525113,0.5828476636274899,0.3153687444426345,0.24242424242424243,0.427715996578272,1.659331667164024,0.7579202651977539
3,0.3,1.0,0.25,0.25,4,111,10,4,0.10973468968192554,0.22829202649170985,0.608713423232207,0.6047048031635642,0.39485545965242713,0.9083491277292126,0.907971490705844,0.7934094346634827,0.3363891472723256,0.3322453132191562,0.0997043196501852,0.5879077429223252,0.5868117435177124,0.32235560277843,0.24242424242424243,0.3756745065003073,1.966408513058742,2.454946994781494
3,0.3,1.0,0.25,0.25,5,84,10,5,0.12217140343121956,0.19786699394348095,0.6760231136456448,0.6727726606036587,0.48705391462825687,1.0,1.0,1.0,0.4023449184256777,0.3987051016539153,0.15407034868704653,0.7375733655715297,0.7367405406672015,0.4724246305454723,0.24242424242424243,0.41335239967825543,1.6621655682951963,2.2398808002471924
3,0.3,1.0,0.25,0.25,6,60,10,5,0.1577758313091037,0.26858184681385305,0.7844584229708241,0.7823482684866536,0.66689706283275,1.0,1.0,1.0,0.5395410530682955,0.536817660571624,0.2719902148030011,0.7375733655715295,0.7367405406672014,0.4724246305454723,0.24242424242424243,0.4902862045719188,1.3651524391231418,1.621039867401123
3,0.3,1.0,0.25,0.25,7,41,10,3,0.10205962799139513,0.25753657282965875,0.5809113642753777,0.5766051415487968,0.3992156797376956,0.7889606460971246,0.7883188157233194,0.6085417084158432,0.39686643040784925,0.3930866332585611,0.20073764694333487,0.6444080303082955,0.6436864403758702,0.44488729445134056,0.24242424242424243,0.381476429380621,1.9658638793283263,1.1446082592010498
3,0.3,1.0,0.25,0.25,8,46,10,4,0.12596946785865237,0.2530332139946518,0.6283678493406649,0.6246472289961688,0.46556156651594843,0.9059896953135614,0.9056014712345598,0.78488266182146,0.4213820873331138,0.4178672832147307,0.19309750323105307,0.5839573365525113,0.5828476636274899,0.3153687444426345,0.24242424242424243,0.427715996578272,1.659331667164024,1.3009347915649414
3,0.3,1.0,0.25,0.25,9,43,10,3,0.10622884896985343,0.27182208932905944,0.5623669129917952,0.5578902044009906,0.41138366925848247,0.7849276230002521,0.7842712471813089,0.5998687124749003,0.4691439587756277,0.46583512093920615,0.2728379767313462,0.6768387497441453,0.6761799567006874,0.527325252875187,0.24242424242424243,0.3728392272059654,1.9660016885258826,1.2123680114746094
3,0.3,1.0,0.25,0.5,0,1000,10,4,0.13921838908158402,0.28766527384856616,0.687469256702699,0.6843935561391771,0.5334727858045234,0.9059896953135614,0.9056014712345598,0.78488266182146,0.4478049102139141,0.44451753975514624,0.19169107724626824,0.5839573365525113,0.5828476636274899,0.3153687444426345,0.24242424242424243,0.42147410568463195,1.1561519952307409,21.958022117614746
3,0.3,1.0,0.25,0.5,1,39,10,4,0.13775197785789453,0.27829388752632395,0.7195643704478089,0.7168049739978067,0.5484799703084917,0.9059896953135614,0.9056014712345598,0.78488266182146,0.44253198740634087,0.4392138728006769,0.1896292896611838,0.5839573365525113,0.5828476636274899,0.3153687444426345,0.24242424242424243,0.42147410568463195,1.1591734166434378,0.9600684642791748
3,0.3,1.0,0.25,0.5,2,85,10,5,0.13570037381036237,0.23168474111144627,0.732543767286204,0.7299037412759019,0.539711847013636,1.0,1.0,1.0,0.47212698027567823,0.4689730392558024,0.18530375039945626,0.7375733655715297,0.7367405406672015,0.4724246305454723,0.24242424242424243,0.3829550201921738,1.1884831477841873,2.5984416007995605
3,0.3,1.0,0.25,0.5,3,112,10,4,0.12750950417081372,0.27409259476433073,0.6953704942243041,0.6923607777258398,0.5228203204514157,0.9116055475593928,0.9112424542131328,0.8049349549879696,0.4490728731521789,0.4457775519250799,0.18035721906014918,0.5933517525706161,0.5922745061043153,0.3316882713421359,0.24242424242424243,0.3756745065003073,1.1903670424358548,3.2542991638183594
3,0.3,1.0,0.25,0.5,4,110,10,3,0.08427084843427235,0.24667483361953882,0.5274040629245195,0.5226383200927197,0.3494487300742795,0.7916267295012034,0.790994464710824,0.6144266258107057,0.27835241514898135,0.27392893808338475,0.07769496881886222,0.38627454010806195,0.38503290040672733,0.15913988880652757,0.24242424242424243,0.39052330122363965,1.4567717163565406,2.735628366470337
3,0.3,1.0,0.25,0.5,5,44,10,4,0.13100211056400132,0.27827597096968293,0.7043483398856472,0.7014333336170887,0.5163066256712421,0.897406368541996,0.8969792788487176,0.7526454569778374,0.5860605754462016,0.5835907646021624,0.3242986807907275,0.8357447021357429,0.8353020509100346,0.6777225590952062,0.24242424242424243,0.41749170980747663,1.1613531383087805,0.9966087341308594
3,0.3,1.0,0.25,0.5,6,53,10,3,0.10441069535103503,0.28057349647762575,0.5724085097257473,0.568116262410117,0.4003802841890472,0.7926764584473263,0.7920479364188315,0.6178455857756018,0.44446046254818145,0.4410738431799456,0.26294526613305946,0.6710761095271227,0.670411439649869,0.5060781026638148,0.24242424242424243,0.39992217730603774,1.3767816321761321,1.097416877746582
3,0.3,1.0,0.25,0.5,7,56,10,3,0.10441069535103503,0.2805734964776258,0.5724085097257473,0.568116262410117,0.4003802841890472,0.7926764584473263,0.7920479364188315,0.6178455857756018,0.44446046254818145,0.4410738431799456,0.26294526613305946,0.6710761095271227,0.670411439649869,0.5060781026638148,0.24242424242424243,0.39992217730603774,1.376781632176132,1.414893627166748
3,0.3,1.0,0.25,0.5,8,111,10,4,0.13393265968658885,0.2825758687047152,0.6998158530123805,0.6968652206698583,0.5215865049968711,0.9083491277292126,0.907971490705844,0.7934094346634827,0.45771872695876814,0.4544950579989103,0.1978310278513854,0.5879077429223252,0.5868117435177124,0.32235560277843,0.24242424242424243,0.42147410568463195,1.1641657121115847,3.275594472885132
3,0.3,1.0,0.25,0.5,9,69,10,4,0.13970869463533314,0.2919688123017438,0.7247057294121567,0.7219899395431876,0.5409198454889149,0.9116055475593928,0.9112424542131328,0.8049349549879696,0.6044981364893078,0.6021367527095289,0.33249809689582666,0.8218349120156893,0.8213629372496292,0.6293450096268156,0.24242424242424243,0.381476429380621,1.1644651545444553,1.425849199295044
3,0.3,1.0,0.25,0.75,0,24,10,4,0.1278003507837343,0.28999313453898024,0.7162580741952347,0.7134972801530175,0.5254921092832632,0.9116055475593928,0.9112424542131328,0.8049349549879696,0.5915685894454096,0.5891693077425579,0.30693841551722634,0.821834912015689,0.8213629372496289,0.6293450096268156,0.24242424242424243,0.3696003696003696,1.171249439763049,0.47689318656921387
3,0.3,1.0,0.25,0.75,1,52,10,5,0.1457283726988278,0.27474469009226854,0.7765858255715915,0.7744470795208749,0.6264454313470484,1.0,1.0,1.0,0.5450388555240735,0.5424174877215991,0.2523134013097418,0.7375733655715295,0.7367405406672014,0.4724246305454723,0.24242424242424243,0.3696003696003696,0.9282838310685815,1.0102965831756592
3,0.3,1.0,0.25,0.75,2,1000,10,4,0.12287726695033135,0.2818970399511018,0.6687724952219724,0.6655555781107818,0.493635872519726,0.897406368541996,0.8969792788487176,0.7526454569778374,0.5928144793985872,0.5904277689404802,0.30277613002518616,0.8357447021357429,0.8353020509100346,0.6777225590952062,0.24242424242424243,0.3696003696003696,1.1604623698301881,22.337178230285645
3,0.3,1.0,0.25,0.75,3,96,10,3,0.08487800841060104,0.2691962857318108,0.5889951158811806,0.5848909616501637,0.35352615624498884,0.7548712966501103,0.7541043224033086,0.5123044922655382,0.39178154573491375,0.3880956832491708,0.12394757870006733,0.5929240519143224,0.5920661274059542,0.33570984919437624,0.20903954802259886,0.3346780758724243,1.3793348550691729,2.541764497756958
3,0.3,1.0,0.25,0.75,4,25,10,4,0.11903654127936092,0.2584924413349462,0.6760356538569725,0.672891177059135,0.507287002834431,0.9083491277292126,0.907971490705844,0.7934094346634827,0.3937752032915653,0.39022443058463224,0.16907581532191912,0.5879077429223252,0.5868117435177124,0.32235560277843,0.24242424242424243,0.3696003696003696,1.1487512719200268,0.641493558883667
3,0.3,1.0,0.25,0.75,5,30,10,5,0.13460763904625808,0.26837295895712293,0.7696938036757792,0.7674891366051564,0.6015922886935708,1.0,1.0,1.0,0.5174774679110813,0.5146973830891217,0.23042071140454073,0.7375733655715295,0.7367405406672014,0.4724246305454723,0.24242424242424243,0.3696003696003696,0.9279019139502271,0.897845983505249
3,0.3,1.0,0.25,0.75,6,50,10,4,0.10266640725885304,0.23921613302899375,0.6470479527204285,0.6436272593402754,0.46263496045546404,0.9083491277292126,0.907971490705844,0.7934094346634827,0.38430261746236843,0.3807028246141964,0.15004686003536322,0.5879077429223252,0.5868117435177124,0.32235560277843,0.24242424242424243,0.3696003696003696,1.1528002276791647,1.1760423183441162
3,0.3,1.0,0.25,0.75,7,111,10,4,0.12686979362810047,0.2848496583394563,0.7042815064018537,0.7014021268081926,0.534484375174247,0.9116055475593928,0.9112424542131328,0.8049349549879696,0.558401327526214,0.5558049978042606,0.29921008626334733,0.8218349120156893,0.8213629372496292,0.6293450096268156,0.24242424242424243,0.3696003696003696,1.172334407823156,2.417130947113037
3,0.3,1.0,0.25,0.75,8,112,10,5,0.14821830945212358,0.28242311686851945,0.7899880262698035,0.7879776140387351,0.6411452639760948,1.0,1.0,1.0,0.5817167305375637,0.5793067401754209,0.2667862989687594,0.7375733655715295,0.7367405406672014,0.4724246305454723,0.24242424242424243,0.3696003696003696,0.9279416966754376,2.4044029712677
3,0.3,1.0,0.25,0.75,9,71,10,4,0.11563382985120127,0.2742235613887031,0.6843637307904247,0.681298550085995,0.5061418334827168,0.9137594533047027,0.9134059329538328,0.8127690521941776,0.4351502869592874,0.43183985096406025,0.17390753226628808,0.5969473729725019,0.5958824465842398,0.33795995639299703,0.24242424242424243,0.3696003696003696,1.1631751276118183,1.4450747966766357
3,0.3,1.0,0.25,1.0,0,73,10,5,0.13257932837201694,0.27058559592922665,0.753631412051436,0.7512932743675605,0.594606070221817,1.0,1.0,1.0,0.5593071983463249,0.5567937091581415,0.2479193591534454,0.7375733655715295,0.7367405406672014,0.4724246305454723,0.24242424242424243,0.32464897329762193,1.0875004767738112,1.6128861904144287
3,0.3,1.0,0.25,1.0,1,31,10,4,0.11453177648476974,0.2877803624411969,0.6925637114505673,0.689623861160391,0.4928578423578912,0.9116055475593928,0.9112424542131328,0.8049349549879696,0.5674445289969299,0.5649552289087996,0.2650373093678088,0.8218349120156893,0.8213629372496292,0.6293450096268156,0.24242424242424243,0.32464897329762193,1.3623975388285159,0.5267152786254883
3,0.3,1.0,0.25,1.0,2,63,10,4,0.09232573117308143,0.26037721786847057,0.6379394007328504,0.6344792857754973,0.4498080069787712,0.8974063685419958,0.8969792788487174,0.7526454569778374,0.4234927534059205,0.4201774074978589,0.1669875639493945,0.5695438300688878,0.5683837947232321,0.28830015171599577,0.24242424242424243,0.32464897329762193,1.352621878382869,1.2595438957214355
3,0.3,1.0,0.25,1.0,3,42,10,5,0.13293069163572135,0.269654113042613,0.7625820284745224,0.7603288024848105,0.5989321728730269,1.0,1.0,1.0,0.5379147383674306,0.5352791911740465,0.24105477430640182,0.7375733655715297,0.7367405406672015,0.4724246305454723,0.24242424242424243,0.32464897329762193,1.0873473532891709,0.7787175178527832
3,0.3,1.0,0.25,1.0,4,1000,10,3,0.07773525380505242,0.2755749244135099,0.5967015811988823,0.5928227021606123,0.4105252592065308,0.8021489417124285,0.8015540214626932,0.6413806962628472,0.43433096417185746,0.43105324675343754,0.19817767591436458,0.6640652098143665,0.6633936463526339,0.47901294122685556,0.24242424242424243,0.32464897329762193,1.6236082258083266,20.923466682434082
3,0.3,1.0,0.25,1.0,5,36,10,4,0.11032373615133655,0.2825729506885939,0.6560061310214208,0.6527170704705608,0.4582830036312203,0.897406368541996,0.8969792788487176,0.7526454569778374,0.5503394091253903,0.5477520228518366,0.2606396643432171,0.8357447021357429,0.8353020509100345,0.6777225590952062,0.24242424242424243,0.32464897329762193,1.3573732280681605,0.9919924736022949
3,0.3,1.0,0.25,1.0,6,46,10,4,0.10308459647422788,0.2650959142374163,0.6359559914224856,0.6324770187566597,0.4447680495801222,0.9059896953135614,0.9056014712345598,0.78488266182146,0.39474861961473007,0.39126808885742714,0.15230740007047747,0.5839573365525113,0.5828476636274899,0.3153687444426345,0.24242424242424243,0.32464897329762193,1.3473816492863997,1.2578606605529785
3,0.3,1.0,0.25,1.0,7,37,10,4,0.0998345664823967,0.2646326376633639,0.6397702592483057,0.6363242251965451,0.46140676893492155,0.9037907607564276,0.9033926442098374,0.7752391372397232,0.5286010648631341,0.5258869594281903,0.25517359683254215,0.8294772696226798,0.8290212524311569,0.6564476401607514,0.24242424242424243,0.32464897329762193,1.3600128160630218,1.071007490158081
3,0.3,1.0,0.25,1.0,8,46,10,4,0.11189234813108863,0.27902207379654026,0.6619566273207466,0.658726257065562,0.4749931209054543,0.9083491277292126,0.907971490705844,0.7934094346634827,0.44002160045018257,0.436801568029838,0.1740033333368182,0.5879077429223252,0.5868117435177124,0.32235560277843,0.24242424242424243,0.32464897329762193,1.3542912229504107,1.2235634326934814
3,0.3,1.0,0.25,1.0,9,36,10,5,0.1348117425077616,0.27575918429504814,0.7596586344639935,0.7573776740881647,0.5999022019405867,1.0,1.0,1.0,0.5657678128770804,0.563291141490978,0.25117304393999007,0.7375733655715295,0.7367405406672014,0.4724246305454723,0.24242424242424243,0.32464897329762193,1.0863860955091147,1.0431859493255615
3,0.3,1.0,0.5,0.0,0,109,10,5,0.1702382280244259,0.27713090190776424,0.8098283244642385,0.8079666185443165,0.7132334107624927,1.0,1.0,1.0,0.5615167463574448,0.5589234579749315,0.29270628732130366,0.7375733655715297,0.7367405406672015,0.4724246305454723,0,0.0,inf,3.460110902786255
3,0.3,1.0,0.5,0.0,1,26,10,3,0.12336562795983345,0.28587147840018406,0.6289009410827261,0.6250915734870023,0.4562184085086416,0.7916267295012033,0.7909944647108239,0.6144266258107057,0.4466728042137212,0.4432092789063309,0.23692465867882714,0.6865809274896539,0.6859468433771049,0.542968341433499,0,0.0,inf,0.6980884075164795
3,0.3,1.0,0.5,0.0,2,116,10,3,0.11217811224117454,0.28672955825005786,0.5652444658799177,0.5607045999248742,0.3503213867698982,0.7595386266093844,0.7587891678710779,0.523012647821584,0.4106210307106078,0.40685401349935113,0.1643920709096704,0.6000310519393101,0.5991924558208827,0.34859032320172656,0,0.0,inf,3.5157346725463867
3,0.3,1.0,0.5,0.0,3,58,10,3,0.10054168961054344,0.25099822310420616,0.5508675448515001,0.5462719334065091,0.3828385051048523,0.7849276230002521,0.7842712471813089,0.5998687124749003,0.29208291674365505,0.28766896721205415,0.09894096717079101,0.3743048644791923,0.373029329116335,0.14414618051325584,0,0.0,inf,1.4771273136138916
3,0.3,1.0,0.5,0.0,4,26,10,3,0.1026322122013462,0.2533216857830997,0.5394573422843982,0.5347081752770945,0.3742691765133439,0.7921997857472497,0.7915695648752535,0.6162892627615703,0.267928383727822,0.263320545824621,0.07940139113089487,0.3872963856355672,0.38605760892034696,0.1610374468129141,0,0.0,inf,0.6838982105255127
3,0.3,1.0,0.5,0.0,5,60,10,4,0.15533498316837507,0.29366390755996946,0.7478065663063851,0.7452750282022182,0.5846739843327811,0.9116055475593928,0.9112424542131328,0.8049349549879696,0.6148172584477155,0.6124699808916523,0.36109322387163983,0.821834912015689,0.8213629372496289,0.6293450096268156,0,0.0,inf,1.7322056293487549
3,0.3,1.0,0.5,0.0,6,24,10,3,0.11422400718086285,0.27113296056459696,0.612958552788343,0.608993422868719,0.4371634069793465,0.8021489417124285,0.8015540214626932,0.6413806962628472,0.29919993921984855,0.2948238818597443,0.10394753947921037,0.40498555723662094,0.40379607055457106,0.18615098045841807,0,0.0,inf,0.6181201934814453
3,0.3,1.0,0.5,0.0,7,30,10,5,0.16382937435200748,0.2817311464172341,0.7982193449380024,0.7962440219866854,0.6796297056962873,1.0,1.0,1.0,0.5975766428054379,0.5951966644758755,0.3015125356467888,0.7375733655715295,0.7367405406672014,0.4724246305454723,0,0.0,inf,0.8257744312286377
3,0.3,1.0,0.5,0.0,8,120,10,3,0.12378642389311247,0.2874312842216227,0.6105988446286468,0.6066011743736345,0.4470911160782683,0.7916267295012033,0.7909944647108239,0.6144266258107057,0.4404987560230028,0.4369961257760503,0.2311598667357072,0.6865809274896538,0.6859468433771048,0.542968341433499,0,0.0,inf,3.5999221801757812
3,0.3,1.0,0.5,0.0,9,51,10,3,0.10557020159064259,0.25287275813936605,0.5584669603529678,0.5539499648043861,0.39978773144089375,0.7852802150932446,0.7846251091678986,0.6010060305727019,0.2808052670348724,0.27632203528565386,0.09790321282329732,0.3749359727893116,0.37366222508626973,0.14532804951821357,0,0.0,inf,1.3969752788543701
3,0.3,1.0,0.5,0.25,0,1000,10,4,0.13580946165563057,0.28200413851649386,0.6954130766997629,0.6924160392826066,0.5306994932420237,0.9059896953135614,0.9056014712345598,0.78488266182146,0.4573004566780397,0.45407024572332383,0.1931239530404971,0.5839573365525113,0.5828476636274899,0.3153687444426345,0.24242424242424243,0.42147410568463195,1.1638979512457421,20.74549436569214
3,0.3,1.0,0.5,0.25,1,118,10,3,0.09315554382609069,0.2596201434774914,0.5504197325949295,0.545877954603243,0.3845231189249166,0.7926764584473263,0.7920479364188315,0.6178455857756018,0.4357893158676218,0.43232340498015515,0.2515832275269838,0.6710761095271227,0.670411439649869,0.5060781026638148,0.24242424242424243,0.3619135355662302,1.4280969718429273,3.588430643081665
3,0.3,1.0,0.5,0.25,2,70,10,3,0.08341971973605498,0.23265523568428806,0.528140018246715,0.5233335465438199,0.3225515693756953,0.7250071641342934,0.7241254949570672,0.44647024161769056,0.3361368281440398,0.33201737516869495,0.10916683430707654,0.5880574779608788,0.5871603983222972,0.34186166083827674,0.2138728323699422,0.30943699193791185,1.3873359164393686,2.14924693107605
3,0.3,1.0,0.5,0.25,3,85,10,4,0.12817301829915445,0.26698780927182736,0.7008483868137615,0.6979070187764714,0.5251355795668502,0.9059896953135614,0.9056014712345598,0.78488266182146,0.4484642200730922,0.44518434200361007,0.18439081481415445,0.5839573365525113,0.5828476636274899,0.3153687444426345,0.24242424242424243,0.4133991431363215,1.1648847006941179,2.5328333377838135
3,0.3,1.0,0.5,0.25,4,38,10,4,0.13184362524259993,0.2669268714259424,0.6594723447566644,0.6561127658239592,0.5106956230193829,0.897406368541996,0.8969792788487176,0.7526454569778374,0.5156502125027334,0.5127581091449359,0.30339009835814357,0.8357447021357429,0.8353020509100346,0.6777225590952062,0.24242424242424243,0.42147410568463195,1.1601911005057546,0.70705246925354
3,0.3,1.0,0.5,0.25,5,43,10,5,0.14902650650013996,0.27650328169324634,0.7799798958545365,0.7778528307765792,0.6340678998026786,1.0,1.0,1.0,0.5593745149581129,0.5568063838634333,0.27108197508529125,0.7375733655715297,0.7367405406672015,0.4724246305454723,0.24242424242424243,0.42147410568463195,0.9399775356288241,0.8467261791229248
3,0.3,1.0,0.5,0.25,6,110,10,3,0.10271965991587627,0.27950964986254506,0.6316984787056303,0.628011704635597,0.46221466142877715,0.8021489417124285,0.8015540214626932,0.6413806962628472,0.46455725732530057,0.4613041377136289,0.2606631989909924,0.6640652098143665,0.6633936463526339,0.47901294122685556,0.24242424242424243,0.381476429380621,1.3808171424996871,2.4481420516967773
3,0.3,1.0,0.5,0.25,7,34,10,4,0.1406388702749788,0.2889718472572825,0.7367570064380469,0.7341579445465976,0.5686715451637481,0.9116055475593928,0.9112424542131328,0.8049349549879696,0.5842706531534632,0.5817860322442701,0.3283859937977549,0.8218349120156893,0.8213629372496292,0.6293450096268156,0.24242424242424243,0.381476429380621,1.1725943075526049,0.9768307209014893
3,0.3,1.0,0.5,0.25,8,29,10,4,0.13089191695493105,0.2831362670543184,0.6843675178983359,0.6812650375728905,0.5067706026615576,0.9083491277292126,0.907971490705844,0.7934094346634827,0.47167494899084467,0.4685342447985315,0.2046313176890492,0.5879077429223252,0.5868117435177124,0.32235560277843,0.24242424242424243,0.42147410568463195,1.1732123361559375,0.7893593311309814
3,0.3,1.0,0.5,0.25,9,54,10,4,0.1240882341013472,0.26514440096732694,0.6777486196955227,0.6745748970897474,0.5363632442361121,0.9083491277292126,0.907971490705844,0.7934094346634827,0.4206789715878821,0.4172270472359253,0.18795094019386488,0.5879077429223252,0.5868117435177124,0.32235560277843,0.24242424242424243,0.42147410568463195,1.155706762890644,1.4970388412475586
3,0.3,1.0,0.5,0.5,0,112,10,4,0.10243562765072146,0.24788149205931637,0.6560316874528983,0.6526817687648568,0.4605930914985549,0.8974063685419958,0.8969792788487174,0.7526454569778374,0.41712580617213674,0.4136979943907061,0.15263097985394627,0.5695438300688878,0.5683837947232321,0.28830015171599577,0.330188679245283,0.43845363665973486,0.5273771847880045,3.4554171562194824
3,0.3,1.0,0.5,0.5,1,36,10,3,0.08651453714119306,0.2601065022399322,0.5847833370275459,0.5806969735141122,0.4184484551875577,0.7921997857472497,0.7915695648752535,0.6162892627615703,0.360207825795124,0.35639808400762807,0.1599410537367496,0.6492493065110276,0.6485401515758276,0.45307203333420376,0.3626373626373626,0.4682577972018049,0.6234086469785899,0.8023498058319092
3,0.3,1.0,0.5,0.5,2,89,10,4,0.1069295000791695,0.251487996372639,0.6214590448943028,0.6177482007961353,0.4354368586893516,0.9000920107272863,0.8996771460213145,0.7622414951112423,0.38562859673008365,0.38198706592879433,0.1435655252600846,0.5740608484987777,0.5729166889125227,0.29646770121656035,0.31896551724137934,0.41335239967825543,0.5332003108121575,2.660215139389038
3,0.3,1.0,0.5,0.5,3,46,10,4,0.12410629386355988,0.27277859529344084,0.6822603372683019,0.6791679112750687,0.5094550170683321,0.897406368541996,0.8969792788487176,0.7526454569778374,0.5244886450075902,0.5216944326382322,0.28511450861706145,0.8357447021357429,0.8353020509100345,0.6777225590952062,0.3627450980392157,0.46741959119735216,0.5139368879806628,1.1725564002990723
3,0.3,1.0,0.5,0.5,4,111,10,4,0.11757994543774922,0.26435936240606017,0.6995741360409895,0.696624316990852,0.48935321097403933,0.9116055475593928,0.9112424542131328,0.8049349549879696,0.4375189554807501,0.4341785018365289,0.1557386093606301,0.5933517525706161,0.5922745061043153,0.3316882713421359,0.2755905511811024,0.37291964114475673,0.53239617769978,3.1332521438598633
3,0.3,1.0,0.5,0.5,5,38,10,3,0.09526934554535416,0.28326738769575227,0.5906133605902928,0.5865826394268971,0.4138273518459098,0.7916267295012033,0.7909944647108239,0.6144266258107057,0.4150410842887826,0.41155604690367453,0.1824258393096984,0.6865809274896539,0.6859468433771049,0.542968341433499,0.3523809523809524,0.45031887444622953,0.6222292286713454,0.7718133926391602
3,0.3,1.0,0.5,0.5,6,34,10,3,0.09423602389427087,0.2774053343852277,0.6271610704031353,0.6234954641333038,0.43788575361248305,0.8021489417124285,0.8015540214626932,0.6413806962628472,0.33018297165970506,0.3261992226129657,0.12077947523772253,0.40498555723662094,0.40379607055457106,0.18615098045841807,0.3333333333333333,0.4413483789393325,0.6137458503776717,0.5860791206359863
3,0.3,1.0,0.5,0.5,7,59,10,5,0.14338121257626155,0.280975765167005,0.7824243306604891,0.7803415390794183,0.6189748972707665,1.0,1.0,1.0,0.584380901706932,0.5819862978488404,0.2687422956403578,0.7375733655715297,0.7367405406672015,0.4724246305454723,0.48484848484848486,0.657878787878788,0.40238811263131646,1.433323621749878
3,0.3,1.0,0.5,0.5,8,120,10,5,0.14023439081734967,0.27096076272464364,0.7777425813598559,0.7756149089434784,0.6180381265304882,1.0,1.0,1.0,0.528447198278793,0.5257302336619082,0.24016293135692204,0.7375733655715295,0.7367405406672014,0.4724246305454723,0.48484848484848486,0.657878787878788,0.4026450375615197,3.312764883041382
3,0.3,1.0,0.5,0.5,9,33,10,4,0.1286891344079556,0.28846359351371614,0.7390939490612912,0.736552795950173,0.5607615363859731,0.9116055475593928,0.9112424542131328,0.8049349549879696,0.575276989249666,0.5727790175634397,0.30277060346566453,0.8218349120156893,0.8213629372496292,0.6293450096268156,0.308411214953271,0.4065942189694684,0.5259509708289382,0.750551700592041
3,0.3,1.0,0.5,0.75,0,111,10,4,0.09906496069092546,0.25355892772809385,0.6252103123765156,0.6216096688814521,0.4360346565131673,0.9000920107272863,0.8996771460213145,0.7622414951112423,0.3633203106390321,0.3596359963155459,0.13955564393089626,0.5740608484987776,0.5729166889125226,0.29646770121656035,0.37,0.5351615609360988,0.3837800045630965,2.7130374908447266
3,0.3,1.0,0.5,0.75,1,33,10,5,0.13458692289019072,0.27682975543048444,0.7817532705107272,0.7796795923819179,0.6014949141835827,1.0,1.0,1.0,0.5783148592667754,0.5759064607842568,0.25683360328652727,0.7375733655715297,0.7367405406672015,0.4724246305454723,0.48484848484848486,0.6581924390143568,0.29287141507847475,0.8259522914886475
3,0.3,1.0,0.5,0.75,2,89,10,4,0.10451466594019689,0.26513358999178216,0.6958283262887116,0.6928950687969432,0.49431160436435684,0.9116055475593928,0.9112424542131328,0.8049349549879696,0.45167144198553694,0.44848403436760126,0.17432437561649275,0.5933517525706162,0.5922745061043154,0.3316882713421359,0.33980582524271846,0.44974428824753926,0.40492447949337446,2.607599973678589
3,0.3,1.0,0.5,0.75,3,64,10,3,0.08323467149605802,0.2772417915248206,0.592086338292659,0.5880675637451114,0.38721028183044387,0.7595386266093844,0.7587891678710779,0.523012647821584,0.3814197983163953,0.3777307249924924,0.11952229457566872,0.6000310519393101,0.5991924558208827,0.34859032320172656,0.23870967741935484,0.35850628839408555,0.4836971142286111,1.6029677391052246
3,0.3,1.0,0.5,0.75,4,1000,10,5,0.13594489284553338,0.2820722703547476,0.7786925281273324,0.7765897298289927,0.5991561082800829,1.0,1.0,1.0,0.5783267435838272,0.5759183608174585,0.2568714207026204,0.7375733655715297,0.7367405406672015,0.4724246305454723,0.48484848484848486,0.6581924390143568,0.29314852737290625,23.9546217918396
3,0.3,1.0,0.5,0.75,5,41,10,5,0.14096619520138626,0.2837207562210118,0.7955979464534384,0.7936557784518891,0.6295067366482552,1.0,1.0,1.0,0.5762214316070818,0.573801024371517,0.25625880903838777,0.7375733655715295,0.7367405406672014,0.4724246305454723,0.48484848484848486,0.6581924390143568,0.29314852737290636,1.2672674655914307
3,0.3,1.0,0.5,0.75,6,33,10,5,0.13477616929082556,0.27751430302703833,0.7818566315574224,0.7797839639204049,0.6020458085255234,1.0,1.0,1.0,0.5794974104439361,0.5770958049467829,0.25682274334297783,0.7375733655715297,0.7367405406672015,0.4724246305454723,0.48484848484848486,0.6581924390143568,0.2930053476182853,0.9587440490722656
3,0.3,1.0,0.5,0.75,7,1000,10,4,0.09827379346325339,0.24545765517388768,0.6341335966726453,0.6306229030633446,0.4349678127966002,0.9083491277292126,0.907971490705844,0.7934094346634827,0.37841535224802114,0.37482351346657644,0.14489589795342456,0.5879077429223252,0.5868117435177124,0.32235560277843,0.37755102040816324,0.5377594325911284,0.37259287084587783,21.931180953979492
3,0.3,1.0,0.5,0.75,8,52,10,5,0.1405699442383803,0.28265311058407866,0.7927624796376557,0.790793369867061,0.6267738136336124,1.0,1.0,1.0,0.5762214316070818,0.573801024371517,0.25625880903838777,0.7375733655715295,0.7367405406672014,0.4724246305454723,0.48484848484848486,0.6581924390143568,0.29314852737290625,1.7821943759918213
3,0.3,1.0,0.5,0.75,9,112,10,4,0.10912400412148926,0.28054322404821647,0.671253275088137,0.6680857019553519,0.47486175965674193,0.9037907607564276,0.9033926442098374,0.7752391372397232,0.5854238913336018,0.5830164113024858,0.2894343318544876,0.8294772696226798,0.8290212524311569,0.6564476401607514,0.30275229357798167,0.43334383863851245,0.4014471601069411,3.4571189880371094
3,0.3,1.0,0.5,1.0,0,47,10,4,0.101372327459672,0.268212779596511,0.6347126318689598,0.6312475606876654,0.4375889773561194,0.9083491277292126,0.907971490705844,0.7934094346634827,0.43637218185746995,0.4331591779031338,0.16730827049745114,0.5879077429223252,0.5868117435177124,0.32235560277843,0.336734693877551,0.5708571428571428,0.4880149825398081,1.4387311935424805
3,0.3,1.0,0.5,1.0,1,112,10,3,0.06506454719477676,0.26659606908172856,0.5195128239064191,0.5149433141798304,0.30585344271294673,0.7852802150932446,0.7846251091678986,0.6010060305727019,0.27745550222395154,0.2733241233001997,0.08810358475291104,0.3749359727893116,0.37366222508626973,0.14532804951821357,0.34375,0.57234375,0.5928417192770388,3.552523612976074
3,0.3,1.0,0.5,1.0,2,38,10,3,0.0687787496814168,0.2691085148354204,0.5675077478446833,0.5633939652949066,0.38272252272871604,0.7849276230002521,0.7842712471813089,0.5998687124749003,0.43237228457555327,0.4291260212602426,0.18796621571583236,0.6768387497441453,0.6761799567006874,0.527325252875187,0.3235294117647059,0.558264705882353,0.5933094288919205,1.1387279033660889
3,0.3,1.0,0.5,1.0,3,52,10,4,0.10172425217022281,0.2667701075899717,0.6726800676778556,0.6695766279845701,0.46615451897296684,0.9083491277292126,0.907971490705844,0.7934094346634827,0.4136733081259275,0.4103327913765417,0.15739817707229514,0.5879077429223252,0.5868117435177124,0.32235560277843,0.336734693877551,0.5640612244897959,0.4886766811832817,1.4004087448120117
3,0.3,1.0,0.5,1.0,4,1000,10,5,0.1243295697212296,0.26551170617967307,0.739417362740525,0.7369569424693523,0.5623213243662829,1.0,1.0,1.0,0.5162885962977838,0.513546246191545,0.2228777512999515,0.7375733655715295,0.7367405406672014,0.4724246305454723,0.48484848484848486,0.5859518054640006,0.3620995796114989,28.193281173706055
3,0.3,1.0,0.5,1.0,5,33,10,4,0.08660248101049335,0.25168407877849513,0.6483868219694451,0.6450528335593539,0.46379142151734715,0.9083491277292126,0.907971490705844,0.7934094346634827,0.4152301182795302,0.41189822083629446,0.16705130196213097,0.5879077429223252,0.5868117435177124,0.32235560277843,0.35106382978723405,0.5809787234042554,0.48511968289670276,0.9293651580810547
3,0.3,1.0,0.5,1.0,6,42,10,3,0.07357960587278918,0.27544586998763093,0.5984648925807997,0.5946406572818125,0.4056983728155346,0.7916267295012033,0.7909944647108239,0.6144266258107057,0.4224008657291151,0.41909253760666865,0.17762212356252774,0.6865809274896538,0.6859468433771048,0.542968341433499,0.3235294117647059,0.5615294117647058,0.6161313637573634,1.196974277496338
3,0.3,1.0,0.5,1.0,7,40,10,4,0.09965611611604043,0.26197008822260076,0.647713333774313,0.6443722998537,0.45540171082645353,0.9059896953135614,0.9056014712345598,0.78488266182146,0.3981262487269791,0.3946960922741838,0.15392659163547495,0.5839573365525113,0.5828476636274899,0.3153687444426345,0.34375,0.5758125000000001,0.4864322396295451,1.2643470764160156
3,0.3,1.0,0.5,1.0,8,28,10,4,0.10663267160621828,0.2815486181629855,0.6914201771138719,0.6884909293323173,0.481813568247252,0.9116055475593928,0.9112424542131328,0.8049349549879696,0.5437284729636264,0.5411252511848793,0.24401697549753396,0.8218349120156893,0.8213629372496292,0.6293450096268156,0.308411214953271,0.5384018691588786,0.5144741565618532,0.6449778079986572
3,0.3,1.0,0.5,1.0,9,114,10,3,0.06907042231416315,0.266895863846879,0.5454526810365322,0.5411298634910463,0.3544285787043632,0.7852802150932446,0.7846251091678986,0.6010060305727019,0.30442008030818246,0.30044287997125524,0.1091512847839402,0.3749359727893116,0.37366222508626973,0.14532804951821357,0.34375,0.57234375,0.5928417192770388,2.6287505626678467
3,0.3,1.0,0.75,0.0,0,60,10,4,0.11324290873747273,0.2642005505396027,0.6768241262522957,0.6736560381222697,0.5214242992230868,0.9083491277292126,0.907971490705844,0.7934094346634827,0.4098960754857832,0.40639944782820464,0.18362292969829164,0.5879077429223252,0.5868117435177124,0.32235560277843,0,0.0,inf,1.5043940544128418
3,0.3,1.0,0.75,0.0,1,45,10,4,0.1263022933943158,0.27915917009839875,0.6928020437705917,0.6897615691799981,0.5102782047059043,0.9037907607564276,0.9033926442098374,0.7752391372397232,0.5962451792655913,0.5938249848614953,0.339857717151775,0.8294772696226798,0.8290212524311569,0.6564476401607514,0,0.0,inf,1.5544495582580566
3,0.3,1.0,0.75,0.0,2,44,10,4,0.1284414271923966,0.2695615329639641,0.6804502955458984,0.6773092688827378,0.5219340325531223,0.9059896953135614,0.9056014712345598,0.78488266182146,0.42460802902921047,0.4211874830558236,0.1808508073340268,0.5839573365525113,0.5828476636274899,0.3153687444426345,0,0.0,inf,1.4459891319274902
3,0.3,1.0,0.75,0.0,3,20,10,3,0.10351624142280134,0.2864328503562978,0.5779889437228336,0.5737605887805779,0.4020341701023292,0.789789857030486,0.789150994948784,0.6112350182388241,0.4557566399016418,0.45244634261978894,0.2415312824419609,0.6668307613228105,0.6661552998165208,0.4990750972068573,0,0.0,inf,0.49849581718444824
3,0.3,1.0,0.75,0.0,4,24,10,4,0.12920132969973241,0.27612518887701015,0.6814347992652335,0.6783019542407903,0.5063848030802817,0.9083491277292126,0.907971490705844,0.7934094346634827,0.42661065507485424,0.42320004378057324,0.18107570214731147,0.5879077429223252,0.5868117435177124,0.32235560277843,0,0.0,inf,0.6974432468414307
3,0.3,1.0,0.75,0.0,5,37,10,5,0.156576141606241,0.27524388694139096,0.7974346433314693,0.7954763435183738,0.6761033993556935,1.0,1.0,1.0,0.5497108877235706,0.5470864652394644,0.27238918533404066,0.7375733655715295,0.7367405406672014,0.4724246305454723,0,0.0,inf,1.0870027542114258
3,0.3,1.0,0.75,0.0,6,113,10,5,0.15123356854618678,0.28194643175407624,0.800038386963209,0.7981053134827911,0.655873590847374,1.0,1.0,1.0,0.5849289422139149,0.5825098629017523,0.27965525709332173,0.7375733655715297,0.7367405406672015,0.4724246305454723,0,0.0,inf,2.8611717224121094
3,0.3,1.0,0.75,0.0,7,31,10,4,0.11655239532973598,0.24875123324722495,0.6380179561752367,0.6344567147121406,0.46722244627586207,0.9059896953135614,0.9056014712345598,0.78488266182146,0.4168016743811768,0.4133310410223506,0.17588475626519579,0.5839573365525113,0.5828476636274899,0.3153687444426345,0,0.0,inf,0.8115899562835693
3,0.3,1.0,0.75,0.0,8,1000,10,4,0.1338828119956944,0.2729988894708836,0.6887167549749498,0.6856555224137033,0.5287329323127681,0.9083491277292126,0.907971490705844,0.7934094346634827,0.40818970459614334,0.4046695225497894,0.17820647833001738,0.5879077429223252,0.5868117435177124,0.32235560277843,0,0.0,inf,22.638479948043823
3,0.3,1.0,0.75,0.0,9,141,10,4,0.1334589858586713,0.28586831159155407,0.6940355337619364,0.6910228512326237,0.5158368123119605,0.897406368541996,0.8969792788487176,0.7526454569778374,0.6031689352486463,0.6008049694150551,0.326674532573842,0.8357447021357429,0.8353020509100345,0.6777225590952062,0,0.0,inf,3.0475528240203857
3,0.3,1.0,0.75,0.25,0,57,10,5,0.12634347794565895,0.2331131584653949,0.7185958866989004,0.7158519641347711,0.5094810747768016,1.0,1.0,1.0,0.595550885745917,0.5931688917244632,0.3139768821634427,0.7375733655715297,0.7367405406672015,0.4724246305454723,0.24242424242424243,0.3696003696003696,1.1613064731477283,1.5263586044311523
3,0.3,1.0,0.75,0.25,1,118,10,4,0.12186787776230787,0.2798358961852613,0.6903403224807346,0.6873366406001246,0.5060068052050127,0.9059896953135614,0.9056014712345598,0.78488266182146,0.45607091295673835,0.45288748004611107,0.1914342815871545,0.5839573365525113,0.5828476636274899,0.3153687444426345,0.24242424242424243,0.3696003696003696,1.1642169381926715,3.3040339946746826
3,0.3,1.0,0.75,0.25,2,37,10,3,0.09110173289588551,0.2883924869957494,0.5346417869808553,0.5300035469403194,0.33320353416818627,0.7595386266093844,0.7587891678710779,0.523012647821584,0.3796247090232714,0.3758736305583515,0.12950836795378876,0.6000310519393101,0.5991924558208827,0.34859032320172656,0.21637426900584794,0.34085674804237676,1.3889816332265241,0.9340083599090576
3,0.3,1.0,0.75,0.25,3,111,10,4,0.11627955361429565,0.2701257009951974,0.6834912385486135,0.6804099284240896,0.49844241178341464,0.9137594533047027,0.9134059329538328,0.8127690521941776,0.4414017846292434,0.4381182168361716,0.1733426386108267,0.5969473729725019,0.5958824465842398,0.33795995639299703,0.24242424242424243,0.3696003696003696,1.1691357349222664,3.4963085651397705
3,0.3,1.0,0.75,0.25,4,111,10,5,0.14911177791115202,0.28367480975021964,0.793886285583012,0.7919131570031639,0.6469382368374141,1.0,1.0,1.0,0.5831996918753338,0.5807981968882445,0.2687908371810117,0.7375733655715295,0.7367405406672014,0.4724246305454723,0.24242424242424243,0.3696003696003696,0.9221481811810815,3.4410274028778076
3,0.3,1.0,0.75,0.25,5,36,10,4,0.1296057117335611,0.2816666867970399,0.7128184112158118,0.7100327655625375,0.5507421213340886,0.9059896953135614,0.9056014712345598,0.78488266182146,0.4726483039747619,0.46956189292488115,0.20446357525175746,0.5839573365525113,0.5828476636274899,0.3153687444426345,0.24242424242424243,0.3696003696003696,1.1642169381926715,0.9461634159088135
3,0.3,1.0,0.75,0.25,6,28,10,5,0.14360328224914284,0.28240009077854883,0.7841228168666242,0.782056222506407,0.6214160615014276,1.0,1.0,1.0,0.5831996918753338,0.5807981968882445,0.2687908371810117,0.7375733655715297,0.7367405406672015,0.4724246305454723,0.24242424242424243,0.3696003696003696,0.9221481811810817,0.8205749988555908
3,0.3,1.0,0.75,0.25,7,27,10,4,0.10939587009244123,0.2644799254366337,0.6279339199216146,0.6243193335743736,0.43685448678901867,0.897406368541996,0.8969792788487176,0.7526454569778374,0.5139658671446088,0.5111160023914559,0.2560011103478055,0.8357447021357429,0.8353020509100346,0.6777225590952062,0.24242424242424243,0.3696003696003696,1.1710346438776114,0.7629668712615967
3,0.3,1.0,0.75,0.25,8,35,10,4,0.11726928535462806,0.2766467579097306,0.6924422814779477,0.689448112508938,0.501333233617516,0.9137594533047027,0.9134059329538328,0.8127690521941776,0.43255173440804323,0.4292161440000153,0.16835404266367476,0.5969473729725019,0.5958824465842398,0.33795995639299703,0.24242424242424243,0.3696003696003696,1.1691357349222664,0.9398369789123535
3,0.3,1.0,0.75,0.25,9,50,10,4,0.11623684661684901,0.26903852794455396,0.67306431067158,0.6698675189198291,0.4806967946122016,0.9137594533047027,0.9134059329538328,0.8127690521941776,0.4242072546705177,0.4208047725073225,0.1553689597572154,0.5969473729725019,0.5958824465842398,0.33795995639299703,0.24242424242424243,0.3696003696003696,1.2049121926465904,1.4362976551055908
3,0.3,1.0,0.75,0.5,0,52,10,5,0.14120070031316037,0.284386919156521,0.7973268810727514,0.7954011760919688,0.6304953223947142,1.0,1.0,1.0,0.5783148592667754,0.5759064607842567,0.25683360328652727,0.7375733655715295,0.7367405406672014,0.4724246305454723,0.48484848484848486,0.6581924390143568,0.2890687353075261,1.5821926593780518
3,0.3,1.0,0.75,0.5,1,45,10,4,0.09849675159163827,0.25680439101156954,0.6413065552899129,0.6378592549704065,0.46115492028729793,0.9000920107272863,0.8996771460213145,0.7622414951112423,0.37602119910430853,0.37240875649048616,0.15000888419525707,0.5740608484987777,0.5729166889125227,0.29646770121656035,0.37373737373737376,0.5275163957798689,0.3839514780338946,1.2728164196014404
3,0.3,1.0,0.75,0.5,2,37,10,4,0.11795936951214397,0.28789882061994293,0.6942290227157943,0.691281736390673,0.5063574490920854,0.9116055475593928,0.9112424542131328,0.8049349549879696,0.5616104769271475,0.5590636038206868,0.28011360403321467,0.821834912015689,0.8213629372496289,0.6293450096268156,0.32038834951456313,0.4352528423329552,0.413111490528285,0.8280556201934814
3,0.3,1.0,0.75,0.5,3,112,10,3,0.07863749075673404,0.26367636457547183,0.5829027156655013,0.5788742543611658,0.42664533407896105,0.7849276230002521,0.7842712471813089,0.5998687124749003,0.33898520428072615,0.33513586332511175,0.13954297112867842,0.3743048644791923,0.373029329116335,0.14414618051325584,0.3793103448275862,0.48912076836426155,0.47603357776090216,3.4329001903533936
3,0.3,1.0,0.75,0.5,4,111,10,5,0.13776857040935442,0.27526748981173105,0.7764695251821461,0.7743455809388645,0.6113889848382492,1.0,1.0,1.0,0.5374521193921874,0.5348102465650391,0.2418645856707396,0.7375733655715297,0.7367405406672015,0.4724246305454723,0.48484848484848486,0.6581924390143568,0.28798002434009673,3.058649778366089
3,0.3,1.0,0.75,0.5,5,39,10,5,0.132437008743474,0.2719337328635507,0.7764747814619504,0.7743508871628442,0.5974818239581053,1.0,1.0,1.0,0.5281804862931144,0.5254856579200115,0.22978741855166931,0.7375733655715295,0.7367405406672014,0.4724246305454723,0.48484848484848486,0.6581924390143568,0.28798002434009684,0.8528823852539062
3,0.3,1.0,0.75,0.5,6,53,10,5,0.13281533876892831,0.27622417255084236,0.7680639111634439,0.7658600983674703,0.5858520365845352,1.0,1.0,1.0,0.5475691057448071,0.5449850167546585,0.24394745942026042,0.7375733655715297,0.7367405406672015,0.4724246305454723,0.48484848484848486,0.6581924390143568,0.28798002434009673,1.096893310546875
3,0.3,1.0,0.75,0.5,7,112,10,4,0.10932665598394702,0.26277548279940305,0.6847156736031946,0.6816886914318663,0.4937154502277846,0.9059896953135614,0.9056014712345598,0.78488266182146,0.4522782705950371,0.4491112036641007,0.18745375395442565,0.5839573365525113,0.5828476636274899,0.3153687444426345,0.3723404255319149,0.5111727763984226,0.3906937255324876,3.598933458328247
3,0.3,1.0,0.75,0.5,8,118,10,4,0.11604549987796672,0.2801180892967294,0.6500954129396371,0.6467261691077503,0.4806518976342865,0.897406368541996,0.8969792788487176,0.7526454569778374,0.5544700749601648,0.5518848795770182,0.2752869907389704,0.8357447021357429,0.8353020509100346,0.6777225590952062,0.3673469387755102,0.4899292324442025,0.39753673830955916,3.518773078918457
3,0.3,1.0,0.75,0.5,9,114,10,3,0.0832365178688973,0.2775692495951129,0.6202219898582226,0.6165500293019789,0.45510179210852975,0.8021489417124285,0.8015540214626932,0.6413806962628472,0.37301085664481115,0.3693549843450125,0.15286322693529844,0.40498555723662094,0.40379607055457106,0.18615098045841807,0.3473684210526316,0.5172900272752923,0.4722021470135638,2.927222728729248
3,0.3,1.0,0.75,0.75,0,38,10,4,0.10235141830138406,0.2800334145487284,0.6778230008557066,0.6747456757601029,0.47738359486823617,0.9037907607564276,0.9033926442098374,0.7752391372397232,0.5817091175104867,0.5793049810290167,0.27187415394345854,0.8294772696226798,0.8290212524311569,0.6564476401607514,0.3793103448275862,0.47962327771641183,0.17635505090343118,0.8013181686401367
3,0.3,1.0,0.75,0.75,1,34,10,4,0.11488615896566123,0.29282655783848716,0.7209188276761858,0.7182531392577587,0.5313846715591112,0.9116055475593928,0.9112424542131328,0.8049349549879696,0.5817091175104867,0.5793049810290167,0.27187415394345854,0.821834912015689,0.8213629372496289,0.6293450096268156,0.3793103448275862,0.47962327771641183,0.17635505090343118,0.7293746471405029
3,0.3,1.0,0.75,0.75,2,52,10,4,0.0977774983646966,0.2665185300133521,0.6330357287304071,0.6295399879450664,0.44196816694280133,0.9000920107272863,0.8996771460213145,0.7622414951112423,0.39124246208368235,0.38775477443574957,0.14896642866080764,0.5740608484987776,0.5729166889125226,0.29646770121656035,0.47435897435897434,0.5988023952095808,0.15572089428446848,1.3059730529785156
3,0.3,1.0,0.75,0.75,3,47,10,3,0.0763616201475324,0.26980652152770607,0.6563964209694013,0.6531009256377751,0.4757851391287286,0.7889606460971244,0.7883188157233192,0.6085417084158432,0.4315145241692599,0.4282311646132892,0.1742767682298009,0.6827081189134145,0.6820642499665682,0.536681216439622,0.3894736842105263,0.5058376397889153,0.19282440377133736,1.281972885131836
3,0.3,1.0,0.75,0.75,4,83,10,4,0.09936046663172357,0.2586462116319883,0.6849053370763646,0.6818717309528016,0.47727116389652713,0.9116055475593928,0.9112424542131328,0.8049349549879696,0.44745822306903543,0.44425237103846676,0.16498085444117275,0.5933517525706161,0.5922745061043153,0.3316882713421359,0.3333333333333333,0.43481501726836785,0.2051833713294272,2.362173318862915
3,0.3,1.0,0.75,0.75,5,113,10,4,0.09818343539611843,0.2738178354189844,0.6855710422809362,0.6825635575673443,0.4796013959488276,0.9137594533047027,0.9134059329538328,0.8127690521941776,0.4293023766059862,0.42601685196981015,0.163018198868517,0.5969473729725019,0.5958824465842398,0.33795995639299703,0.4157303370786517,0.5176562762325815,0.16347159065501818,3.257673740386963
3,0.3,1.0,0.75,0.75,6,48,10,3,0.049679609691255955,0.22388125082455293,0.4539080213304949,0.4486072764693672,0.26357396562208185,0.7426345344900235,0.7418211476741832,0.48335755348832965,0.2912916989054883,0.28713939435602953,0.09087342679490096,0.5965023276493842,0.5956404276659742,0.35039273185971725,0.3162393162393162,0.4087765428552489,0.22863751064991356,1.4193758964538574
3,0.3,1.0,0.75,0.75,7,41,10,4,0.11042663214393875,0.2843229811473807,0.7116887282339368,0.7089387762465735,0.5307295941380918,0.9116055475593928,0.9112424542131328,0.8049349549879696,0.5549050564195219,0.5523511828054946,0.2558155812804642,0.8218349120156893,0.8213629372496292,0.6293450096268156,0.4024390243902439,0.5040938531101062,0.17049825176150618,1.083888053894043
3,0.3,1.0,0.75,0.75,8,31,10,4,0.09872871556316147,0.26987988967195453,0.6829274031744361,0.6798931340148201,0.4862264185912228,0.9137594533047027,0.9134059329538328,0.8127690521941776,0.42155537866263026,0.41822330954211473,0.16430730003268718,0.5969473729725019,0.5958824465842398,0.33795995639299703,0.4157303370786517,0.5176562762325815,0.16793824171945088,0.666609525680542
3,0.3,1.0,0.75,0.75,9,33,10,4,0.09893157750025451,0.2700914617869261,0.6829274031744361,0.6798931340148201,0.4862264185912228,0.9137594533047027,0.9134059329538328,0.8127690521941776,0.4215553786626302,0.4182233095421147,0.16430730003268718,0.5969473729725019,0.5958824465842398,0.33795995639299703,0.4157303370786517,0.5176562762325815,0.16793824171945093,0.6787619590759277
3,0.3,1.0,0.75,1.0,0,74,10,5,0.12422558764657572,0.27511394476523765,0.7479256316575511,0.7455532358599174,0.5595368371859073,1.0,1.0,1.0,0.5595531676417994,0.5570655656564105,0.23626738200341368,0.7375733655715297,0.7367405406672015,0.4724246305454723,0.673469387755102,0.7951224489795918,0.09020727151704747,1.6336121559143066
3,0.3,1.0,0.75,1.0,1,118,10,4,0.10197132463590056,0.2764604703962881,0.6799302522583894,0.6769106245285286,0.49601514859480916,0.9059896953135614,0.9056014712345598,0.78488266182146,0.4841803658817989,0.48125874248459627,0.20361300005016467,0.5839573365525113,0.5828476636274899,0.3153687444426345,0.4342105263157895,0.6309473684210527,0.1706475775868277,2.8767292499542236
3,0.3,1.0,0.75,1.0,2,35,10,5,0.12267253056295736,0.27025896401045796,0.7433930296503827,0.740977975307079,0.5590897447210278,1.0,1.0,1.0,0.5577123443974058,0.5552143456167148,0.23535578167664356,0.7375733655715297,0.7367405406672015,0.4724246305454723,0.673469387755102,0.7951224489795918,0.09048003592583714,0.9637210369110107
3,0.3,1.0,0.75,1.0,3,115,10,4,0.0826535117616993,0.2609279928856548,0.6504858923785417,0.6471938531440998,0.45951238147402484,0.9083491277292126,0.907971490705844,0.7934094346634827,0.43570219504788454,0.43251214013493366,0.18073632077887833,0.5879077429223252,0.5868117435177124,0.32235560277843,0.6111111111111112,0.7646666666666667,0.11859110335207697,3.64929461479187
3,0.3,1.0,0.75,1.0,4,119,10,4,0.10102253755675182,0.27912503051662874,0.6589876346850163,0.6557690565402885,0.4607822914939478,0.897406368541996,0.8969792788487176,0.7526454569778374,0.5592734299920704,0.5567758704798296,0.24191358615298572,0.8357447021357429,0.8353020509100346,0.6777225590952062,0.39285714285714285,0.6025714285714285,0.1714718868950928,2.927553176879883
3,0.3,1.0,0.75,1.0,5,114,10,3,0.05257659534764947,0.254970614666944,0.5584110275932082,0.5542390363529517,0.365410832924537,0.7921997857472497,0.7915695648752535,0.6162892627615703,0.3095997709392269,0.30568275668957406,0.11441510339101957,0.3872963856355672,0.38605760892034696,0.1610374468129141,0.4074074074074074,0.6166666666666667,0.20853722459937912,2.617067575454712
3,0.3,1.0,0.75,1.0,6,31,10,4,0.07841964853772478,0.239299910068351,0.5940580663477788,0.5902243553693317,0.3937909108873422,0.9000920107272863,0.8996771460213145,0.7622414951112423,0.34042520718804675,0.33668478882576225,0.12461927047130265,0.5740608484987776,0.5729166889125226,0.29646770121656035,0.42857142857142855,0.6223928571428572,0.16441991848219223,0.5218126773834229
3,0.3,1.0,0.75,1.0,7,61,10,5,0.12038774898183957,0.2646562950550078,0.7384169582374865,0.7359550588048864,0.547685369100632,1.0,1.0,1.0,0.5170518191935907,0.5143241568700181,0.2166248899878414,0.7375733655715297,0.7367405406672015,0.4724246305454723,0.673469387755102,0.7951224489795918,0.09112658299408524,1.4007699489593506
3,0.3,1.0,0.75,1.0,8,51,10,4,0.08626044491423694,0.25431503869830663,0.6270379337514667,0.6235159205653515,0.4384309629963642,0.9037907607564276,0.9033926442098374,0.7752391372397232,0.5139522338733363,0.5111960998512755,0.2254119029662809,0.8294772696226798,0.8290212524311569,0.6564476401607514,0.3793103448275862,0.597103448275862,0.18418391851404348,1.1335718631744385
3,0.3,1.0,0.75,1.0,9,30,10,5,0.12435035273631324,0.27509907897795155,0.7479256316575511,0.7455532358599174,0.5595368371859073,1.0,1.0,1.0,0.5595531676417994,0.5570655656564105,0.23626738200341368,0.7375733655715295,0.7367405406672014,0.4724246305454723,0.673469387755102,0.7951224489795918,0.09020727151704744,0.8567707538604736
3,0.3,1.0,1.0,0.0,0,1000,10,3,0.08541741756807422,0.2773577513571587,0.5762973207710496,0.5721670293481954,0.3872040053966981,0.7849276230002521,0.7842712471813089,0.5998687124749003,0.42724560972589654,0.42387373232489134,0.20109419396249417,0.6768387497441453,0.6761799567006874,0.527325252875187,0,0.0,inf,22.84353995323181
3,0.3,1.0,1.0,0.0,1,1000,10,4,0.12332039105830114,0.290836184575734,0.7002426613006169,0.6973458266112134,0.5161009787014055,0.9116055475593928,0.9112424542131328,0.8049349549879696,0.5644449550298555,0.5619070421169283,0.2824226443721706,0.8218349120156893,0.8213629372496292,0.6293450096268156,0,0.0,inf,21.899297952651978
3,0.3,1.0,1.0,0.0,2,45,10,4,0.11828487775001453,0.27427382744575324,0.6850196129631326,0.6819815440903529,0.5088699577460772,0.9083491277292126,0.907971490705844,0.7934094346634827,0.44614552795416856,0.4429257623470445,0.18429043718983254,0.5879077429223252,0.5868117435177124,0.32235560277843,0,0.0,inf,1.19224214553833
3,0.3,1.0,1.0,0.0,3,29,10,5,0.1392329999752388,0.27714662467461276,0.7601178979221005,0.7578242696982781,0.603679687226467,1.0,1.0,1.0,0.5646084327551033,0.5621033640714884,0.25996861678934224,0.7375733655715295,0.7367405406672014,0.4724246305454723,0,0.0,inf,0.714045524597168
3,0.3,1.0,1.0,0.0,4,54,10,4,0.10360331033054508,0.2710706528671551,0.6318631618978073,0.6283079264055522,0.4561085137779518,0.9000920107272863,0.8996771460213145,0.7622414951112423,0.401540216835338,0.398055917549741,0.1678343777333449,0.5740608484987777,0.5729166889125227,0.29646770121656035,0,0.0,inf,1.3170506954193115
3,0.3,1.0,1.0,0.0,5,120,10,4,0.12398561710329965,0.2916606449708112,0.7013180589786845,0.6984316168598591,0.5173368412063943,0.9116055475593928,0.9112424542131328,0.8049349549879696,0.5654353550194022,0.5629032130163784,0.28371360411389607,0.821834912015689,0.8213629372496289,0.6293450096268156,0,0.0,inf,3.150843620300293
3,0.3,1.0,1.0,0.0,6,52,10,4,0.11347144883108709,0.2746794717261211,0.6665934348957757,0.6633770687374242,0.48046911936605113,0.9083491277292126,0.907971490705844,0.7934094346634827,0.4628459615292394,0.4597226172890711,0.19268298547941815,0.5879077429223252,0.5868117435177124,0.32235560277843,0,0.0,inf,1.502371072769165
3,0.3,1.0,1.0,0.0,7,30,10,4,0.1243794646453217,0.2915626436007062,0.7014005698906116,0.69851492515167,0.5195437385367315,0.9116055475593928,0.9112424542131328,0.8049349549879696,0.5662668605946636,0.5637395636479902,0.2847603282288086,0.8218349120156893,0.8213629372496292,0.6293450096268156,0,0.0,inf,0.7977216243743896
3,0.3,1.0,1.0,0.0,8,48,10,4,0.11794250680585985,0.2806258610516192,0.6749329348883492,0.6717931711708978,0.48573415677690496,0.897406368541996,0.8969792788487176,0.7526454569778374,0.5254446268782359,0.5226812176171387,0.2599774464627259,0.8357447021357429,0.8353020509100346,0.6777225590952062,0,0.0,inf,1.0622901916503906
3,0.3,1.0,1.0,0.0,9,1000,10,4,0.1234306188563874,0.2913192712802983,0.699211550709256,0.6963047514366912,0.5138352307755927,0.9116055475593928,0.9112424542131328,0.8049349549879696,0.5636134494545941,0.5610706914853165,0.281375920257258,0.8218349120156893,0.8213629372496292,0.6293450096268156,0,0.0,inf,24.186516761779785
3,0.3,1.0,1.0,0.25,0,39,10,5,0.13213087201897566,0.2739716938878723,0.7507592594385046,0.7483932728076076,0.5801430395008991,1.0,1.0,1.0,0.5622796819158323,0.5597824063502218,0.2515311266421371,0.7375733655715297,0.7367405406672015,0.4724246305454723,0.24242424242424243,0.32464897329762193,1.0878714295995966,1.0518970489501953
3,0.3,1.0,1.0,0.25,1,81,10,4,0.09862433563388076,0.259814037005353,0.6279941378080559,0.6244378375087003,0.45490185386706633,0.9000920107272863,0.8996771460213145,0.7622414951112423,0.3654177275966175,0.3617670170280675,0.14758351604756365,0.5740608484987777,0.5729166889125227,0.29646770121656035,0.24242424242424243,0.32464897329762193,1.359200486649663,2.504075050354004
3,0.3,1.0,1.0,0.25,2,36,10,5,0.13298351291374297,0.2770450942699867,0.7557735432142944,0.7534551560583079,0.5846593473282921,1.0,1.0,1.0,0.5616915832040067,0.559190952426215,0.2507608628033406,0.7375733655715297,0.7367405406672015,0.4724246305454723,0.24242424242424243,0.32464897329762193,1.0878714295995966,0.9289281368255615
3,0.3,1.0,1.0,0.25,3,81,10,3,0.08184808921932055,0.2892124037661637,0.6023325041995661,0.5984800368385138,0.39986583665313935,0.7548712966501103,0.7541043224033086,0.5123044922655382,0.42963453509178795,0.4263008645450519,0.1531176671987096,0.5929240519143224,0.5920661274059542,0.33570984919437624,0.20224719101123595,0.32464897329762193,1.607884077448203,2.4883127212524414
3,0.3,1.0,1.0,0.25,4,34,10,3,0.08270087066006725,0.28943792407393987,0.5710008384369784,0.5668510704680503,0.37761696369623904,0.7595386266093844,0.7587891678710779,0.523012647821584,0.4004024543731135,0.39690421706593015,0.1460604268327518,0.6000310519393101,0.5991924558208827,0.34859032320172656,0.21052631578947367,0.32464897329762193,1.6054901029444202,0.9707314968109131
3,0.3,1.0,1.0,0.25,5,29,10,5,0.13653282158379026,0.27492091350672626,0.7752733554908005,0.7731400756934556,0.611118524498877,1.0,1.0,1.0,0.5616915832040067,0.559190952426215,0.2507608628033406,0.7375733655715297,0.7367405406672015,0.4724246305454723,0.24242424242424243,0.32464897329762193,1.0878714295995966,0.7742640972137451
3,0.3,1.0,1.0,0.25,6,55,10,4,0.11211434157292485,0.27773337635744755,0.6571859524741519,0.6539093109549139,0.470147869865567,0.897406368541996,0.8969792788487176,0.7526454569778374,0.525510853031116,0.5227817282590558,0.24991397950564156,0.8357447021357429,0.8353020509100346,0.6777225590952062,0.24242424242424243,0.32464897329762193,1.3468941240574195,1.429114818572998
3,0.3,1.0,1.0,0.25,7,31,10,4,0.11511587989048752,0.2868574017849564,0.6629942355199017,0.6597731099910981,0.47971393639524523,0.897406368541996,0.8969792788487176,0.7526454569778374,0.5571796512887242,0.5546326763137212,0.2620977807252701,0.8357447021357429,0.8353020509100345,0.6777225590952062,0.24242424242424243,0.32464897329762193,1.3468941240574195,0.596782922744751
3,0.3,1.0,1.0,0.25,8,80,10,4,0.09299910496758311,0.26100234683848644,0.653428555590754,0.6501135797800002,0.45844845008706003,0.8974063685419958,0.8969792788487174,0.7526454569778374,0.4227493169437927,0.4194262428363357,0.16382783544559315,0.5695438300688878,0.5683837947232321,0.28830015171599577,0.24242424242424243,0.32464897329762193,1.353987723740198,1.7292454242706299
3,0.3,1.0,1.0,0.25,9,32,10,4,0.10375303432246465,0.2764502631680079,0.6595789207864992,0.656319212264468,0.46912521121775524,0.9037907607564276,0.9033926442098374,0.7752391372397232,0.5592959191909773,0.55675559816399,0.2677778052934945,0.8294772696226798,0.8290212524311569,0.6564476401607514,0.24242424242424243,0.32464897329762193,1.3654073951626404,0.660231351852417
3,0.3,1.0,1.0,0.5,0,110,10,5,0.12377537039453461,0.2652544399779616,0.7370782900810434,0.734595205507688,0.5562434028819723,1.0,1.0,1.0,0.5063676076334632,0.5035682400351574,0.21672501908010813,0.7375733655715297,0.7367405406672015,0.4724246305454723,0.48484848484848486,0.5859518054640006,0.3656801743266628,2.973292350769043
3,0.3,1.0,1.0,0.5,1,37,10,5,0.11975983151598527,0.260788381552817,0.746866276113393,0.7444756312139186,0.5516751511869668,1.0,1.0,1.0,0.5024207532534712,0.49959900321747003,0.2091210880256807,0.7375733655715297,0.7367405406672015,0.4724246305454723,0.48484848484848486,0.5859518054640006,0.3656801743266628,0.8789174556732178
3,0.3,1.0,1.0,0.5,2,39,10,4,0.1070393356369993,0.28257892781897526,0.6784891400957032,0.67543865241922,0.4816493646396836,0.9116055475593928,0.9112424542131328,0.8049349549879696,0.541234781004405,0.5386188667069363,0.24260448592634218,0.8218349120156893,0.8213629372496292,0.6293450096268156,0.32038834951456313,0.5496116504854369,0.49988332046305695,0.7731108665466309
3,0.3,1.0,1.0,0.5,3,60,10,4,0.10077492148050993,0.27082940988912796,0.6293549915469141,0.6258390387144327,0.43191387031174167,0.897406368541996,0.8969792788487176,0.7526454569778374,0.5038256394267353,0.5009970961183311,0.2254340367386351,0.8357447021357429,0.8353020509100346,0.6777225590952062,0.3673469387755102,0.5810510204081634,0.47411286632985017,1.2896313667297363
3,0.3,1.0,1.0,0.5,4,1000,10,5,0.1308166861717652,0.27791258843926125,0.7571788474694304,0.7548855965312751,0.5829477466829777,1.0,1.0,1.0,0.5585880248334089,0.5560847969255693,0.24256787231808158,0.7375733655715295,0.7367405406672014,0.4724246305454723,0.48484848484848486,0.5859518054640006,0.3656801743266628,22.105036735534668
3,0.3,1.0,1.0,0.5,5,46,10,4,0.09707777664529413,0.2705957323006831,0.684264826779624,0.6812671277716613,0.49673138936075706,0.9137594533047027,0.9134059329538328,0.8127690521941776,0.43515563883562247,0.43193229449401727,0.17525613012693944,0.5969473729725019,0.5958824465842398,0.33795995639299703,0.3173076923076923,0.5539326923076923,0.5153134924000494,0.9516003131866455
3,0.3,1.0,1.0,0.5,6,31,10,4,0.10432381456773875,0.2673102132490041,0.6638846794487027,0.6606958816605982,0.4910354320780857,0.897406368541996,0.8969792788487176,0.7526454569778374,0.4901383799812533,0.4872313901005162,0.22191355949156358,0.8357447021357429,0.8353020509100345,0.6777225590952062,0.336734693877551,0.5708571428571428,0.4907773499392555,0.6304037570953369
3,0.3,1.0,1.0,0.5,7,112,10,5,0.13007948627716545,0.27599621468211255,0.7582170578007953,0.7559336669177763,0.5857646609096194,1.0,1.0,1.0,0.558193608095671,0.5556882147670126,0.24201238666521838,0.7375733655715297,0.7367405406672015,0.4724246305454723,0.48484848484848486,0.5859518054640006,0.3656115747187221,2.531813383102417
3,0.3,1.0,1.0,0.5,8,21,10,5,0.13118583933110417,0.2794477256114816,0.7777637076205971,0.7756649701418898,0.5983747174811839,1.0,1.0,1.0,0.557592611523618,0.5550838885613434,0.2411320436581499,0.7375733655715297,0.7367405406672015,0.4724246305454723,0.48484848484848486,0.5859518054640006,0.3658199318923836,0.3872959613800049
3,0.3,1.0,1.0,0.5,9,65,10,5,0.12818808093809797,0.26980282105188524,0.7660297003417337,0.7638200936490075,0.5875429884510966,1.0,1.0,1.0,0.5218868340386739,0.5191755550215558,0.22599850215581668,0.7375733655715295,0.7367405406672014,0.4724246305454723,0.48484848484848486,0.5859518054640006,0.36538348208407945,1.3505253791809082
3,0.3,1.0,1.0,0.75,0,111,10,5,0.1274058947844724,0.27948987666228436,0.774969422462234,0.77285102053747,0.5868948982915695,1.0,1.0,1.0,0.5561117441768659,0.5536039681561286,0.23656979467171088,0.7375733655715295,0.7367405406672014,0.4724246305454723,0.6346153846153846,0.7620576923076924,0.09597352974906098,3.277463436126709
3,0.3,1.0,1.0,0.75,1,46,10,4,0.08066249029862085,0.2490458818027007,0.6540173653885805,0.6507521990963634,0.4614811985306745,0.9083491277292126,0.907971490705844,0.7934094346634827,0.41334612465956916,0.4100219983964073,0.16618560642016333,0.5879077429223252,0.5868117435177124,0.32235560277843,0.43037974683544306,0.6322784810126584,0.156842592391174,1.300279140472412
3,0.3,1.0,1.0,0.75,2,47,10,4,0.08137091321144713,0.24697173283839105,0.6109383075181971,0.6072647061069922,0.4048779994973116,0.9000920107272863,0.8996771460213145,0.7622414951112423,0.35815157942790465,0.3545124962466139,0.12968504754767932,0.5740608484987777,0.5729166889125227,0.29646770121656035,0.43373493975903615,0.6258795180722891,0.15621091942802717,0.9521651268005371
3,0.3,1.0,1.0,0.75,3,23,10,5,0.12288780041455591,0.26865538217280527,0.7616268484785147,0.7593828387602525,0.5717199584555301,1.0,1.0,1.0,0.5174209381892818,0.5146945713114812,0.21780470229328266,0.7375733655715295,0.7367405406672014,0.4724246305454723,0.6346153846153846,0.7748653846153847,0.09548646958515841,0.4497513771057129
3,0.3,1.0,1.0,0.75,4,97,10,4,0.09382940996080144,0.2774072477811959,0.6645169754644842,0.6613489707218548,0.46493302754860066,0.9037907607564276,0.9033926442098374,0.7752391372397232,0.5580398533082845,0.5555337950165491,0.24282323173643,0.8294772696226798,0.8290212524311569,0.6564476401607514,0.38372093023255816,0.6001744186046513,0.18231469718062265,2.1709766387939453
3,0.3,1.0,1.0,0.75,5,32,10,4,0.09917147270743122,0.2643110179571194,0.6916850067236365,0.6887776006991172,0.4973647061326823,0.9083491277292126,0.907971490705844,0.7934094346634827,0.432363273206628,0.4291498892083301,0.17554338269441333,0.5879077429223252,0.5868117435177124,0.32235560277843,0.4714285714285714,0.6469714285714286,0.16845858057814894,0.7542095184326172
3,0.3,1.0,1.0,0.75,6,31,10,5,0.12185004021587725,0.26946924191631194,0.7494390962433857,0.7470803505119845,0.5587756304930456,1.0,1.0,1.0,0.5559449303962011,0.5534362049261564,0.2363513932755376,0.7375733655715295,0.7367405406672014,0.4724246305454723,0.6346153846153846,0.7748653846153847,0.09570400249725243,0.6154835224151611
3,0.3,1.0,1.0,0.75,7,111,10,5,0.12608930813420274,0.2772581722799603,0.7535529851085032,0.7512330153794706,0.5664645280401708,1.0,1.0,1.0,0.5572801473499965,0.554779026778373,0.23655886057937087,0.7375733655715297,0.7367405406672015,0.4724246305454723,0.6346153846153846,0.7748653846153847,0.0961244790174394,3.5558056831359863
3,0.3,1.0,1.0,0.75,8,99,10,5,0.12701986928612552,0.27845220746289867,0.7615857764335089,0.7593413778712773,0.578623600035522,1.0,1.0,1.0,0.5559449303962011,0.5534362049261564,0.2363513932755376,0.7375733655715297,0.7367405406672015,0.4724246305454723,0.6346153846153846,0.7748653846153847,0.09570400249725247,3.0631344318389893
3,0.3,1.0,1.0,0.75,9,114,10,4,0.09127028751058855,0.2694831553610064,0.6561355224884197,0.652882793752054,0.4660228219908623,0.9037907607564276,0.9033926442098374,0.7752391372397232,0.5410044187599725,0.5383964716708255,0.23884707121838053,0.8294772696226798,0.8290212524311569,0.6564476401607514,0.336734693877551,0.5674591836734695,0.22324360997926157,3.603494882583618
3,0.3,1.0,1.0,1.0,0,88,10,5,0.11912000088495718,0.26997022955533395,0.7277960866257753,0.7252379926666603,0.5350545404568655,1.0,1.0,1.0,0.5446082249803329,0.542040635624781,0.22827213112475755,0.7375733655715295,0.7367405406672014,0.4724246305454723,0.9166666666666666,0.9500230308613541,0.0013195097454494452,2.779686689376831
3,0.3,1.0,1.0,1.0,1,113,10,5,0.11839113371130422,0.26676906147590107,0.7408869975844429,0.7384519689389784,0.55048069942118,1.0,1.0,1.0,0.535699231198721,0.5330814625603412,0.22508731081115987,0.7375733655715295,0.7367405406672014,0.4724246305454723,0.9166666666666666,0.9435,0.0019020905950172264,3.564129590988159
3,0.3,1.0,1.0,1.0,2,38,10,4,0.091829654100994,0.26408857504684996,0.7018101667227484,0.6990076279964957,0.5049516011203673,0.9059896953135614,0.9056014712345598,0.78488266182146,0.4884883884791792,0.4856040981183772,0.2013631186489239,0.5839573365525113,0.5828476636274899,0.3153687444426345,0.972972972972973,0.983945945945946,7.53943977568612e-05,0.9033799171447754
3,0.3,1.0,1.0,1.0,3,41,10,4,0.09770931045949634,0.27661578395231157,0.7255953112122091,0.7230165138187198,0.5373559250418019,0.9059896953135614,0.9056014712345598,0.78488266182146,0.5299842890136824,0.5273342214181066,0.22406042952694186,0.5839573365525113,0.5828476636274899,0.3153687444426345,0.9428571428571428,0.9638285714285716,0.0007476119422611784,1.187619686126709
3,0.3,1.0,1.0,1.0,4,42,10,5,0.11409889889426156,0.25880821415954797,0.7160762374573042,0.7134079591293966,0.5173729998423502,1.0,1.0,1.0,0.5007343085716176,0.49791929408602775,0.20585578164762525,0.7375733655715297,0.7367405406672015,0.4724246305454723,0.8918918918918919,0.9388108108108109,0.0018293256178345944,1.2590179443359375
3,0.3,1.0,1.0,1.0,5,44,10,4,0.07865889160557056,0.2535303103438001,0.640776800325862,0.6374009334250973,0.4442048110875807,0.9083491277292126,0.907971490705844,0.7934094346634827,0.4285446371128754,0.42532266854315454,0.1743732717947378,0.5879077429223252,0.5868117435177124,0.32235560277843,0.8918918918918919,0.9297837837837838,0.002506170501029957,1.2917916774749756
3,0.3,1.0,1.0,1.0,6,117,10,4,0.09733121666866883,0.27745680224095026,0.7196550271248418,0.7170203176025142,0.5270436057855036,0.9059896953135614,0.9056014712345598,0.78488266182146,0.5324207107713879,0.5297842785040141,0.2238368855297903,0.5839573365525113,0.5828476636274899,0.3153687444426345,0.9428571428571428,0.9638285714285716,0.0004646166152358429,3.3701398372650146
3,0.3,1.0,1.0,1.0,7,1000,10,5,0.11889249549580826,0.26960351656601717,0.7271044245949436,0.7245398305953227,0.5341736546084016,1.0,1.0,1.0,0.5446082249803329,0.542040635624781,0.22827213112475755,0.7375733655715297,0.7367405406672015,0.4724246305454723,0.9166666666666666,0.9500230308613541,0.001319509745449446,25.315305948257446
3,0.3,1.0,1.0,1.0,8,111,10,4,0.08441772904522463,0.26008825447062467,0.6276438711720005,0.624144546802897,0.4347264263680071,0.9037907607564276,0.9033926442098374,0.7752391372397232,0.5000379207157779,0.49721900791274093,0.2077878935496082,0.8294772696226798,0.8290212524311569,0.6564476401607514,0.9166666666666666,0.9409751924721984,0.0015967990175224014,3.567909002304077
3,0.3,1.0,1.0,1.0,9,53,10,4,0.09530621480364636,0.2704907968943243,0.7082093014420158,0.7054669050172901,0.5118586063734791,0.897406368541996,0.8969792788487176,0.7526454569778374,0.4902612075942472,0.4873869137319994,0.2019417679649322,0.8357447021357429,0.8353020509100345,0.6777225590952062,0.972972972972973,0.983945945945946,7.53943977568612e-05,1.486372470855713
3,0.5,0.0,0.0,0.0,0,21,4,4,0.3033095950933378,0.3032464954491562,0.908286786541069,0.9079097241974984,0.7915753497024844,0.9083491277292126,0.907971490705844,0.7934094346634827,0.7909887969767587,0.7902758452404195,0.6000696491729003,0.7849276230002518,0.7841885630133321,0.586029113950917,0.6883116883116883,0.8162008162008161,0.025638984007359693,0.05421185493469238
3,0.5,0.0,0.0,0.0,1,16,4,4,0.30225652517010054,0.30219976768382173,0.9062134325366954,0.9058270894842647,0.7840181975146335,0.9059896953135614,0.9056014712345598,0.78488266182146,0.7884454500433647,0.7877222627828132,0.5935840403399594,0.7820038042783822,0.7812528432163193,0.5787657424083629,0.6815286624203821,0.8073400033199027,0.027917723004850688,0.046727895736694336
3,0.5,0.0,0.0,0.0,2,15,3,3,0.2785744355817691,0.2783501041122964,0.7913824111123083,0.7907506711775147,0.6134933585107952,0.792676458447326,0.7920479364188314,0.6178455857756018,0.6459447160598649,0.6450445642221218,0.44066106472118616,0.6398829605162113,0.6389611927460442,0.42965422834092154,0.336734693877551,0.5005005005005004,0.1040764759471578,0.04218697547912598
3,0.5,0.0,0.0,0.0,3,14,3,3,0.29728791127725174,0.2973073712175688,0.7964599900015984,0.7958463173618422,0.6257449183498832,0.8019282820082536,0.8013325861275414,0.6406540834881669,0.6523146093044464,0.6514349462179659,0.45208550297897,0.6516133272375468,0.6507295243611372,0.4508122830368131,0.6815286624203821,0.8073400033199027,0.022396037403263153,0.0384519100189209
3,0.5,0.0,0.0,0.0,4,16,3,3,0.31164303676596344,0.31171724552657604,0.7354729417434915,0.734633884876582,0.4668474983380486,0.7250071641342934,0.7241254949570672,0.44647024161769056,0.8285876433343167,0.8281286458472752,0.6544238835522656,0.8225957765145105,0.8221121462071457,0.6452535784679942,0.7671232876712328,0.8758356164383563,0.013201697032822396,0.046117305755615234
3,0.5,0.0,0.0,0.0,5,26,4,4,0.30330959509333777,0.30324649544915616,0.908286786541069,0.9079097241974984,0.7915753497024844,0.9083491277292126,0.907971490705844,0.7934094346634827,0.7909887969767587,0.7902758452404195,0.6000696491729003,0.7849276230002518,0.7841885630133321,0.586029113950917,0.6883116883116883,0.8162008162008161,0.025638984007359707,0.06226944923400879
3,0.5,0.0,0.0,0.0,6,19,3,3,0.29728791127725185,0.2973073712175688,0.7964599900015984,0.7958463173618422,0.6257449183498832,0.8019282820082536,0.8013325861275414,0.6406540834881669,0.6523146093044463,0.6514349462179657,0.45208550297897,0.6516133272375468,0.6507295243611372,0.4508122830368131,0.6815286624203821,0.8073400033199027,0.02239603740326314,0.051840782165527344
3,0.5,0.0,0.0,0.0,7,28,2,2,0.3068011020001426,0.30680110200014254,0.5878399019601795,0.5871126581313231,0.3706193494105449,0.5879077429223252,0.5871790535706989,0.3717161405198315,0.672199343603704,0.6717035325534596,0.5329726615200185,0.6768387497441452,0.676345545785955,0.5489778408135174,0.782312925170068,0.8809830238401667,0.00711861096106578,0.0749657154083252
3,0.5,0.0,0.0,0.0,8,15,3,3,0.3000960427427212,0.30006657630309463,0.7919954100813236,0.7913658592256422,0.6149134768877957,0.792676458447326,0.7920479364188314,0.6178455857756018,0.6467140735940204,0.6458164057367728,0.44198892731327694,0.6398829605162115,0.6389611927460443,0.42965422834092154,0.6883116883116883,0.8162008162008161,0.020715269841158707,0.04279589653015137
3,0.5,0.0,0.0,0.0,9,28,3,3,0.2950513599127718,0.29530216631464934,0.7893604470334368,0.7887214729506181,0.6087639900510177,0.7889606460971246,0.7883188157233194,0.6085417084158432,0.6434063406841896,0.6424979775415118,0.4362320611924765,0.6351652836494971,0.6342280982950598,0.42094768363328244,0.6838709677419355,0.8099702756191306,0.02237738901008035,0.06658267974853516
3,0.5,0.0,0.0,0.25,0,18,3,3,0.29582723972303343,0.2956706898560772,0.7904764725728854,0.7898414931742513,0.6114464079728974,0.7852802150932446,0.7846251091678986,0.6010060305727019,0.6448075264531996,0.6439036979318009,0.43874541557546143,0.630488902126393,0.6295363171801378,0.41386322570661177,0.6815286624203821,0.8073400033199027,0.02252039278282545,0.11323761940002441
3,0.5,0.0,0.0,0.25,1,20,4,4,0.30330959509333777,0.30324649544915616,0.908286786541069,0.9079097241974984,0.7915753497024844,0.9083491277292126,0.907971490705844,0.7934094346634827,0.7909887969767587,0.7902758452404195,0.6000696491729003,0.7849276230002519,0.7841885630133323,0.586029113950917,0.6883116883116883,0.8162008162008161,0.025638984007359693,0.10822296142578125
3,0.5,0.0,0.0,0.25,2,19,4,4,0.3033095950933377,0.30324649544915616,0.908286786541069,0.9079097241974984,0.7915753497024844,0.9083491277292126,0.907971490705844,0.7934094346634827,0.7909887969767587,0.7902758452404195,0.6000696491729003,0.7849276230002518,0.7841885630133321,0.586029113950917,0.6883116883116883,0.8162008162008161,0.025638984007359693,0.11488962173461914
3,0.5,0.0,0.0,0.25,3,17,3,3,0.3034411497477426,0.3031720513147306,0.7919171422000004,0.7912873128296978,0.6146580667163571,0.7916267295012033,0.7909944647108239,0.6144266258107057,0.8871644058134939,0.8868776795289721,0.8294919785110026,0.8919096298303802,0.8916326823937588,0.8472089812237649,0.7018633540372671,0.8216448894414996,0.020133458155920797,0.19185519218444824
3,0.5,0.0,0.0,0.25,4,22,3,3,0.29582723972303326,0.2956706898560772,0.7904764725728852,0.7898414931742512,0.6114464079728974,0.7852802150932446,0.7846251091678986,0.6010060305727019,0.6448075264531995,0.6439036979318008,0.43874541557546143,0.630488902126393,0.6295363171801378,0.41386322570661177,0.6815286624203821,0.8073400033199027,0.02252039278282545,0.26225829124450684
3,0.5,0.0,0.0,0.25,5,19,2,2,0.2750494950759947,0.2750494950759947,0.5929643377326672,0.5922487984829552,0.38063760684237313,0.5976802337166615,0.596973854438701,0.39109438552078163,0.6777062527983024,0.6772208286595452,0.5459091534488502,0.6873699192100856,0.6868966530904632,0.5743375335210144,0.7018633540372671,0.8216448894414996,0.01543225767604791,0.4036259651184082
3,0.5,0.0,0.0,0.25,6,12,3,3,0.3000960427427214,0.30006657630309463,0.7919954100813236,0.7913658592256422,0.6149134768877957,0.7926764584473263,0.7920479364188315,0.6178455857756018,0.6467140735940204,0.6458164057367728,0.44198892731327694,0.6398829605162116,0.6389611927460445,0.42965422834092154,0.6883116883116883,0.8162008162008161,0.020715269841158707,0.09819793701171875
3,0.5,0.0,0.0,0.25,7,18,3,3,0.2987750648280684,0.2987518965320957,0.7894563009729061,0.7888176692314446,0.6090757458430014,0.789789857030486,0.789150994948784,0.6112350182388241,0.6435266988800892,0.6426187242162483,0.4365243430522436,0.636218386690312,0.6352846396218612,0.42347263580084515,0.6815286624203821,0.8073400033199027,0.022994008838649695,0.13318800926208496
3,0.5,0.0,0.0,0.25,8,22,4,4,0.30330959509333777,0.30324649544915616,0.908286786541069,0.9079097241974984,0.7915753497024844,0.9083491277292126,0.907971490705844,0.7934094346634827,0.7909887969767587,0.7902758452404195,0.6000696491729003,0.7849276230002518,0.7841885630133321,0.586029113950917,0.6883116883116883,0.8162008162008161,0.025638984007359693,0.12427139282226562
3,0.5,0.0,0.0,0.25,9,18,3,3,0.3029963501593926,0.3029422806884069,0.7477467106917509,0.7469545795137221,0.49398121063433326,0.7481612335885639,0.7473688711868739,0.49755280006294755,0.5909364656278665,0.5898533536973456,0.32539623535923007,0.583122611528877,0.5820100450521392,0.3135555033859615,0.7808219178082192,0.8778008778008778,0.012181657439569768,0.2640995979309082
3,0.5,0.0,0.0,0.5,0,16,4,4,0.3042848217540426,0.304460284679432,0.9075030477238635,0.9071224809899361,0.7887321917624809,0.9116055475593928,0.9112424542131328,0.8049349549879696,0.7900275203691858,0.7893107041629336,0.597632408039675,0.7889606460971244,0.7882379262538325,0.5957957470317893,0.6838709677419355,0.8099702756191306,0.026875295899380834,0.14248061180114746
3,0.5,0.0,0.0,0.5,1,18,3,3,0.2921881290752759,0.2924978798475079,0.7964944021672811,0.7958808511897366,0.6258578876687111,0.8021489417124285,0.8015540214626932,0.6413806962628472,0.652357757883099,0.6514782326134035,0.45219051787202735,0.6518928236684518,0.6510099162702462,0.4514820116115285,0.6838709677419355,0.8099702756191306,0.021715814786689304,0.24488210678100586
3,0.5,0.0,0.0,0.5,2,13,3,3,0.3034411497477427,0.3031720513147306,0.7919171422000004,0.7912873128296978,0.6146580667163571,0.7916267295012033,0.7909944647108239,0.6144266258107057,0.8871644058134939,0.8868776795289721,0.8294919785110026,0.8919096298303802,0.8916326823937588,0.8472089812237649,0.7018633540372671,0.8216448894414996,0.020133458155920804,0.16935396194458008
3,0.5,0.0,0.0,0.5,3,15,4,4,0.30225652517010054,0.3021997676838216,0.9062134325366954,0.9058270894842647,0.7840181975146335,0.9059896953135614,0.9056014712345598,0.78488266182146,0.7884454500433647,0.7877222627828132,0.5935840403399594,0.7820038042783822,0.7812528432163193,0.5787657424083629,0.6815286624203821,0.8073400033199027,0.027917723004850688,0.11048245429992676
3,0.5,0.0,0.0,0.5,4,109,3,3,0.2996560916313663,0.2994088774763782,0.7894055587341606,0.7887667457732628,0.6089106796367217,0.7889606460971244,0.7883188157233192,0.6085417084158432,0.884571929036313,0.8842779076687586,0.8229290651397652,0.8891543252970434,0.8888695855552406,0.8404468849639695,0.7018633540372671,0.8216448894414996,0.020965239338841708,3.005018711090088
3,0.5,0.0,0.0,0.5,5,20,3,3,0.29479873514155075,0.2948250570627073,0.7964875200702813,0.7958739447619763,0.6258352922217565,0.8021489417124285,0.8015540214626932,0.6413806962628472,0.652349128612483,0.6514695757814328,0.45216951389927995,0.651892823668452,0.6510099162702464,0.4514820116115285,0.6883116883116883,0.8162008162008161,0.020949079588693055,0.3475174903869629
3,0.5,0.0,0.0,0.5,6,13,3,3,0.2938321050902911,0.2936534650303343,0.7903227834399137,0.7896872559207784,0.6109458131619562,0.7849276230002521,0.7842712471813089,0.5998687124749003,0.6446145860740942,0.64371013571519,0.4382766299624657,0.6300407065822516,0.6290866490125591,0.41279146196657973,0.6883116883116883,0.8162008162008161,0.021141077118059202,0.13213372230529785
3,0.5,0.0,0.0,0.5,7,15,3,3,0.29877506482806837,0.2987518965320957,0.7894563009729061,0.7888176692314446,0.6090757458430014,0.789789857030486,0.789150994948784,0.6112350182388241,0.6435266988800892,0.6426187242162483,0.4365243430522436,0.636218386690312,0.6352846396218612,0.42347263580084515,0.6815286624203821,0.8073400033199027,0.0229940088386497,0.22229647636413574
3,0.5,0.0,0.0,0.5,8,20,3,3,0.29479873514155075,0.2948250570627073,0.7964875200702813,0.7958739447619763,0.6258352922217565,0.8021489417124285,0.8015540214626932,0.6413806962628472,0.652349128612483,0.6514695757814328,0.45216951389927995,0.651892823668452,0.6510099162702464,0.4514820116115285,0.6883116883116883,0.8162008162008161,0.020949079588693055,0.2157754898071289
3,0.5,0.0,0.0,0.5,9,31,3,3,0.29479873514155086,0.2948250570627074,0.7964875200702813,0.7958739447619763,0.6258352922217565,0.8021489417124285,0.8015540214626932,0.6413806962628472,0.652349128612483,0.6514695757814328,0.45216951389927995,0.651892823668452,0.6510099162702464,0.4514820116115285,0.6883116883116883,0.8162008162008161,0.020949079588693062,0.6229896545410156
3,0.5,0.0,0.0,0.75,0,22,4,4,0.3002568964953062,0.30003744916134595,0.8839630071058341,0.8834868266684947,0.7818706438159269,0.9083491277292126,0.907971490705844,0.7934094346634827,0.7642899510593582,0.7634875700707217,0.590950804333712,0.7849276230002518,0.7841885630133321,0.586029113950917,0.726027397260274,0.8332940270113045,0.018368026112624426,0.4083518981933594
3,0.5,0.0,0.0,0.75,1,26,4,4,0.30081897774852057,0.3007032010665331,0.8810679193908433,0.8805796346459527,0.7780859007861038,0.9116055475593928,0.9112424542131328,0.8049349549879696,0.7610254694515646,0.76021156505032,0.5876117679913574,0.7889606460971247,0.7882379262538328,0.5957957470317893,0.726027397260274,0.828953953953954,0.018878648078962352,0.3640713691711426
3,0.5,0.0,0.0,0.75,2,109,10,2,0.1635624428472056,0.30424167926718115,0.5236791655894243,0.5176654414312798,0.33949259761413303,0.5879077429223252,0.5871790535706989,0.3717161405198315,0.5190672507495618,0.5140696700147608,0.39359116386255033,0.6768387497441452,0.676345545785955,0.5489778408135174,0,0.0,inf,2.341508626937866
3,0.5,0.0,0.0,0.75,3,23,10,3,0.1840567469444485,0.28768719759173805,0.6681584353693064,0.6642854294416994,0.5116774141324539,0.7889606460971246,0.7883188157233194,0.6085417084158432,0.5400545038454729,0.5356659016758775,0.34729531012208453,0.6351652836494971,0.6342280982950598,0.42094768363328244,0,0.0,inf,0.6455790996551514
3,0.5,0.0,0.0,0.75,4,15,4,4,0.30081897774852057,0.30070320106653303,0.8810679193908433,0.8805796346459527,0.7780859007861038,0.9116055475593928,0.9112424542131328,0.8049349549879696,0.7610254694515648,0.7602115650503202,0.5876117679913574,0.7889606460971247,0.7882379262538328,0.5957957470317893,0.726027397260274,0.828953953953954,0.018878648078962352,0.18537664413452148
3,0.5,0.0,0.0,0.75,5,32,10,4,0.20507748835690337,0.2897335061836068,0.7826977388665008,0.780284549425569,0.6496369466034723,0.9000920107272863,0.8996771460213145,0.7622414951112423,0.6711398313768759,0.6681651260818837,0.4688317334732107,0.7746891130677099,0.7739081836339227,0.5593213086866492,0,0.0,inf,0.9136824607849121
3,0.5,0.0,0.0,0.75,6,28,4,4,0.3002655875102943,0.30004879389440936,0.8839630071058339,0.8834868266684945,0.7818706438159269,0.9083491277292126,0.907971490705844,0.7934094346634827,0.7642899510593582,0.7634875700707217,0.590950804333712,0.7849276230002518,0.7841885630133321,0.586029113950917,0.726027397260274,0.8332940270113045,0.01836802611262442,0.20854783058166504
3,0.5,0.0,0.0,0.75,7,20,4,3,0.26413664392302083,0.2926411428561894,0.7596495768960508,0.7586175435169347,0.597952312257362,0.7889606460971246,0.7883188157233194,0.6085417084158432,0.6203590746248235,0.6190010357886417,0.4254376605932924,0.6351652836494971,0.6342280982950598,0.42094768363328244,0,0.0,inf,0.2592029571533203
3,0.5,0.0,0.0,0.75,8,37,3,3,0.2785744355817691,0.2783501041122962,0.7913824111123083,0.7907506711775147,0.6134933585107952,0.7926764584473263,0.7920479364188315,0.6178455857756018,0.645944716059865,0.6450445642221218,0.44066106472118616,0.6398829605162114,0.6389611927460443,0.42965422834092154,0.336734693877551,0.5005005005005004,0.1040764759471578,0.9894843101501465
3,0.5,0.0,0.0,0.75,9,37,10,3,0.18806282073034458,0.29084931454183277,0.6758204480266925,0.672041771963219,0.5229106127327429,0.7849276230002521,0.7842712471813089,0.5998687124749003,0.5486306994934529,0.5443300252529638,0.3574128797943047,0.6300407065822516,0.6290866490125591,0.41279146196657973,0,0.0,inf,1.0835859775543213
3,0.5,0.0,0.0,1.0,0,21,10,3,0.15440268754419068,0.2856093541336811,0.6299348044558509,0.6258801983323715,0.4808980340350897,0.7852802150932446,0.7846251091678986,0.6010060305727019,0.5113493514147995,0.5069859428117292,0.32238082564920234,0.630488902126393,0.6295363171801378,0.41386322570661177,0,0.0,inf,0.3857748508453369
3,0.5,0.0,0.0,1.0,1,45,10,3,0.14532275170545142,0.26973931407848856,0.6191533136597217,0.6149892171967963,0.46033956262400383,0.8021489417124285,0.8015540214626932,0.6413806962628472,0.5550757828810919,0.551111763194552,0.3584275895967691,0.6518928236684518,0.6510099162702462,0.4514820116115285,0,0.0,inf,1.383758306503296
3,0.5,0.0,0.0,1.0,2,24,10,4,0.15460926977518116,0.2570323282160029,0.6548654393144967,0.651235135809258,0.5309636702500644,0.897406368541996,0.8969792788487176,0.7526454569778374,0.6697191045755755,0.6668963993317,0.591791691906944,1.0,1.0,1.0,0,0.0,inf,0.4749786853790283
3,0.5,0.0,0.0,1.0,3,1000,10,4,0.17485387416614206,0.2734655248520723,0.6958997357072649,0.6927056651185766,0.5897259599595083,0.9059896953135614,0.9056014712345598,0.78488266182146,0.6484407890306289,0.645440922932752,0.4748595150611984,0.7820038042783822,0.7812528432163193,0.5787657424083629,0,0.0,inf,22.345370531082153
3,0.5,0.0,0.0,1.0,4,40,10,3,0.15470765419594906,0.2858955263855854,0.637123954233133,0.633146590386993,0.4782305512125794,0.789789857030486,0.789150994948784,0.6112350182388241,0.5126995987859357,0.5083464330792421,0.31944976608921494,0.636218386690312,0.6352846396218612,0.42347263580084515,0,0.0,inf,0.9455068111419678
3,0.5,0.0,0.0,1.0,5,1000,10,4,0.17131500223707422,0.2649087658655281,0.6960780779139304,0.692881270219921,0.581359520889565,0.897406368541996,0.8969792788487176,0.7526454569778374,0.7119120660398858,0.7094499577764288,0.632028282100233,1.0,1.0,1.0,0,0.0,inf,21.551876544952393
3,0.5,0.0,0.0,1.0,6,43,10,3,0.09936203380738813,0.20524779318109562,0.5058585315235032,0.5003070602954673,0.3100733238697597,0.7595386266093844,0.7587891678710779,0.523012647821584,0.41382037905062424,0.4084413193141777,0.19559165112862956,0.5976802337166612,0.5966178608565919,0.3387811841838666,0,0.0,inf,0.7836112976074219
3,0.5,0.0,0.0,1.0,7,18,10,4,0.1695386393056786,0.2735810956909468,0.7201818230410968,0.7172209903203898,0.5835527001027171,0.9116055475593928,0.9112424542131328,0.8049349549879696,0.6168067531520622,0.6135106818915843,0.4170298970255323,0.7889606460971247,0.7882379262538328,0.5957957470317893,0,0.0,inf,0.37669920921325684
3,0.5,0.0,0.0,1.0,8,25,10,4,0.17044831247482847,0.27417738232435157,0.7268601408947256,0.7239710050308767,0.6065499659207696,0.9083491277292126,0.907971490705844,0.7934094346634827,0.6241127503069862,0.6208807727996689,0.43663511906114844,0.7849276230002518,0.7841885630133321,0.586029113950917,0,0.0,inf,0.6486353874206543
3,0.5,0.0,0.0,1.0,9,30,10,4,0.15980658062216943,0.21367531772989518,0.6536036949752982,0.649808416207084,0.4964282844928066,0.9059896953135614,0.9056014712345598,0.78488266182146,0.5452483039113268,0.541187596187477,0.33820943281975296,0.7820038042783822,0.7812528432163193,0.5787657424083629,0,0.0,inf,0.8385512828826904
3,0.5,0.0,0.25,0.0,0,19,3,3,0.29877506482806837,0.2987518965320957,0.7894563009729061,0.7888176692314446,0.6090757458430014,0.789789857030486,0.789150994948784,0.6112350182388241,0.6435266988800892,0.6426187242162483,0.4365243430522436,0.636218386690312,0.6352846396218612,0.42347263580084515,0.6815286624203821,0.8073400033199027,0.022994008838649688,0.17186522483825684
3,0.5,0.0,0.25,0.0,1,19,3,3,0.29837031231076755,0.29862557276844615,0.7920532465028122,0.791423901436366,0.6151023239096007,0.7921997857472497,0.7915695648752535,0.6162892627615703,0.646786657590236,0.6458892231046282,0.44216543450967255,0.6392779718964172,0.6383542378752756,0.4282009089578253,0.6838709677419355,0.8099702756191306,0.02147796567735561,0.19916772842407227
3,0.5,0.0,0.25,0.0,2,19,4,4,0.3033095950933377,0.3032464954491562,0.908286786541069,0.9079097241974984,0.7915753497024844,0.9083491277292126,0.907971490705844,0.7934094346634827,0.7909887969767587,0.7902758452404195,0.6000696491729003,0.7849276230002518,0.7841885630133321,0.586029113950917,0.6883116883116883,0.8162008162008161,0.025638984007359693,0.11431312561035156
3,0.5,0.0,0.25,0.0,3,22,3,3,0.29505135991277176,0.29530216631464934,0.7893604470334368,0.7887214729506181,0.6087639900510177,0.7889606460971246,0.7883188157233194,0.6085417084158432,0.6434063406841896,0.6424979775415118,0.4362320611924765,0.6351652836494971,0.6342280982950598,0.42094768363328244,0.6838709677419355,0.8099702756191306,0.022377389010080358,0.17186808586120605
3,0.5,0.0,0.25,0.0,4,23,3,3,0.31164303676596333,0.31171724552657604,0.7354729417434915,0.734633884876582,0.4668474983380486,0.7250071641342934,0.7241254949570672,0.44647024161769056,0.8285876433343167,0.8281286458472752,0.6544238835522656,0.8225957765145105,0.8221121462071457,0.6452535784679942,0.7671232876712328,0.8758356164383563,0.013201697032822396,0.33064842224121094
3,0.5,0.0,0.25,0.0,5,26,3,3,0.29218812907527597,0.2924978798475079,0.7964944021672811,0.7958808511897366,0.6258578876687111,0.8021489417124285,0.8015540214626932,0.6413806962628472,0.652357757883099,0.6514782326134035,0.45219051787202735,0.6518928236684518,0.6510099162702462,0.4514820116115285,0.6838709677419355,0.8099702756191306,0.02171581478668931,0.5260329246520996
3,0.5,0.0,0.25,0.0,6,14,4,4,0.30225652517010054,0.30219976768382184,0.9062134325366954,0.9058270894842647,0.7840181975146335,0.9059896953135614,0.9056014712345598,0.78488266182146,0.7884454500433647,0.7877222627828132,0.5935840403399594,0.7820038042783822,0.7812528432163193,0.5787657424083629,0.6815286624203821,0.8073400033199027,0.027917723004850688,0.16569185256958008
3,0.5,0.0,0.25,0.0,7,14,3,3,0.29877506482806854,0.2987518965320957,0.7894563009729061,0.7888176692314446,0.6090757458430014,0.789789857030486,0.789150994948784,0.6112350182388241,0.6435266988800892,0.6426187242162483,0.4365243430522436,0.636218386690312,0.6352846396218612,0.42347263580084515,0.6815286624203821,0.8073400033199027,0.0229940088386497,0.10619640350341797
3,0.5,0.0,0.25,0.0,8,23,3,3,0.2972879112772519,0.29730737121756873,0.7964599900015984,0.7958463173618422,0.6257449183498832,0.8019282820082536,0.8013325861275414,0.6406540834881669,0.6523146093044464,0.6514349462179659,0.45208550297897,0.6516133272375468,0.6507295243611372,0.4508122830368131,0.6815286624203821,0.8073400033199027,0.022396037403263153,0.17061924934387207
3,0.5,0.0,0.25,0.0,9,28,3,3,0.28007014749666437,0.2797651948227627,0.7912521513553256,0.7906199474689949,0.6130686761259063,0.7916267295012034,0.790994464710824,0.6144266258107057,0.6457812186532956,0.6448805405867795,0.4402637862713665,0.6385505741240013,0.637624474122608,0.42645992265876403,0.336734693877551,0.5005005005005004,0.10414007873516229,0.1586005687713623
3,0.5,0.0,0.25,0.25,0,18,4,4,0.30330959509333777,0.30324649544915616,0.908286786541069,0.9079097241974984,0.7915753497024844,0.9083491277292126,0.907971490705844,0.7934094346634827,0.7909887969767587,0.7902758452404195,0.6000696491729003,0.7849276230002518,0.7841885630133321,0.586029113950917,0.6883116883116883,0.8162008162008161,0.025638984007359693,0.08347034454345703
3,0.5,0.0,0.25,0.25,1,24,3,3,0.3129016539548131,0.31276217198390466,0.7503978476511641,0.7496157526369165,0.4999303752085892,0.7595386266093844,0.7587891678710779,0.523012647821584,0.5942922483529102,0.5932206458935332,0.3313032695545437,0.5976802337166612,0.5966178608565919,0.3387811841838666,0.7875,0.8799497171590195,0.011257093831611296,0.4026772975921631
3,0.5,0.0,0.25,0.25,2,37,3,3,0.2987750648280684,0.29875189653209566,0.7894563009729061,0.7888176692314446,0.6090757458430014,0.789789857030486,0.789150994948784,0.6112350182388241,0.6435266988800892,0.6426187242162483,0.4365243430522436,0.636218386690312,0.6352846396218612,0.42347263580084515,0.6815286624203821,0.8073400033199027,0.022994008838649688,0.6104347705841064
3,0.5,0.0,0.25,0.25,3,29,3,3,0.2987750648280686,0.2987518965320957,0.7894563009729061,0.7888176692314446,0.6090757458430014,0.789789857030486,0.789150994948784,0.6112350182388241,0.6435266988800892,0.6426187242162483,0.4365243430522436,0.636218386690312,0.6352846396218612,0.42347263580084515,0.6815286624203821,0.8073400033199027,0.022994008838649688,0.47287750244140625
3,0.5,0.0,0.25,0.25,4,14,3,3,0.29479873514155075,0.2948250570627073,0.7964875200702813,0.7958739447619763,0.6258352922217565,0.8021489417124285,0.8015540214626932,0.6413806962628472,0.652349128612483,0.6514695757814328,0.45216951389927995,0.6518928236684518,0.6510099162702462,0.4514820116115285,0.6883116883116883,0.8162008162008161,0.020949079588693055,0.11090779304504395
3,0.5,0.0,0.25,0.25,5,40,3,3,0.29479873514155075,0.2948250570627073,0.7964875200702813,0.7958739447619763,0.6258352922217565,0.8021489417124285,0.8015540214626932,0.6413806962628472,0.652349128612483,0.6514695757814328,0.45216951389927995,0.6518928236684518,0.6510099162702462,0.4514820116115285,0.6883116883116883,0.8162008162008161,0.020949079588693055,0.7151074409484863
3,0.5,0.0,0.25,0.25,6,21,4,4,0.28999564489917873,0.2896769656693638,0.9041296431413824,0.9037339420232676,0.7760883163884392,0.9000920107272863,0.8996771460213145,0.7622414951112423,0.7858882559572731,0.7851547448691063,0.586753001857982,0.7746891130677099,0.7739081836339227,0.5593213086866492,0.336734693877551,0.5005005005005004,0.10876234100402507,0.169541597366333
3,0.5,0.0,0.25,0.25,7,32,3,3,0.3000960427427212,0.30006657630309463,0.7919954100813236,0.7913658592256422,0.6149134768877957,0.7926764584473263,0.7920479364188315,0.6178455857756018,0.6467140735940204,0.6458164057367728,0.44198892731327694,0.6398829605162114,0.6389611927460443,0.42965422834092154,0.6883116883116883,0.8162008162008161,0.020715269841158707,0.5747978687286377
3,0.5,0.0,0.25,0.25,8,111,3,3,0.3198900123088649,0.31988146072674895,0.7382712632211267,0.7374429749388643,0.4728567797325691,0.7375733655715297,0.7367405406672015,0.4724246305454723,0.831507283795988,0.8310572568623777,0.6618054094433068,0.8357447021357429,0.8353020509100346,0.6777225590952062,0.7671232876712328,0.8758356164383563,0.012278092073757303,2.700315237045288
3,0.5,0.0,0.25,0.25,9,24,2,2,0.30676087177327976,0.30676087177327976,0.5886439109427256,0.587918508065989,0.3721699660878811,0.5843445647456531,0.5836076786123202,0.3649394192885749,0.6730637408663831,0.6725695649254293,0.5349795162386692,0.6729934599358478,0.6724929101529477,0.5400412938889216,0.7891156462585034,0.8818945527806287,0.006635345743018439,0.5524170398712158
3,0.5,0.0,0.25,0.5,0,34,3,3,0.3000960427427212,0.30006657630309463,0.7919954100813236,0.7913658592256422,0.6149134768877957,0.792676458447326,0.7920479364188314,0.6178455857756018,0.6467140735940204,0.6458164057367728,0.44198892731327694,0.6398829605162113,0.6389611927460442,0.42965422834092154,0.6883116883116883,0.8162008162008161,0.020715269841158707,0.9006130695343018
3,0.5,0.0,0.25,0.5,1,27,3,3,0.29728791127725174,0.29730737121756895,0.7964599900015984,0.7958463173618422,0.6257449183498832,0.8019282820082536,0.8013325861275414,0.6406540834881669,0.6523146093044464,0.6514349462179659,0.45208550297897,0.6516133272375468,0.6507295243611372,0.4508122830368131,0.6815286624203821,0.8073400033199027,0.02239603740326314,0.7043192386627197
3,0.5,0.0,0.25,0.5,2,20,3,3,0.3129016539548131,0.31276217198390466,0.7503978476511641,0.7496157526369165,0.4999303752085892,0.7595386266093844,0.7587891678710779,0.523012647821584,0.5942922483529102,0.5932206458935332,0.3313032695545437,0.5976802337166612,0.5966178608565919,0.3387811841838666,0.7875,0.8799497171590195,0.011257093831611296,0.35619163513183594
3,0.5,0.0,0.25,0.5,3,30,3,3,0.3000960427427212,0.30006657630309463,0.7919954100813235,0.791365859225642,0.6149134768877957,0.7926764584473263,0.7920479364188315,0.6178455857756018,0.6467140735940204,0.6458164057367728,0.44198892731327694,0.6398829605162114,0.6389611927460443,0.42965422834092154,0.6883116883116883,0.8162008162008161,0.0207152698411587,0.5927276611328125
3,0.5,0.0,0.25,0.5,4,29,4,4,0.3033095950933377,0.3032464954491563,0.908286786541069,0.9079097241974984,0.7915753497024844,0.9083491277292126,0.907971490705844,0.7934094346634827,0.7909887969767586,0.7902758452404194,0.6000696491729003,0.7849276230002518,0.7841885630133321,0.586029113950917,0.6883116883116883,0.8162008162008161,0.025638984007359703,0.6663808822631836
3,0.5,0.0,0.25,0.5,5,27,3,3,0.29479873514155075,0.2948250570627073,0.7964875200702813,0.7958739447619763,0.6258352922217565,0.8021489417124285,0.8015540214626932,0.6413806962628472,0.652349128612483,0.6514695757814328,0.45216951389927995,0.651892823668452,0.6510099162702464,0.4514820116115285,0.6883116883116883,0.8162008162008161,0.020949079588693055,0.17817020416259766
3,0.5,0.0,0.25,0.5,6,26,3,3,0.29218812907527586,0.2924978798475079,0.7964944021672811,0.7958808511897366,0.6258578876687111,0.8021489417124285,0.8015540214626932,0.6413806962628472,0.652357757883099,0.6514782326134035,0.45219051787202735,0.6518928236684518,0.6510099162702462,0.4514820116115285,0.6838709677419355,0.8099702756191306,0.02171581478668933,0.41274428367614746
3,0.5,0.0,0.25,0.5,7,44,2,2,0.29845323867529133,0.2984532386752915,0.5923035749787092,0.5915865303510878,0.37932760189374876,0.5936479709519707,0.5929324165216566,0.3829540138806239,0.39101841460643294,0.3901006933621116,0.20787198190896172,0.3819083766433755,0.38096954587584214,0.19536854482611762,0.7843137254901961,0.8789277081960007,0.007257943273368761,1.186769723892212
3,0.5,0.0,0.25,0.5,8,17,3,3,0.29218812907527586,0.2924978798475077,0.7964944021672811,0.7958808511897366,0.6258578876687111,0.8021489417124285,0.8015540214626932,0.6413806962628472,0.652357757883099,0.6514782326134035,0.45219051787202735,0.6518928236684518,0.6510099162702462,0.4514820116115285,0.6838709677419355,0.8099702756191306,0.021715814786689318,0.1380176544189453
3,0.5,0.0,0.25,0.5,9,33,3,3,0.2987750648280686,0.2987518965320957,0.7894563009729061,0.7888176692314446,0.6090757458430014,0.789789857030486,0.789150994948784,0.6112350182388241,0.6435266988800892,0.6426187242162483,0.4365243430522436,0.636218386690312,0.6352846396218612,0.42347263580084515,0.6815286624203821,0.8073400033199027,0.0229940088386497,0.875601053237915
3,0.5,0.0,0.25,0.75,0,39,10,4,0.18753155384792003,0.2925785479139798,0.7715214947334637,0.769080530446097,0.6251556151188367,0.9037907607564276,0.9033926442098374,0.7752391372397232,0.6622023461938636,0.659266731642007,0.4469193986853164,0.7792775881454947,0.7785155100165544,0.5705119925521072,0,0.0,inf,1.127868890762329
3,0.5,0.0,0.25,0.75,1,40,10,4,0.18725688915295324,0.2925718286121125,0.7688495473145582,0.7663800371111561,0.6221319145097626,0.9037907607564276,0.9033926442098374,0.7752391372397232,0.6592926290333426,0.656331727721966,0.4443185788113899,0.7792775881454947,0.7785155100165544,0.5705119925521072,0,0.0,inf,0.8704085350036621
3,0.5,0.0,0.25,0.75,2,21,10,4,0.19113283297594816,0.30159091361477147,0.7666773827000408,0.7641916896222032,0.625209956851423,0.897406368541996,0.8969792788487176,0.7526454569778374,0.793522505710059,0.7917336002251744,0.7301339267269296,1.0,1.0,1.0,0,0.0,inf,0.5202617645263672
3,0.5,0.0,0.25,0.75,3,109,10,3,0.17115490027096586,0.291944657067776,0.6717225339950205,0.668086226665974,0.5232229829932874,0.789789857030486,0.789150994948784,0.6112350182388241,0.5492229281016532,0.5451503134629954,0.3583946991703216,0.636218386690312,0.6352846396218612,0.42347263580084515,0,0.0,inf,3.4748375415802
3,0.5,0.0,0.25,0.75,4,19,5,4,0.2751606756100808,0.29122753102687654,0.8719873610120701,0.8713116608047685,0.7394198193076587,0.9137594533047027,0.9134059329538328,0.8127690521941776,0.7563252256688642,0.7552633103532126,0.5511828065760607,0.7916267295012032,0.7909147573609078,0.602400964174539,0,0.0,inf,0.2837979793548584
3,0.5,0.0,0.25,0.75,5,25,10,3,0.16594313043724312,0.2919891490323796,0.6585227223983514,0.6547376598252234,0.5081405356380226,0.789789857030486,0.789150994948784,0.6112350182388241,0.5347166412542231,0.530509891518138,0.3450949182960743,0.636218386690312,0.6352846396218612,0.42347263580084515,0,0.0,inf,0.6386513710021973
3,0.5,0.0,0.25,0.75,6,110,10,4,0.19339455855113208,0.29998592837209376,0.7730313036082906,0.7706229964814861,0.6312337962023298,0.9083491277292126,0.907971490705844,0.7934094346634827,0.6860423720524805,0.6833340837087976,0.466644565066255,0.7849276230002519,0.7841885630133323,0.586029113950917,0,0.0,inf,3.44431471824646
3,0.5,0.0,0.25,0.75,7,30,10,4,0.16541692805742972,0.2344495832571061,0.6693445141879472,0.6656850254212632,0.49566645991532293,0.897406368541996,0.8969792788487176,0.7526454569778374,0.6882554306521775,0.6854415660772918,0.6068331175004027,1.0,1.0,1.0,0,0.0,inf,0.7997901439666748
3,0.5,0.0,0.25,0.75,8,28,3,3,0.282527034571668,0.28240907530208403,0.7397545495066533,0.7389704996856832,0.5838183115683,0.7849276230002521,0.7842712471813089,0.5998687124749003,0.5889384635389454,0.5878993229953877,0.4125449791028598,0.6300407065822516,0.6290866490125591,0.41279146196657973,0.7831325301204819,0.8745008745008745,0.013752637096257722,0.22577881813049316
3,0.5,0.0,0.25,0.75,9,42,10,4,0.19365214716198664,0.30216756477317447,0.7652143476543902,0.7627138428996977,0.6259525200213125,0.897406368541996,0.8969792788487176,0.7526454569778374,0.7906469583273091,0.7888337488519747,0.7262537157197482,1.0,1.0,1.0,0,0.0,inf,1.104288101196289
3,0.5,0.0,0.25,1.0,0,25,10,4,0.1660231196399272,0.28975555563379235,0.7161623101269459,0.7132649483735557,0.5947810504993535,0.9083491277292126,0.907971490705844,0.7934094346634827,0.6156931893884297,0.6125109338240726,0.4260722849250895,0.7849276230002518,0.7841885630133321,0.586029113950917,0,0.0,inf,0.6302664279937744
3,0.5,0.0,0.25,1.0,1,136,10,4,0.16151168270440452,0.2846436789728491,0.6956105274139143,0.6925031645224178,0.5666733001848032,0.9116055475593928,0.9112424542131328,0.8049349549879696,0.6405189403502983,0.6375420339571871,0.4489321119684867,0.7889606460971244,0.7882379262538325,0.5957957470317893,0,0.0,inf,2.938157796859741
3,0.5,0.0,0.25,1.0,2,115,10,3,0.10389994297841251,0.20043508500347348,0.5053538990034256,0.4999030705151694,0.30618506102708964,0.7889606460971246,0.7883188157233194,0.6085417084158432,0.3906891242352858,0.38521007635636667,0.1789837731551049,0.6351652836494971,0.6342280982950598,0.42094768363328244,0,0.0,inf,2.9566595554351807
3,0.5,0.0,0.25,1.0,3,48,10,5,0.18959968907043262,0.28592485879380475,0.8178588524217284,0.8160455257734077,0.7421250477843996,1.0,1.0,1.0,0.7257093055644195,0.7234980221685673,0.5417163656485776,0.8974063685419956,0.8969792788487173,0.7526454569778374,0,0.0,inf,0.9894006252288818
3,0.5,0.0,0.25,1.0,4,42,10,4,0.1560215066431672,0.27629166257141496,0.7160453963045795,0.7131220302049248,0.5673332702613861,0.9116055475593928,0.9112424542131328,0.8049349549879696,0.6146638860472183,0.6114436038333372,0.4030638397606953,0.7889606460971247,0.7882379262538328,0.5957957470317893,0,0.0,inf,1.2001605033874512
3,0.5,0.0,0.25,1.0,5,51,10,3,0.12134079286033976,0.2649945235778769,0.5983918719621448,0.5941079601648123,0.42089673169816866,0.7916267295012034,0.790994464710824,0.6144266258107057,0.48436533866550446,0.47988855872388686,0.2724159910601616,0.6385505741240013,0.637624474122608,0.42645992265876403,0,0.0,inf,1.4352388381958008
3,0.5,0.0,0.25,1.0,6,111,10,3,0.12479799633809027,0.27078057057467153,0.6183633811250722,0.614302141702049,0.43860817897590826,0.7916267295012034,0.790994464710824,0.6144266258107057,0.4953753703562146,0.49100540892094774,0.2860182214151088,0.6385505741240013,0.637624474122608,0.42645992265876403,0,0.0,inf,2.467470645904541
3,0.5,0.0,0.25,1.0,7,32,10,5,0.18951997362194492,0.28409588056918517,0.8177274636730589,0.8159128289692965,0.7444490804723792,1.0,1.0,1.0,0.7193181469869243,0.7170553391933095,0.5422883811381839,0.897406368541996,0.8969792788487176,0.7526454569778374,0,0.0,inf,0.7722229957580566
3,0.5,0.0,0.25,1.0,8,34,10,3,0.1206851647447469,0.24947347776832696,0.5805761552400025,0.576149389900113,0.42519284772733396,0.7849276230002521,0.7842712471813089,0.5998687124749003,0.5784076225116636,0.5747891037421706,0.45345136227947364,0.884983406868874,0.884686800044098,0.830441303607371,0,0.0,inf,0.7563662528991699
3,0.5,0.0,0.25,1.0,9,44,10,3,0.12509168441937737,0.26968909703761623,0.6187160120553287,0.614658525203639,0.4385707690654678,0.7916267295012034,0.790994464710824,0.6144266258107057,0.49575939114401785,0.4913927552619136,0.2859859167399246,0.6385505741240013,0.637624474122608,0.42645992265876403,0,0.0,inf,0.8712732791900635
3,0.5,0.0,0.5,0.0,0,24,3,3,0.3000960427427212,0.3000665763030945,0.7919954100813236,0.7913658592256422,0.6149134768877957,0.7926764584473263,0.7920479364188315,0.6178455857756018,0.6467140735940204,0.6458164057367728,0.44198892731327694,0.6398829605162116,0.6389611927460445,0.42965422834092154,0.6883116883116883,0.8162008162008161,0.0207152698411587,0.3371083736419678
3,0.5,0.0,0.5,0.0,1,30,3,3,0.29837031231076755,0.29862557276844615,0.7920532465028122,0.791423901436366,0.6151023239096007,0.7921997857472497,0.7915695648752535,0.6162892627615703,0.6467866575902359,0.645889223104628,0.44216543450967255,0.6392779718964172,0.6383542378752756,0.4282009089578253,0.6838709677419355,0.8099702756191306,0.02147796567735559,0.17952179908752441
3,0.5,0.0,0.5,0.0,2,13,3,3,0.2950513599127718,0.29530216631464934,0.7893604470334368,0.7887214729506181,0.6087639900510177,0.7889606460971246,0.7883188157233194,0.6085417084158432,0.6434063406841896,0.6424979775415118,0.4362320611924765,0.6351652836494971,0.6342280982950598,0.42094768363328244,0.6838709677419355,0.8099702756191306,0.02237738901008035,0.0758979320526123
3,0.5,0.0,0.5,0.0,3,14,3,3,0.2950513599127718,0.29530216631464934,0.7893604470334368,0.7887214729506181,0.6087639900510177,0.7889606460971246,0.7883188157233194,0.6085417084158432,0.6434063406841896,0.6424979775415118,0.4362320611924765,0.6351652836494971,0.6342280982950598,0.42094768363328244,0.6838709677419355,0.8099702756191306,0.02237738901008035,0.11702394485473633
3,0.5,0.0,0.5,0.0,4,16,3,3,0.29582723972303343,0.2956706898560772,0.7904764725728854,0.7898414931742513,0.6114464079728974,0.7852802150932446,0.7846251091678986,0.6010060305727019,0.6448075264531996,0.6439036979318009,0.43874541557546143,0.630488902126393,0.6295363171801378,0.41386322570661177,0.6815286624203821,0.8073400033199027,0.02252039278282545,0.09301877021789551
3,0.5,0.0,0.5,0.0,5,35,3,3,0.3000960427427212,0.3000665763030945,0.7919954100813236,0.7913658592256422,0.6149134768877957,0.792676458447326,0.7920479364188314,0.6178455857756018,0.6467140735940204,0.6458164057367728,0.44198892731327694,0.6398829605162113,0.6389611927460442,0.42965422834092154,0.6883116883116883,0.8162008162008161,0.0207152698411587,0.22653603553771973
3,0.5,0.0,0.5,0.0,6,22,3,3,0.29837031231076755,0.2986255727684463,0.7920532465028122,0.791423901436366,0.6151023239096007,0.7921997857472497,0.7915695648752535,0.6162892627615703,0.646786657590236,0.6458892231046282,0.44216543450967255,0.6392779718964172,0.6383542378752756,0.4282009089578253,0.6838709677419355,0.8099702756191306,0.021477965677355597,0.17072343826293945
3,0.5,0.0,0.5,0.0,7,16,4,4,0.3022565251701005,0.3021997676838216,0.9062134325366955,0.9058270894842648,0.7840181975146335,0.9059896953135614,0.9056014712345598,0.78488266182146,0.7884454500433649,0.7877222627828133,0.5935840403399594,0.7820038042783822,0.7812528432163193,0.5787657424083629,0.6815286624203821,0.8073400033199027,0.027917723004850688,0.13074541091918945
3,0.5,0.0,0.5,0.0,8,17,4,4,0.30330959509333777,0.30324649544915616,0.908286786541069,0.9079097241974984,0.7915753497024844,0.9083491277292126,0.907971490705844,0.7934094346634827,0.7909887969767587,0.7902758452404195,0.6000696491729003,0.7849276230002518,0.7841885630133321,0.586029113950917,0.6883116883116883,0.8162008162008161,0.025638984007359714,0.09859657287597656
3,0.5,0.0,0.5,0.0,9,24,3,3,0.3034411497477427,0.3031720513147306,0.7919171422000004,0.7912873128296978,0.6146580667163571,0.7916267295012033,0.7909944647108239,0.6144266258107057,0.8871644058134939,0.8868776795289721,0.8294919785110026,0.8919096298303802,0.8916326823937588,0.8472089812237649,0.7018633540372671,0.8216448894414996,0.02013345815592079,0.26964545249938965
3,0.5,0.0,0.5,0.25,0,18,3,3,0.3034411497477427,0.3031720513147306,0.7919171422000004,0.7912873128296978,0.6146580667163571,0.7916267295012033,0.7909944647108239,0.6144266258107057,0.8871644058134939,0.8868776795289721,0.8294919785110026,0.8919096298303802,0.8916326823937588,0.8472089812237649,0.7018633540372671,0.8216448894414996,0.020133458155920804,0.12201833724975586
3,0.5,0.0,0.5,0.25,1,28,3,3,0.31989001230886466,0.31988146072674895,0.7382712632211267,0.7374429749388643,0.4728567797325691,0.7375733655715295,0.7367405406672014,0.4724246305454723,0.831507283795988,0.8310572568623777,0.6618054094433068,0.8357447021357427,0.8353020509100345,0.6777225590952062,0.7671232876712328,0.8758356164383563,0.01227809207375729,0.3186652660369873
3,0.5,0.0,0.5,0.25,2,14,4,4,0.30225652517010054,0.3021997676838218,0.9062134325366954,0.9058270894842647,0.7840181975146335,0.9059896953135614,0.9056014712345598,0.78488266182146,0.7884454500433647,0.7877222627828132,0.5935840403399594,0.7820038042783822,0.7812528432163193,0.5787657424083629,0.6815286624203821,0.8073400033199027,0.027917723004850688,0.09761548042297363
3,0.5,0.0,0.5,0.25,3,35,3,3,0.3129016539548131,0.31276217198390466,0.7503978476511641,0.7496157526369165,0.4999303752085892,0.7595386266093844,0.7587891678710779,0.523012647821584,0.5942922483529102,0.5932206458935332,0.3313032695545437,0.5976802337166612,0.5966178608565919,0.3387811841838666,0.7875,0.8799497171590195,0.011257093831611296,0.23871183395385742
3,0.5,0.0,0.5,0.25,4,38,3,3,0.29505135991277176,0.2953021663146494,0.7893604470334368,0.7887214729506181,0.6087639900510177,0.7889606460971246,0.7883188157233194,0.6085417084158432,0.6434063406841896,0.6424979775415118,0.4362320611924765,0.6351652836494971,0.6342280982950598,0.42094768363328244,0.6838709677419355,0.8099702756191306,0.022377389010080358,0.6662106513977051
3,0.5,0.0,0.5,0.25,5,28,3,3,0.3034411497477426,0.3031720513147306,0.7919171422000004,0.7912873128296978,0.6146580667163571,0.7916267295012033,0.7909944647108239,0.6144266258107057,0.8871644058134939,0.8868776795289721,0.8294919785110026,0.8919096298303802,0.8916326823937588,0.8472089812237649,0.7018633540372671,0.8216448894414996,0.020133458155920797,0.3272414207458496
3,0.5,0.0,0.5,0.25,6,88,10,3,0.17160965660742586,0.2726949407261875,0.6559252088462736,0.6519079243503265,0.5264579296842106,0.7926764584473263,0.7920479364188315,0.6178455857756018,0.5265934217091225,0.5220745384541854,0.36051608011410124,0.6398829605162116,0.6389611927460445,0.42965422834092154,0,0.0,inf,1.8142106533050537
3,0.5,0.0,0.5,0.25,7,111,3,3,0.3000960427427212,0.3000665763030945,0.7919954100813236,0.7913658592256422,0.6149134768877957,0.7926764584473263,0.7920479364188315,0.6178455857756018,0.6467140735940204,0.6458164057367728,0.44198892731327694,0.6398829605162116,0.6389611927460445,0.42965422834092154,0.6883116883116883,0.8162008162008161,0.020715269841158693,2.3345425128936768
3,0.5,0.0,0.5,0.25,8,30,2,2,0.2737275460629888,0.2737275460629887,0.5872903773570707,0.5865618743007849,0.36956399957774183,0.5879077429223252,0.5871790535706989,0.3717161405198315,0.38446571640121735,0.3835342754756657,0.19752906236483256,0.3743048644791922,0.3733499377445826,0.18335168112761258,0.6883116883116883,0.8162008162008161,0.016236269783694024,0.7388858795166016
3,0.5,0.0,0.5,0.25,9,40,3,3,0.2983703123107675,0.29862557276844637,0.7920532465028122,0.791423901436366,0.6151023239096007,0.7921997857472497,0.7915695648752535,0.6162892627615703,0.646786657590236,0.6458892231046282,0.44216543450967255,0.6392779718964172,0.6383542378752756,0.4282009089578253,0.6838709677419355,0.8099702756191306,0.021477965677355597,0.9650685787200928
3,0.5,0.0,0.5,0.5,0,26,3,3,0.29582723972303343,0.29567068985607725,0.7904764725728854,0.7898414931742513,0.6114464079728974,0.7852802150932446,0.7846251091678986,0.6010060305727019,0.6448075264531996,0.6439036979318009,0.43874541557546143,0.630488902126393,0.6295363171801378,0.41386322570661177,0.6815286624203821,0.8073400033199027,0.02252039278282545,0.5848209857940674
3,0.5,0.0,0.5,0.5,1,39,10,5,0.18229614626823726,0.22279265785812624,0.7587712023343844,0.7562039130087367,0.6019494776517326,1.0,1.0,1.0,0.6487655755821892,0.6457258852119164,0.42683803671024223,0.897406368541996,0.8969792788487176,0.7526454569778374,0,0.0,inf,0.6823091506958008
3,0.5,0.0,0.5,0.5,2,29,3,3,0.29505135991277176,0.29530216631464934,0.7893604470334368,0.7887214729506181,0.6087639900510177,0.7889606460971246,0.7883188157233194,0.6085417084158432,0.6434063406841896,0.6424979775415118,0.4362320611924765,0.6351652836494971,0.6342280982950598,0.42094768363328244,0.6838709677419355,0.8099702756191306,0.02237738901008035,0.490114688873291
3,0.5,0.0,0.5,0.5,3,19,4,4,0.3042848217540427,0.30446028467943204,0.9075030477238635,0.9071224809899361,0.7887321917624809,0.9116055475593928,0.9112424542131328,0.8049349549879696,0.7900275203691858,0.7893107041629336,0.597632408039675,0.7889606460971244,0.7882379262538325,0.5957957470317893,0.6838709677419355,0.8099702756191306,0.02687529589938084,0.32469820976257324
3,0.5,0.0,0.5,0.5,4,22,4,4,0.3075619917035832,0.3073762154095663,0.902462641840836,0.9020594281071008,0.7700580044778049,0.897406368541996,0.8969792788487176,0.7526454569778374,1.0,1.0,1.0,1.0,1.0,1.0,0.7018633540372671,0.8216448894414996,0.025655143757508346,0.1793830394744873
3,0.5,0.0,0.5,0.5,5,36,3,3,0.293832105090291,0.29365346503033424,0.7903227834399137,0.7896872559207784,0.6109458131619562,0.7849276230002521,0.7842712471813089,0.5998687124749003,0.6446145860740942,0.64371013571519,0.4382766299624657,0.6300407065822518,0.6290866490125593,0.41279146196657973,0.6883116883116883,0.8162008162008161,0.021141077118059202,0.9570479393005371
3,0.5,0.0,0.5,0.5,6,60,2,2,0.30676087177327976,0.30676087177327976,0.5886439109427256,0.587918508065989,0.3721699660878811,0.5843445647456531,0.5836076786123202,0.3649394192885749,0.6730637408663831,0.6725695649254293,0.5349795162386692,0.6729934599358478,0.6724929101529477,0.5400412938889216,0.7891156462585034,0.8818945527806287,0.006635345743018439,1.4959015846252441
3,0.5,0.0,0.5,0.5,7,109,2,2,0.30254059460160804,0.3025405946016079,0.5933918153386777,0.5926772493795246,0.3814880303054271,0.5976802337166613,0.5969738544387009,0.39109438552078163,0.3924399607337398,0.39152520480717656,0.21015328256567536,0.3872439306503139,0.3863163273739962,0.2040240706420313,0.7922077922077922,0.8828105213647383,0.006759186942310806,2.326089859008789
3,0.5,0.0,0.5,0.5,8,1000,10,3,0.15028447926914199,0.26973910843577426,0.6362720004556818,0.6322322082268852,0.49794104241888143,0.7926764584473263,0.7920479364188315,0.6178455857756018,0.5184856150663281,0.5141226215372938,0.33703135920283384,0.6398829605162114,0.6389611927460443,0.42965422834092154,0,0.0,inf,21.07822895050049
3,0.5,0.0,0.5,0.5,9,29,10,3,0.14739886851312045,0.26540394498526476,0.6205088859988825,0.6162940186937542,0.4789811298745059,0.7926764584473263,0.7920479364188315,0.6178455857756018,0.4929249779018889,0.4883303798807858,0.31933412996099153,0.6398829605162116,0.6389611927460445,0.42965422834092154,0,0.0,inf,0.7311990261077881
3,0.5,0.0,0.5,0.75,0,56,10,3,0.1475147471638857,0.2954926661353136,0.6503359645487053,0.6466080136052166,0.49438467811902986,0.792676458447326,0.7920479364188314,0.6178455857756018,0.5300207924892621,0.5259429573972955,0.33414868970738315,0.6398829605162113,0.6389611927460442,0.42965422834092154,0,0.0,inf,1.6600925922393799
3,0.5,0.0,0.5,0.75,1,51,10,3,0.1453194308206649,0.2926133685176234,0.6511101566844975,0.6474033689664597,0.4884653248425343,0.8019282820082536,0.8013325861275414,0.6406540834881669,0.5522213656998536,0.5483507704658558,0.3424667393377953,0.6516133272375468,0.6507295243611372,0.4508122830368131,0,0.0,inf,1.3586623668670654
3,0.5,0.0,0.5,0.75,2,18,4,4,0.3021231373941011,0.30157198698072146,0.8617417955084842,0.8611722703621156,0.7550082805179222,0.897406368541996,0.8969792788487176,0.7526454569778374,0.9465709379793489,0.9463882984222743,0.9585762178163612,1.0,1.0,1.0,0.7687074829931972,0.850474534685061,0.014031552337908332,0.13271403312683105
3,0.5,0.0,0.5,0.75,3,34,10,4,0.17910671777085235,0.2993052236443783,0.7719480544609003,0.769597699171476,0.6303272361448116,0.9083491277292126,0.907971490705844,0.7934094346634827,0.6661512311869169,0.6633582026035807,0.4502717064920524,0.7849276230002519,0.7841885630133323,0.586029113950917,0,0.0,inf,0.5571045875549316
3,0.5,0.0,0.5,0.75,4,26,10,5,0.1346727413531487,0.1643956967624492,0.6737891252613539,0.6703152072073072,0.46434765284723784,1.0,1.0,1.0,0.5721902161730998,0.5684828877363508,0.31239173811211346,0.8974063685419956,0.8969792788487173,0.7526454569778374,0,0.0,inf,0.4920501708984375
3,0.5,0.0,0.5,0.75,5,120,10,4,0.15484473572751736,0.24560826741374472,0.6917033314795251,0.6884309236453713,0.5003880103777516,0.9059896953135614,0.9056014712345598,0.78488266182146,0.5849731119106542,0.5813892934136817,0.34151317321938524,0.7820038042783822,0.7812528432163193,0.5787657424083629,0,0.0,inf,2.9782633781433105
3,0.5,0.0,0.5,0.75,6,27,10,4,0.15895828157119063,0.279161888683858,0.74680500577191,0.7441949921080271,0.6128584525900787,0.9083491277292126,0.907971490705844,0.7934094346634827,0.6388186545078967,0.635796294395974,0.4355722369114185,0.7849276230002519,0.7841885630133323,0.586029113950917,0,0.0,inf,0.47745656967163086
3,0.5,0.0,0.5,0.75,7,112,10,3,0.120216032991476,0.23435595701304673,0.5595102992531436,0.5545878841492757,0.3357966522859105,0.7595386266093844,0.7587891678710779,0.523012647821584,0.4247336467491562,0.4194819050938335,0.18898373168594895,0.5976802337166612,0.5966178608565919,0.3387811841838666,0,0.0,inf,2.508744955062866
3,0.5,0.0,0.5,0.75,8,26,4,4,0.3002655875102943,0.30004879389440936,0.8839630071058339,0.8834868266684945,0.7818706438159269,0.9083491277292126,0.907971490705844,0.7934094346634827,0.7642899510593582,0.7634875700707217,0.590950804333712,0.7849276230002519,0.7841885630133323,0.586029113950917,0.726027397260274,0.8332940270113045,0.018368026112624437,0.3200399875640869
3,0.5,0.0,0.5,0.75,9,37,10,4,0.14491970746986152,0.23328748005360903,0.6860221443133915,0.6826862797661898,0.4933220449569292,0.9116055475593928,0.9112424542131328,0.8049349549879696,0.5825679695978494,0.5789596901855951,0.33651136155804523,0.7889606460971247,0.7882379262538328,0.5957957470317893,0,0.0,inf,1.0966641902923584
3,0.5,0.0,0.5,1.0,0,111,10,3,0.10791614092395695,0.27713845587239877,0.5631114029400244,0.5586348666467507,0.40458937563165487,0.7849276230002521,0.7842712471813089,0.5998687124749003,0.5724646350600285,0.5689089001112274,0.43668845862195177,0.884983406868874,0.884686800044098,0.830441303607371,0,0.0,inf,3.5162925720214844
3,0.5,0.0,0.5,1.0,1,48,10,4,0.13836196045895122,0.2688738390614397,0.6962817921312935,0.693225447415525,0.5573928163601499,0.9083491277292126,0.907971490705844,0.7934094346634827,0.5930340438292316,0.5897142155626643,0.39054657585792835,0.7849276230002518,0.7841885630133321,0.586029113950917,0,0.0,inf,1.3525676727294922
3,0.5,0.0,0.5,1.0,2,1000,10,4,0.14253747229968627,0.2737045798853042,0.6707085047413209,0.6674193859498188,0.5355463370235035,0.9083491277292126,0.907971490705844,0.7934094346634827,0.5754778274850912,0.5720424552440356,0.37616266521630204,0.7849276230002519,0.7841885630133323,0.586029113950917,0,0.0,inf,21.43997287750244
3,0.5,0.0,0.5,1.0,3,121,10,3,0.1205588416160144,0.27978465612152986,0.6202720845664483,0.6163893552337933,0.4723932841278545,0.8021489417124285,0.8015540214626932,0.6413806962628472,0.5274128270610972,0.5234912563355336,0.324896354143948,0.651892823668452,0.6510099162702464,0.4514820116115285,0,0.0,inf,2.7636632919311523
3,0.5,0.0,0.5,1.0,4,117,10,4,0.11102672594774259,0.20054191032448684,0.5867747251241253,0.5825397877681456,0.3999421234204659,0.9059896953135614,0.9056014712345598,0.78488266182146,0.46545119448073147,0.46100446537139134,0.2561520844848917,0.7820038042783822,0.7812528432163193,0.5787657424083629,0,0.0,inf,2.458954334259033
3,0.5,0.0,0.5,1.0,5,1000,10,4,0.14555082499438377,0.2788302474451426,0.6771341998210734,0.6739028326100096,0.5433344901618888,0.897406368541996,0.8969792788487176,0.7526454569778374,0.6910950532628565,0.6885899180434915,0.5504387494905042,1.0,1.0,1.0,0,0.0,inf,22.80766749382019
3,0.5,0.0,0.5,1.0,6,28,10,4,0.12760163956418621,0.2556511337644081,0.671424868219315,0.6681207263419328,0.4941425429240149,0.9137594533047027,0.9134059329538328,0.8127690521941776,0.5661594524983656,0.5626230942210613,0.33796560436152456,0.7916267295012032,0.7909147573609078,0.602400964174539,0,0.0,inf,0.7594375610351562
3,0.5,0.0,0.5,1.0,7,52,10,4,0.1377852701068417,0.2699906929466513,0.7061942942463707,0.7032444675871042,0.5532486366209433,0.9116055475593928,0.9112424542131328,0.8049349549879696,0.6062524683929179,0.6030483993487983,0.39126455916595676,0.7889606460971247,0.7882379262538328,0.5957957470317893,0,0.0,inf,1.3710260391235352
3,0.5,0.0,0.5,1.0,8,30,10,4,0.14474230139077138,0.27598338934936273,0.688956037545758,0.6858482127144703,0.554311038718608,0.9116055475593928,0.9112424542131328,0.8049349549879696,0.5858619879135389,0.5825095191588859,0.38810455881645145,0.7889606460971244,0.7882379262538325,0.5957957470317893,0,0.0,inf,0.6608867645263672
3,0.5,0.0,0.5,1.0,9,36,10,3,0.11938666009662692,0.2800795980206509,0.6031515785057575,0.5990942236171392,0.446670023191713,0.8019282820082536,0.8013325861275414,0.6406540834881669,0.5109212587960197,0.5068633069974948,0.3067949523391159,0.6516133272375468,0.6507295243611372,0.4508122830368131,0,0.0,inf,0.9360480308532715
3,0.5,0.0,0.75,0.0,0,25,10,4,0.15638003544445866,0.19696252101674855,0.6343998959097835,0.6301601119825639,0.49449345741429596,0.9037907607564276,0.9033926442098374,0.7752391372397232,0.5213139794149946,0.5167783614201027,0.3424870189693637,0.7792775881454947,0.7785155100165544,0.5705119925521072,0,0.0,inf,0.6479990482330322
3,0.5,0.0,0.75,0.0,1,47,2,2,0.3065022615582611,0.306502261558261,0.5864457028076931,0.5857152626526245,0.36794884669240996,0.581408430461704,0.5806647649710639,0.35946576657210166,0.6707000927129853,0.6702014414849433,0.5295124914864294,0.6698226521030716,0.6693160184610265,0.5327971294054453,0.773972602739726,0.8768458380861481,0.007680011431234847,0.5129308700561523
3,0.5,0.0,0.75,0.0,2,34,10,4,0.18425040176929303,0.22559646880340872,0.6938237854042857,0.6902593392320917,0.5206427775088646,0.9116055475593928,0.9112424542131328,0.8049349549879696,0.568527632056748,0.5644220434350726,0.3554349026144265,0.7889606460971244,0.7882379262538325,0.5957957470317893,0,0.0,inf,0.5952610969543457
3,0.5,0.0,0.75,0.0,3,28,4,4,0.3075619917035831,0.3073762154095661,0.902462641840836,0.9020594281071008,0.7700580044778049,0.897406368541996,0.8969792788487176,0.7526454569778374,1.0,1.0,1.0,1.0,1.0,1.0,0.7018633540372671,0.8216448894414996,0.025655143757508346,0.592806339263916
3,0.5,0.0,0.75,0.0,4,14,4,4,0.3033095950933379,0.30324649544915616,0.908286786541069,0.9079097241974984,0.7915753497024844,0.9083491277292126,0.907971490705844,0.7934094346634827,0.7909887969767587,0.7902758452404195,0.6000696491729003,0.7849276230002519,0.7841885630133323,0.586029113950917,0.6883116883116883,0.8162008162008161,0.0256389840073597,0.10162615776062012
3,0.5,0.0,0.75,0.0,5,31,10,4,0.18784901679732632,0.27439028823359496,0.7646155389101044,0.7620081912538113,0.6372204883539098,0.9116055475593928,0.9112424542131328,0.8049349549879696,0.6852028296539779,0.6823632033761384,0.48570178460453556,0.7889606460971247,0.7882379262538328,0.5957957470317893,0,0.0,inf,0.7445213794708252
3,0.5,0.0,0.75,0.0,6,47,10,4,0.1898585018224004,0.23513101580581267,0.6965582138412855,0.693031277819366,0.526704329284183,0.9083491277292126,0.907971490705844,0.7934094346634827,0.5717389765698442,0.5676710898990709,0.36090434571272756,0.7849276230002518,0.7841885630133321,0.586029113950917,0,0.0,inf,0.8821744918823242
3,0.5,0.0,0.75,0.0,7,16,3,3,0.29488144404180744,0.29432106615397996,0.7629937720514088,0.7622768867010545,0.5985591032197701,0.7889606460971244,0.7883188157233192,0.6085417084158432,0.8484005801320257,0.8480156440822191,0.7950691955435067,0.8891543252970434,0.8888695855552406,0.8404468849639695,0.639751552795031,0.7675168965491547,0.03533099575480304,0.19978094100952148
3,0.5,0.0,0.75,0.0,8,36,10,3,0.18617796973585754,0.30352279755595957,0.6863336169946761,0.6826688671598142,0.5137654975310391,0.7916267295012033,0.7909944647108239,0.6144266258107057,0.728752942062834,0.7261618356981596,0.6444136285207113,0.8919096298303802,0.8916326823937588,0.8472089812237649,0,0.0,inf,0.7611608505249023
3,0.5,0.0,0.75,0.0,9,29,4,4,0.30225652517010054,0.3021997676838218,0.9062134325366954,0.9058270894842647,0.7840181975146335,0.9059896953135614,0.9056014712345598,0.78488266182146,0.7884454500433647,0.7877222627828132,0.5935840403399594,0.7820038042783822,0.7812528432163193,0.5787657424083629,0.6815286624203821,0.8073400033199027,0.027917723004850688,0.47624993324279785
3,0.5,0.0,0.75,0.25,0,32,4,4,0.3022565251701005,0.30219976768382173,0.9062134325366954,0.9058270894842647,0.7840181975146335,0.9059896953135614,0.9056014712345598,0.78488266182146,0.7884454500433647,0.7877222627828132,0.5935840403399594,0.7820038042783822,0.7812528432163193,0.5787657424083629,0.6815286624203821,0.8073400033199027,0.027917723004850688,0.5494203567504883
3,0.5,0.0,0.75,0.25,1,18,4,4,0.3022565251701005,0.3021997676838216,0.9062134325366954,0.9058270894842647,0.7840181975146335,0.9059896953135614,0.9056014712345598,0.78488266182146,0.7884454500433647,0.7877222627828132,0.5935840403399594,0.7820038042783822,0.7812528432163193,0.5787657424083629,0.6815286624203821,0.8073400033199027,0.027917723004850688,0.16065025329589844
3,0.5,0.0,0.75,0.25,2,33,10,3,0.15750884150955752,0.29015196751674355,0.6514541568067493,0.6475808113143827,0.4794929822997398,0.7849276230002521,0.7842712471813089,0.5998687124749003,0.5406498404871143,0.5364851336077229,0.3223155486687715,0.6300407065822516,0.6290866490125591,0.41279146196657973,0,0.0,inf,0.7386918067932129
3,0.5,0.0,0.75,0.25,3,28,10,3,0.15792748495808845,0.29148917411054764,0.6505043827141206,0.6466170254320232,0.47833521367299564,0.7889606460971246,0.7883188157233194,0.6085417084158432,0.5398337739363832,0.5356576311058955,0.3213082819101995,0.6351652836494971,0.6342280982950598,0.42094768363328244,0,0.0,inf,0.5633714199066162
3,0.5,0.0,0.75,0.25,4,110,4,4,0.3075619917035833,0.3073762154095663,0.902462641840836,0.9020594281071008,0.7700580044778049,0.897406368541996,0.8969792788487176,0.7526454569778374,0.9999999999999998,0.9999999999999998,1.0,1.0,1.0,1.0,0.7018633540372671,0.8216448894414996,0.025655143757508343,2.806889295578003
3,0.5,0.0,0.75,0.25,5,20,4,4,0.3042848217540427,0.30446028467943204,0.9075030477238635,0.9071224809899361,0.7887321917624809,0.9116055475593928,0.9112424542131328,0.8049349549879696,0.7900275203691857,0.7893107041629335,0.597632408039675,0.7889606460971244,0.7882379262538325,0.5957957470317893,0.6838709677419355,0.8099702756191306,0.026875295899380827,0.27234721183776855
3,0.5,0.0,0.75,0.25,6,22,4,4,0.3075619917035833,0.3073762154095663,0.902462641840836,0.9020594281071008,0.7700580044778049,0.897406368541996,0.8969792788487176,0.7526454569778374,1.0,1.0,1.0,1.0,1.0,1.0,0.7018633540372671,0.8216448894414996,0.025655143757508346,0.3414020538330078
3,0.5,0.0,0.75,0.25,7,112,10,3,0.16236604997861898,0.2967567739842313,0.6447086445885689,0.640757338349877,0.4873846851233944,0.789789857030486,0.789150994948784,0.6112350182388241,0.5212215597579415,0.5168771232337485,0.32673318238542176,0.636218386690312,0.6352846396218612,0.42347263580084515,0,0.0,inf,3.605710029602051
3,0.5,0.0,0.75,0.25,8,32,2,2,0.30676087177327976,0.30676087177327976,0.5886439109427256,0.587918508065989,0.3721699660878811,0.5843445647456531,0.5836076786123202,0.3649394192885749,0.6730637408663831,0.6725695649254293,0.5349795162386692,0.6729934599358478,0.6724929101529477,0.5400412938889216,0.7891156462585034,0.8818945527806287,0.006635345743018436,0.8226072788238525
3,0.5,0.0,0.75,0.25,9,37,10,3,0.13562057368646727,0.2582637174951209,0.5818784952307194,0.5772684214652988,0.46260938179142225,0.7926764584473263,0.7920479364188315,0.6178455857756018,0.4795570100037281,0.474878632728605,0.32212394254566706,0.6398829605162116,0.6389611927460445,0.42965422834092154,0,0.0,inf,1.1274309158325195
3,0.5,0.0,0.75,0.5,0,44,10,3,0.14216383095351395,0.32044333210180753,0.6034750219145889,0.5990749619742188,0.350870959608215,0.7375733655715297,0.7367405406672015,0.4724246305454723,0.624462931376298,0.6210598170079829,0.44409741260760244,0.8357447021357429,0.8353020509100346,0.6777225590952062,0,0.0,inf,0.9159941673278809
3,0.5,0.0,0.75,0.5,1,27,4,4,0.3042848217540427,0.30446028467943204,0.9075030477238635,0.9071224809899361,0.7887321917624809,0.9116055475593928,0.9112424542131328,0.8049349549879696,0.7900275203691857,0.7893107041629335,0.597632408039675,0.7889606460971247,0.7882379262538328,0.5957957470317893,0.6838709677419355,0.8099702756191306,0.026875295899380827,0.47620320320129395
3,0.5,0.0,0.75,0.5,2,37,4,4,0.3075619917035833,0.3073762154095664,0.902462641840836,0.9020594281071008,0.7700580044778049,0.897406368541996,0.8969792788487176,0.7526454569778374,0.9999999999999998,0.9999999999999998,1.0,1.0,1.0,1.0,0.7018633540372671,0.8216448894414996,0.025655143757508343,0.9938421249389648
3,0.5,0.0,0.75,0.5,3,61,2,2,0.30676087177327976,0.30676087177327976,0.5886439109427256,0.587918508065989,0.3721699660878811,0.5843445647456531,0.5836076786123202,0.3649394192885749,0.6730637408663831,0.6725695649254293,0.5349795162386692,0.6729934599358478,0.6724929101529477,0.5400412938889216,0.7891156462585034,0.8818945527806287,0.006635345743018436,1.4281282424926758
3,0.5,0.0,0.75,0.5,4,59,10,3,0.13850169426490055,0.29584516462452887,0.6449017452426685,0.6410962302243651,0.4567229384120922,0.7889606460971246,0.7883188157233194,0.6085417084158432,0.5234446828163593,0.519286568268145,0.3011502760283641,0.6351652836494971,0.6342280982950598,0.42094768363328244,0,0.0,inf,1.2319939136505127
3,0.5,0.0,0.75,0.5,5,28,10,3,0.13782774044436222,0.30365190115924456,0.6094921272218002,0.605190691800144,0.3586806686534229,0.7481612335885639,0.7473688711868739,0.49755280006294755,0.4811572228879575,0.4764930535922669,0.20964973364282238,0.583122611528877,0.5820100450521392,0.3135555033859615,0,0.0,inf,0.47810792922973633
3,0.5,0.0,0.75,0.5,6,20,4,4,0.3075619917035833,0.3073762154095663,0.902462641840836,0.9020594281071008,0.7700580044778049,0.897406368541996,0.8969792788487176,0.7526454569778374,1.0,1.0,1.0,1.0,1.0,1.0,0.7018633540372671,0.8216448894414996,0.02565514375750834,0.37860822677612305
3,0.5,0.0,0.75,0.5,7,31,10,3,0.14407201379864845,0.30380042930643575,0.6557545566456374,0.6520769984957944,0.4732922121668157,0.7916267295012033,0.7909944647108239,0.6144266258107057,0.69319714678507,0.690529343648673,0.5464318250782524,0.8919096298303802,0.8916326823937588,0.8472089812237649,0,0.0,inf,0.6703109741210938
3,0.5,0.0,0.75,0.5,8,26,10,3,0.14126328916840603,0.29958194191958537,0.6431354003792196,0.6393120101853718,0.46642478301108853,0.789789857030486,0.789150994948784,0.6112350182388241,0.5215558575668234,0.5173825123414613,0.3096077242430863,0.636218386690312,0.6352846396218612,0.42347263580084515,0,0.0,inf,0.5186774730682373
3,0.5,0.0,0.75,0.5,9,39,10,3,0.1438893076473889,0.30379161165125523,0.6517843495810901,0.6480643778928004,0.47063658436085254,0.7916267295012033,0.7909944647108239,0.6144266258107057,0.6888722763389379,0.6861668663067124,0.544134353258681,0.8919096298303802,0.8916326823937588,0.8472089812237649,0,0.0,inf,0.7795867919921875
3,0.5,0.0,0.75,0.75,0,39,10,4,0.15508629508454586,0.29593978773624,0.7347391174912292,0.7320611065443164,0.5722848973432362,0.9059896953135614,0.9056014712345598,0.78488266182146,0.627746561196348,0.6246994013694612,0.4013695778693552,0.7820038042783822,0.7812528432163193,0.5787657424083629,0,0.0,inf,0.7232100963592529
3,0.5,0.0,0.75,0.75,1,34,10,4,0.1348640057818934,0.27251927645269275,0.7008349158673738,0.6978136728437941,0.5354113692220939,0.8974063685419958,0.8969792788487174,0.7526454569778374,0.6097765026451183,0.6065811512829564,0.37658317217408027,0.7713552409379785,0.7705605424897544,0.5510101485183012,0,0.0,inf,0.7400085926055908
3,0.5,0.0,0.75,0.75,2,24,10,4,0.15650409326781844,0.2999000016289577,0.7391424028450071,0.7365127343454615,0.5662358690297777,0.9083491277292126,0.907971490705844,0.7934094346634827,0.6519196797000638,0.6490749190911759,0.4085248619641216,0.7849276230002519,0.7841885630133323,0.586029113950917,0,0.0,inf,0.47547245025634766
3,0.5,0.0,0.75,0.75,3,24,10,4,0.15595245516115203,0.29395663160453495,0.7367494521797475,0.7340847352024042,0.5641971334881595,0.9059896953135614,0.9056014712345598,0.78488266182146,0.6296299018373608,0.6265895319556861,0.39460966454065677,0.7820038042783822,0.7812528432163193,0.5787657424083629,0,0.0,inf,0.3765885829925537
3,0.5,0.0,0.75,0.75,4,32,10,4,0.15853667846946898,0.29941297922571436,0.7419818424346308,0.7393768786745247,0.5714758462923025,0.9059896953135614,0.9056014712345598,0.78488266182146,0.6492973862380919,0.6464265335201057,0.4046820133069691,0.7820038042783822,0.7812528432163193,0.5787657424083629,0,0.0,inf,0.6173660755157471
3,0.5,0.0,0.75,0.75,5,33,10,4,0.12433691676928857,0.2270441511404417,0.6185603013169603,0.6145359011683973,0.36484384097960787,0.9116055475593928,0.9112424542131328,0.8049349549879696,0.5953590912235981,0.5918856925963163,0.3617690916709742,0.7889606460971244,0.7882379262538325,0.5957957470317893,0,0.0,inf,0.5696549415588379
3,0.5,0.0,0.75,0.75,6,52,10,3,0.1209196539544405,0.29385517859853744,0.61078936000196,0.6067608968594905,0.43535885789243073,0.792676458447326,0.7920479364188314,0.6178455857756018,0.4903222821497586,0.48603712162119483,0.2849409789450406,0.6398829605162115,0.6389611927460443,0.42965422834092154,0,0.0,inf,0.9242830276489258
3,0.5,0.0,0.75,0.75,7,39,10,4,0.1551713193136114,0.297021380973915,0.7315679632924734,0.7288578181324926,0.5638336474577662,0.9059896953135614,0.9056014712345598,0.78488266182146,0.6243017919711379,0.6212262863640543,0.3943211480592822,0.7820038042783822,0.7812528432163193,0.5787657424083629,0,0.0,inf,0.7725083827972412
3,0.5,0.0,0.75,0.75,8,53,10,4,0.15636150494882717,0.29738791424210065,0.7409180246965417,0.7383015603329186,0.5657046742430369,0.9083491277292126,0.907971490705844,0.7934094346634827,0.6344089353819273,0.6314152678623083,0.395879130278935,0.7849276230002519,0.7841885630133323,0.586029113950917,0,0.0,inf,1.195584774017334
3,0.5,0.0,0.75,0.75,9,111,10,4,0.15530367522746327,0.2973540257315995,0.7404595917521903,0.7378371623138174,0.5644061299625883,0.9116055475593928,0.9112424542131328,0.8049349549879696,0.6338544752849564,0.6308546181478792,0.394792396140764,0.7889606460971244,0.7882379262538325,0.5957957470317893,0,0.0,inf,2.629725456237793
3,0.5,0.0,0.75,1.0,0,61,10,4,0.1356644094724998,0.2892481441746912,0.6829101876869144,0.6797911497607715,0.5172474786803075,0.897406368541996,0.8969792788487176,0.7526454569778374,0.6887918158839229,0.6863140117659249,0.5217610515347242,1.0,1.0,1.0,0,0.0,inf,1.315974235534668
3,0.5,0.0,0.75,1.0,1,57,10,3,0.10213703469547267,0.27345936044844005,0.5978813361716652,0.5938666418895211,0.42126684127901376,0.8019282820082536,0.8013325861275414,0.6406540834881669,0.5101177875811084,0.5061547802954389,0.2872607487305403,0.6516133272375468,0.6507295243611372,0.4508122830368131,0,0.0,inf,1.2843213081359863
3,0.5,0.0,0.75,1.0,2,29,10,4,0.11230436073361463,0.2564319523952722,0.6440308181393175,0.640503584812509,0.46930017165911125,0.8974063685419958,0.8969792788487174,0.7526454569778374,0.533449641929266,0.5297055876379941,0.31645864797546097,0.7713552409379785,0.7705605424897544,0.5510101485183012,0,0.0,inf,0.5197291374206543
3,0.5,0.0,0.75,1.0,3,24,10,4,0.12142280829437269,0.2662287773826855,0.6801804296012685,0.6770334255827976,0.5172779132728088,0.9116055475593928,0.9112424542131328,0.8049349549879696,0.5976969457283028,0.5944926318449428,0.3753702208859567,0.7889606460971244,0.7882379262538325,0.5957957470317893,0,0.0,inf,0.4909942150115967
3,0.5,0.0,0.75,1.0,4,57,10,4,0.12220148822908143,0.26161001888319163,0.6679972364584602,0.6647379894866746,0.5017206306358647,0.9083491277292126,0.907971490705844,0.7934094346634827,0.5651503385364858,0.5616955097921172,0.3456026800659331,0.7849276230002519,0.7841885630133323,0.586029113950917,0,0.0,inf,1.1141786575317383
3,0.5,0.0,0.75,1.0,5,28,10,5,0.15634741260938545,0.2793073831989517,0.77680764906613,0.7746501133919832,0.6550129685028677,1.0,1.0,1.0,0.7029744086777647,0.7006531754107937,0.4774137404720652,0.897406368541996,0.8969792788487176,0.7526454569778374,0,0.0,inf,0.5435378551483154
3,0.5,0.0,0.75,1.0,6,26,10,5,0.15308833840444766,0.2741490306450161,0.7641772208111313,0.7618966865458009,0.6416652968784149,1.0,1.0,1.0,0.6806322241907556,0.6781353267794206,0.46366893985117036,0.8974063685419956,0.8969792788487173,0.7526454569778374,0,0.0,inf,0.4429752826690674
3,0.5,0.0,0.75,1.0,7,66,10,4,0.11701565419433552,0.2573539615073118,0.6572238193081925,0.6538274514647725,0.4931728821170432,0.8974063685419958,0.8969792788487174,0.7526454569778374,0.5477434532610932,0.5441142651214558,0.3361730823610548,0.7713552409379785,0.7705605424897544,0.5510101485183012,0,0.0,inf,1.3880305290222168
3,0.5,0.0,0.75,1.0,8,26,10,4,0.11553791314232485,0.25946991001895114,0.6578161005429964,0.654436758101542,0.49648511458961897,0.9083491277292126,0.907971490705844,0.7934094346634827,0.5710420407817248,0.5676120105330238,0.34644230082831257,0.7849276230002518,0.7841885630133321,0.586029113950917,0,0.0,inf,0.510169267654419
3,0.5,0.0,0.75,1.0,9,36,10,5,0.15699981938808547,0.27401781900913663,0.7710086006858761,0.7687941295716011,0.6512666519689712,1.0,1.0,1.0,0.6780476907960048,0.6755305868540437,0.46690125095611146,0.897406368541996,0.8969792788487176,0.7526454569778374,0,0.0,inf,0.7143974304199219
3,0.5,0.0,1.0,0.0,0,110,10,3,0.14994926498899191,0.2852200449162091,0.6547921794577182,0.6510077297554336,0.49378094802150524,0.8019282820082536,0.8013325861275414,0.6406540834881669,0.5319552688920931,0.5277732281913053,0.33299756859677504,0.6516133272375468,0.6507295243611372,0.4508122830368131,0,0.0,inf,2.6749372482299805
3,0.5,0.0,1.0,0.0,1,34,10,3,0.13280960304283085,0.26856533176476,0.5940354711907937,0.5895746432248681,0.4319118341906326,0.7852802150932446,0.7846251091678986,0.6010060305727019,0.46533494050875995,0.46054560952004703,0.2787512017117383,0.630488902126393,0.6295363171801378,0.41386322570661177,0,0.0,inf,0.794342041015625
3,0.5,0.0,1.0,0.0,2,25,10,4,0.1819025543306452,0.2953261686652537,0.7564476812098947,0.7538626065901518,0.6084471642752988,0.897406368541996,0.8969792788487176,0.7526454569778374,0.7905197075287977,0.7887117911848172,0.7402469096924162,1.0,1.0,1.0,0,0.0,inf,0.7514584064483643
3,0.5,0.0,1.0,0.0,3,30,10,3,0.14904077684979997,0.28301334942308026,0.6631264742406738,0.6594344199699453,0.4980153609043046,0.8021489417124285,0.8015540214626932,0.6413806962628472,0.5410869775704286,0.5369877715170298,0.33671517265411044,0.6518928236684518,0.6510099162702462,0.4514820116115285,0,0.0,inf,0.4523499011993408
3,0.5,0.0,1.0,0.0,4,115,10,3,0.13365427550776104,0.2713773036145501,0.6092804514041231,0.6049972610490242,0.4567321269284986,0.8021489417124285,0.8015540214626932,0.6413806962628472,0.4822938828620202,0.4776683414799112,0.30068587900983235,0.6518928236684518,0.6510099162702462,0.4514820116115285,0,0.0,inf,2.590348482131958
3,0.5,0.0,1.0,0.0,5,25,10,4,0.15204731253689238,0.25931311150489983,0.6947808194458887,0.6915472156396422,0.5335707646337313,0.9059896953135614,0.9056014712345598,0.78488266182146,0.5795522827650041,0.575930904520681,0.3683432782892236,0.7820038042783822,0.7812528432163193,0.5787657424083629,0,0.0,inf,0.6085424423217773
3,0.5,0.0,1.0,0.0,6,38,10,4,0.15090907288572675,0.2276119874813589,0.6685736541782412,0.6649410470004956,0.49785204214984297,0.9083491277292126,0.907971490705844,0.7934094346634827,0.5470223650457638,0.5429758701920572,0.3365667710893058,0.7849276230002518,0.7841885630133321,0.586029113950917,0,0.0,inf,0.7316403388977051
3,0.5,0.0,1.0,0.0,7,111,10,3,0.13485911260612493,0.271737632972442,0.6059987960322542,0.601673219347452,0.4433338769066592,0.7921997857472497,0.7915695648752535,0.6162892627615703,0.4785121654558801,0.47384532115488504,0.2888383292299011,0.6392779718964172,0.6383542378752756,0.4282009089578253,0,0.0,inf,3.245986223220825
3,0.5,0.0,1.0,0.0,8,20,10,3,0.14991577563237718,0.2873996261538439,0.6346391194237714,0.6306283623178123,0.48111019714157366,0.7921997857472497,0.7915695648752535,0.6162892627615703,0.509784729179882,0.50539820922449,0.32184732355675144,0.6392779718964172,0.6383542378752756,0.4282009089578253,0,0.0,inf,0.4842550754547119
3,0.5,0.0,1.0,0.0,9,42,10,4,0.1520136355101059,0.22734961408811985,0.6663505778184153,0.6626877041525292,0.4897838143145263,0.9116055475593928,0.9112424542131328,0.8049349549879696,0.5443878252726695,0.5403106607506603,0.32941687038571105,0.7889606460971247,0.7882379262538328,0.5957957470317893,0,0.0,inf,1.0648024082183838
3,0.5,0.0,1.0,0.25,0,71,10,3,0.13138151137016435,0.3001899502646428,0.5311238983879664,0.5260442459500345,0.34966863005203463,0.7375733655715297,0.7367405406672015,0.4724246305454723,0.5660040182497611,0.562171955599557,0.4391467844847201,0.8357447021357429,0.8353020509100346,0.6777225590952062,0,0.0,inf,1.9693021774291992
3,0.5,0.0,1.0,0.25,1,32,10,3,0.11661068290177382,0.26460002879844136,0.5784463490969223,0.5739840860714354,0.40849726009254755,0.7849276230002521,0.7842712471813089,0.5998687124749003,0.46298198482364367,0.45835816402968427,0.2624656180074787,0.6300407065822518,0.6290866490125593,0.41279146196657973,0,0.0,inf,0.8973102569580078
3,0.5,0.0,1.0,0.25,2,1000,10,3,0.10420608029964325,0.2458750123421325,0.5292094364508227,0.5242556405623506,0.40470449543007053,0.7926764584473263,0.7920479364188315,0.6178455857756018,0.4233316991153391,0.41839847120050666,0.2677726104738405,0.6398829605162114,0.6389611927460443,0.42965422834092154,0,0.0,inf,22.212459087371826
3,0.5,0.0,1.0,0.25,3,52,10,2,0.09052337430453881,0.26693825319061737,0.42126790629459016,0.41488600445645474,0.28880333975326333,0.590322057951245,0.589598903605611,0.3763936641634434,0.29182340341497404,0.28545046878531005,0.15176263688401812,0.3775040078303136,0.37655586716730394,0.18836303963627865,0,0.0,inf,1.296459436416626
3,0.5,0.0,1.0,0.25,4,45,10,4,0.15151508366778635,0.28509249633225897,0.6978068750050902,0.6946895397221241,0.5362261291303778,0.897406368541996,0.8969792788487176,0.7526454569778374,0.7424809845741498,0.7403242305218598,0.6566097845358536,1.0,1.0,1.0,0,0.0,inf,0.9578378200531006
3,0.5,0.0,1.0,0.25,5,38,10,4,0.16119964999712544,0.29159947487028853,0.7238267250127888,0.7209842734856272,0.5758947523959101,0.9116055475593928,0.9112424542131328,0.8049349549879696,0.6139855319443898,0.6107605478068099,0.4044377101565898,0.7889606460971244,0.7882379262538325,0.5957957470317893,0,0.0,inf,1.0698480606079102
3,0.5,0.0,1.0,0.25,6,1000,10,4,0.1532357140919638,0.2797961936535921,0.7073102951626462,0.7042909943633121,0.5397579876016865,0.897406368541996,0.8969792788487176,0.7526454569778374,0.738352304129026,0.736160971860188,0.6546048138501717,1.0,1.0,1.0,0,0.0,inf,23.852219581604004
3,0.5,0.0,1.0,0.25,7,34,10,3,0.10132064040756969,0.23945367539852092,0.5230791202750514,0.5180303301757223,0.3562382902393547,0.7852802150932446,0.7846251091678986,0.6010060305727019,0.3923286427364235,0.38709597866353945,0.2158086317014074,0.630488902126393,0.6295363171801378,0.41386322570661177,0,0.0,inf,0.679426908493042
3,0.5,0.0,1.0,0.25,8,109,10,2,0.09522084078360002,0.2905428720643418,0.4572049757756435,0.45118152243547416,0.2712400215289162,0.581408430461704,0.5806647649710639,0.35946576657210166,0.47352466853098985,0.468754240771107,0.33838585775018976,0.6698226521030716,0.6693160184610265,0.5327971294054453,0,0.0,inf,2.7935855388641357
3,0.5,0.0,1.0,0.25,9,63,10,3,0.12025562956357691,0.2861233129132503,0.5401605195784944,0.5351787669795677,0.3270510497798914,0.7375733655715295,0.7367405406672014,0.4724246305454723,0.5601817234293076,0.556298251550774,0.41424432489672797,0.8357447021357427,0.8353020509100345,0.6777225590952062,0,0.0,inf,1.2135279178619385
3,0.5,0.0,1.0,0.5,0,110,10,3,0.10779271076443968,0.26989943705033037,0.5706078283328249,0.5661904869276372,0.39716755017865907,0.789789857030486,0.789150994948784,0.6112350182388241,0.46363890302137395,0.4591587944706661,0.2575222945275411,0.636218386690312,0.6352846396218612,0.42347263580084515,0,0.0,inf,2.7096643447875977
3,0.5,0.0,1.0,0.5,1,45,10,4,0.14681626174009332,0.29067778841120995,0.7008561389269395,0.6978344408089673,0.5330858401334594,0.897406368541996,0.8969792788487176,0.7526454569778374,0.7464152150858394,0.7443381466391072,0.6384696648464466,1.0,1.0,1.0,0,0.0,inf,1.1219356060028076
3,0.5,0.0,1.0,0.5,2,35,10,4,0.1389354251474521,0.2802558993494716,0.6887204101031847,0.6855880154199719,0.5146743994111901,0.9083491277292126,0.907971490705844,0.7934094346634827,0.5781784863863044,0.574737506990516,0.35340314693596264,0.7849276230002518,0.7841885630133321,0.586029113950917,0,0.0,inf,0.8711740970611572
3,0.5,0.0,1.0,0.5,3,44,10,4,0.14587367107360646,0.2895904927524127,0.7093035203655846,0.7063799386052013,0.5442622274832123,0.9083491277292126,0.907971490705844,0.7934094346634827,0.6005626045185191,0.5973062477617856,0.37805077411564236,0.7849276230002518,0.7841885630133321,0.586029113950917,0,0.0,inf,1.1286118030548096
3,0.5,0.0,1.0,0.5,4,27,10,3,0.1141766710553533,0.27832041783044353,0.5792847214326821,0.5749636380039612,0.42160874014566274,0.7926764584473263,0.7920479364188315,0.6178455857756018,0.47260730485339253,0.4682097943824473,0.27806170055569446,0.6398829605162114,0.6389611927460443,0.42965422834092154,0,0.0,inf,0.542182207107544
3,0.5,0.0,1.0,0.5,5,1000,10,4,0.14016920624245405,0.28066102914991153,0.6843306763133603,0.6811443839165648,0.5072923901724853,0.897406368541996,0.8969792788487176,0.7526454569778374,0.7240038352863587,0.7217449823001458,0.6103176486437408,1.0,1.0,1.0,0,0.0,inf,20.65484094619751
3,0.5,0.0,1.0,0.5,6,64,10,3,0.11531321739100807,0.27865321773499235,0.5858577038251018,0.5816041301987107,0.41928511486497333,0.7926764584473263,0.7920479364188315,0.6178455857756018,0.47710211824889576,0.47274208647106397,0.2748502362124893,0.6398829605162116,0.6389611927460445,0.42965422834092154,0,0.0,inf,1.5196208953857422
3,0.5,0.0,1.0,0.5,7,35,10,4,0.11653022924722219,0.24869084191944613,0.6615575703994384,0.6581645932942006,0.4782253787889921,0.9116055475593928,0.9112424542131328,0.8049349549879696,0.5491698601308957,0.5455071029494737,0.3234145720281162,0.7889606460971247,0.7882379262538328,0.5957957470317893,0,0.0,inf,0.716465950012207
3,0.5,0.0,1.0,0.5,8,212,10,4,0.1376900348037787,0.27366400985105566,0.6859359734680963,0.682776003779235,0.516362335051654,0.9083491277292126,0.907971490705844,0.7934094346634827,0.5873976853801306,0.5840324272352837,0.3573783263047543,0.7849276230002519,0.7841885630133323,0.586029113950917,0,0.0,inf,4.547637462615967
3,0.5,0.0,1.0,0.5,9,28,10,4,0.14797041564021382,0.29096515088214225,0.721155586913514,0.7183495861818718,0.5482499108895613,0.9116055475593928,0.9112424542131328,0.8049349549879696,0.6133479746801159,0.6101938879170495,0.381355776456447,0.7889606460971244,0.7882379262538325,0.5957957470317893,0,0.0,inf,0.6235535144805908
3,0.5,0.0,1.0,0.75,0,1000,10,4,0.1315941161039332,0.28121129791633614,0.6763822326471943,0.6731838297790201,0.5090496767131248,0.9116055475593928,0.9112424542131328,0.8049349549879696,0.5793217528924718,0.5759551951528546,0.35235020330834926,0.7889606460971247,0.7882379262538328,0.5957957470317893,0,0.0,inf,20.859913110733032
3,0.5,0.0,1.0,0.75,1,120,10,4,0.13482805846854093,0.2881652872927261,0.6846452392120689,0.6815321525731305,0.5103074490849734,0.9116055475593928,0.9112424542131328,0.8049349549879696,0.5986422188145781,0.595434322706546,0.35981248229507273,0.7889606460971244,0.7882379262538325,0.5957957470317893,0,0.0,inf,2.6184444427490234
3,0.5,0.0,1.0,0.75,2,54,10,4,0.1226794968591097,0.27550683307319646,0.6799300341882484,0.6767650016670536,0.4829538475401833,0.9116055475593928,0.9112424542131328,0.8049349549879696,0.5730151821709305,0.5695961821599076,0.3280954258665211,0.7889606460971247,0.7882379262538328,0.5957957470317893,0,0.0,inf,1.061823844909668
3,0.5,0.0,1.0,0.75,3,37,10,4,0.1318945254727175,0.2861080031269195,0.6835150574414539,0.6803742186687488,0.5019699364381852,0.897406368541996,0.8969792788487176,0.7526454569778374,0.7247472869496586,0.7225347132563349,0.5911452895486645,1.0,1.0,1.0,0,0.0,inf,0.772557258605957
3,0.5,0.0,1.0,0.75,4,24,10,5,0.13997408109795245,0.25789531482305306,0.7544288283821072,0.7520527612660791,0.61041630328262,1.0,1.0,1.0,0.6534043367112088,0.6506930206489925,0.43205310453477686,0.897406368541996,0.8969792788487176,0.7526454569778374,0,0.0,inf,0.6051349639892578
3,0.5,0.0,1.0,0.75,5,63,10,4,0.13334332496565524,0.2866608196988392,0.7039476692692931,0.7010201366832168,0.5201341260832152,0.9116055475593928,0.9112424542131328,0.8049349549879696,0.5990243161312324,0.5958135793314147,0.3587204549894217,0.7889606460971247,0.7882379262538328,0.5957957470317893,0,0.0,inf,1.878976821899414
3,0.5,0.0,1.0,0.75,6,32,10,5,0.14176236472901652,0.2628941261947339,0.7559899202429967,0.7536307732485629,0.6321866636518304,1.0,1.0,1.0,0.6551719375709983,0.6524766749622878,0.4495744901853907,0.8974063685419956,0.8969792788487173,0.7526454569778374,0,0.0,inf,0.9982256889343262
3,0.5,0.0,1.0,0.75,7,21,10,4,0.1248406426862559,0.2779273933116402,0.6606621349115388,0.6573063544420783,0.47671869621709506,0.897406368541996,0.8969792788487176,0.7526454569778374,0.7025298758005792,0.7001477736709445,0.5443878741159343,1.0,1.0,1.0,0,0.0,inf,0.523059606552124
3,0.5,0.0,1.0,0.75,8,65,10,4,0.13463872371671956,0.28688271404536875,0.6950714798557907,0.69205054036824,0.5171209357023423,0.897406368541996,0.8969792788487176,0.7526454569778374,0.7243807318132117,0.7221693215623679,0.5819470051165748,1.0,1.0,1.0,0,0.0,inf,1.596447467803955
3,0.5,0.0,1.0,0.75,9,142,10,3,0.09088425181885885,0.2617971829741305,0.5575155931003424,0.55308492383845,0.38579326822327165,0.7889606460971244,0.7883188157233192,0.6085417084158432,0.5789552902501582,0.5755383867264059,0.42188613376216044,0.8891543252970434,0.8888695855552406,0.8404468849639695,0,0.0,inf,2.8999931812286377
3,0.5,0.0,1.0,1.0,0,113,10,4,0.10499584519100309,0.26500018335847236,0.6522855253222938,0.6489285270096775,0.4921822853877795,0.9137594533047027,0.9134059329538328,0.8127690521941776,0.5662799010059506,0.5628946901773393,0.3443861585710911,0.7916267295012033,0.7909147573609079,0.602400964174539,0,0.0,inf,2.9286160469055176
3,0.5,0.0,1.0,1.0,1,52,10,4,0.11789964352298145,0.2781521874476046,0.6550336979754596,0.6517027699668204,0.4828807633114543,0.9116055475593928,0.9112424542131328,0.8049349549879696,0.5530219413925395,0.5495327321595371,0.33136573757826204,0.7889606460971247,0.7882379262538328,0.5957957470317893,0,0.0,inf,1.0373060703277588
3,0.5,0.0,1.0,1.0,2,120,10,4,0.12082765700479427,0.2761058134955468,0.6654834134724695,0.6622534673763083,0.4993399085441108,0.9116055475593928,0.9112424542131328,0.8049349549879696,0.5731668425742468,0.5698349789170122,0.3483934033420957,0.7889606460971247,0.7882379262538328,0.5957957470317893,0,0.0,inf,2.443067789077759
3,0.5,0.0,1.0,1.0,3,1000,10,4,0.12127938556821562,0.2727339886610117,0.6728566539780099,0.6696979006727178,0.505636685047061,0.9116055475593928,0.9112424542131328,0.8049349549879696,0.5735650541830533,0.5702362989693972,0.35231020984457956,0.7889606460971247,0.7882379262538328,0.5957957470317893,0,0.0,inf,21.17251944541931
3,0.5,0.0,1.0,1.0,4,29,10,4,0.1192292293726732,0.27505181524476136,0.6684731417958217,0.6652727783065602,0.5020968068953212,0.9083491277292126,0.907971490705844,0.7934094346634827,0.5720624059021846,0.5687227222855987,0.34739546255203213,0.7849276230002518,0.7841885630133321,0.586029113950917,0,0.0,inf,0.5240695476531982
3,0.5,0.0,1.0,1.0,5,151,10,4,0.11750206123989446,0.2767292492023872,0.6620604548278632,0.6587981462712946,0.4910881282623076,0.9083491277292126,0.907971490705844,0.7934094346634827,0.5766520819272032,0.5733481725087569,0.34334449948947704,0.7849276230002518,0.7841885630133321,0.586029113950917,0,0.0,inf,3.039616346359253
3,0.5,0.0,1.0,1.0,6,122,10,4,0.11244251907510427,0.26900937729965757,0.6523728870501546,0.6490155263956708,0.47347591888343227,0.9059896953135614,0.9056014712345598,0.78488266182146,0.5513967601385756,0.5478940348591989,0.32632323465028534,0.7820038042783822,0.7812528432163193,0.5787657424083629,0,0.0,inf,3.332528591156006
3,0.5,0.0,1.0,1.0,7,44,10,4,0.11507370495883368,0.2679797253821137,0.6626906739403929,0.6594344899390239,0.4909713028768016,0.9083491277292126,0.907971490705844,0.7934094346634827,0.5613250639910494,0.557901584687053,0.337915678402819,0.7849276230002518,0.7841885630133321,0.586029113950917,0,0.0,inf,1.2406246662139893
3,0.5,0.0,1.0,1.0,8,118,10,4,0.11944008591081219,0.2790285082873405,0.6704465995107247,0.6672652866107656,0.5016984135153477,0.9083491277292126,0.907971490705844,0.7934094346634827,0.5871950469502292,0.5839734605377236,0.35464821198277435,0.7849276230002518,0.7841885630133321,0.586029113950917,0,0.0,inf,2.734307289123535
3,0.5,0.0,1.0,1.0,9,52,10,4,0.12000223486212139,0.27657845519140145,0.6684340483078093,0.6652325114947322,0.4974200877112064,0.9116055475593928,0.9112424542131328,0.8049349549879696,0.5708630342355427,0.5675130965051922,0.34584199971847096,0.7889606460971244,0.7882379262538325,0.5957957470317893,0,0.0,inf,1.1874663829803467
3,0.5,0.25,0.0,0.0,0,21,4,4,0.3075619917035833,0.3073762154095663,0.902462641840836,0.9020594281071008,0.7700580044778049,0.897406368541996,0.8969792788487176,0.7526454569778374,0.9999999999999998,0.9999999999999998,1.0,1.0,1.0,1.0,0.7018633540372671,0.8216448894414996,0.02565514375750835,0.0869758129119873
3,0.5,0.25,0.0,0.0,1,15,3,3,0.2921881290752759,0.2924978798475079,0.7964944021672811,0.7958808511897366,0.6258578876687111,0.8021489417124285,0.8015540214626932,0.6413806962628472,0.652357757883099,0.6514782326134035,0.45219051787202735,0.6518928236684518,0.6510099162702462,0.4514820116115285,0.6838709677419355,0.8099702756191306,0.02171581478668933,0.12276339530944824
3,0.5,0.25,0.0,0.0,2,20,3,3,0.3000960427427212,0.30006657630309463,0.7919954100813235,0.791365859225642,0.6149134768877957,0.7926764584473263,0.7920479364188315,0.6178455857756018,0.6467140735940204,0.6458164057367728,0.44198892731327694,0.6398829605162114,0.6389611927460443,0.42965422834092154,0.6883116883116883,0.8162008162008161,0.0207152698411587,0.13298988342285156
3,0.5,0.25,0.0,0.0,3,27,3,3,0.3034411497477426,0.3031720513147306,0.7919171422000004,0.7912873128296978,0.6146580667163571,0.7916267295012033,0.7909944647108239,0.6144266258107057,0.8871644058134939,0.8868776795289721,0.8294919785110026,0.8919096298303802,0.8916326823937588,0.8472089812237649,0.7018633540372671,0.8216448894414996,0.020133458155920804,0.12722182273864746
3,0.5,0.25,0.0,0.0,4,18,3,3,0.3129016539548131,0.31276217198390466,0.7503978476511641,0.7496157526369165,0.4999303752085892,0.7595386266093844,0.7587891678710779,0.523012647821584,0.5942922483529102,0.5932206458935332,0.3313032695545437,0.5976802337166612,0.5966178608565919,0.3387811841838666,0.7875,0.8799497171590195,0.011257093831611296,0.13686275482177734
3,0.5,0.25,0.0,0.0,5,38,4,4,0.2869099494121842,0.286554804443487,0.9019138104143678,0.901508118740358,0.76805910791063,0.8974063685419958,0.8969792788487174,0.7526454569778374,0.7831678689471552,0.7824233293215744,0.5798095882521743,0.7713552409379785,0.7705605424897544,0.5510101485183012,0.336734693877551,0.5005005005005004,0.10966176433674982,0.14915084838867188
3,0.5,0.25,0.0,0.0,6,20,3,3,0.3034411497477427,0.3031720513147306,0.7919171422000004,0.7912873128296978,0.6146580667163571,0.7916267295012033,0.7909944647108239,0.6144266258107057,0.8871644058134939,0.8868776795289721,0.8294919785110026,0.8919096298303802,0.8916326823937588,0.8472089812237649,0.7018633540372671,0.8216448894414996,0.020133458155920804,0.09057903289794922
3,0.5,0.25,0.0,0.0,7,15,3,3,0.3000960427427212,0.30006657630309463,0.7919954100813236,0.7913658592256422,0.6149134768877957,0.792676458447326,0.7920479364188314,0.6178455857756018,0.6467140735940204,0.6458164057367728,0.44198892731327694,0.6398829605162115,0.6389611927460443,0.42965422834092154,0.6883116883116883,0.8162008162008161,0.020715269841158707,0.11590790748596191
3,0.5,0.25,0.0,0.0,8,17,4,4,0.30756199170358317,0.3073762154095663,0.902462641840836,0.9020594281071008,0.7700580044778049,0.897406368541996,0.8969792788487176,0.7526454569778374,0.9999999999999998,0.9999999999999998,1.0,1.0,1.0,1.0,0.7018633540372671,0.8216448894414996,0.025655143757508336,0.08669495582580566
3,0.5,0.25,0.0,0.0,9,13,4,4,0.30225652517010054,0.3021997676838216,0.9062134325366955,0.9058270894842648,0.7840181975146335,0.9059896953135614,0.9056014712345598,0.78488266182146,0.7884454500433649,0.7877222627828133,0.5935840403399594,0.7820038042783822,0.7812528432163193,0.5787657424083629,0.6815286624203821,0.8073400033199027,0.027917723004850688,0.057013750076293945
3,0.5,0.25,0.0,0.25,0,21,2,2,0.29845323867529133,0.2984532386752915,0.5923035749787092,0.5915865303510878,0.37932760189374876,0.5936479709519707,0.5929324165216566,0.3829540138806239,0.39101841460643294,0.3901006933621116,0.20787198190896172,0.3819083766433755,0.38096954587584214,0.19536854482611762,0.7843137254901961,0.8789277081960007,0.007257943273368768,0.15817904472351074
3,0.5,0.25,0.0,0.25,1,26,3,3,0.3029963501593926,0.3029422806884069,0.7477467106917509,0.7469545795137221,0.49398121063433326,0.7481612335885639,0.7473688711868739,0.49755280006294755,0.5909364656278665,0.5898533536973456,0.32539623535923007,0.583122611528877,0.5820100450521392,0.3135555033859615,0.7808219178082192,0.8778008778008778,0.012181657439569754,0.4132506847381592
3,0.5,0.25,0.0,0.25,2,113,4,4,0.28999564489917856,0.28967696566936385,0.9041296431413824,0.9037339420232676,0.7760883163884392,0.9000920107272863,0.8996771460213145,0.7622414951112423,0.7858882559572731,0.7851547448691063,0.586753001857982,0.7746891130677099,0.7739081836339227,0.5593213086866492,0.336734693877551,0.5005005005005004,0.1087623410040251,2.2971107959747314
3,0.5,0.25,0.0,0.25,3,26,3,3,0.29582723972303326,0.2956706898560772,0.7904764725728852,0.7898414931742512,0.6114464079728974,0.7852802150932446,0.7846251091678986,0.6010060305727019,0.6448075264531995,0.6439036979318008,0.43874541557546143,0.630488902126393,0.6295363171801378,0.41386322570661177,0.6815286624203821,0.8073400033199027,0.02252039278282545,0.3956761360168457
3,0.5,0.25,0.0,0.25,4,26,3,3,0.2800701474966642,0.2797651948227625,0.7912521513553256,0.7906199474689949,0.6130686761259063,0.7916267295012034,0.790994464710824,0.6144266258107057,0.6457812186532956,0.6448805405867795,0.4402637862713665,0.6385505741240013,0.637624474122608,0.42645992265876403,0.336734693877551,0.5005005005005004,0.10414007873516228,0.4093458652496338
3,0.5,0.25,0.0,0.25,5,15,4,4,0.30225652517010054,0.3021997676838216,0.9062134325366955,0.9058270894842648,0.7840181975146335,0.9059896953135614,0.9056014712345598,0.78488266182146,0.7884454500433649,0.7877222627828133,0.5935840403399594,0.7820038042783822,0.7812528432163193,0.5787657424083629,0.6815286624203821,0.8073400033199027,0.027917723004850688,0.09483194351196289
3,0.5,0.25,0.0,0.25,6,17,4,4,0.3033095950933378,0.3032464954491562,0.908286786541069,0.9079097241974984,0.7915753497024844,0.9083491277292126,0.907971490705844,0.7934094346634827,0.7909887969767587,0.7902758452404195,0.6000696491729003,0.7849276230002519,0.7841885630133323,0.586029113950917,0.6883116883116883,0.8162008162008161,0.025638984007359693,0.08173489570617676
3,0.5,0.25,0.0,0.25,7,21,4,4,0.28430885921053173,0.28406081045250703,0.9077861546703496,0.9074068545396609,0.7897360784811976,0.9083491277292126,0.907971490705844,0.7934094346634827,0.7903747757157538,0.7896593564483267,0.5984933525969508,0.7849276230002519,0.7841885630133323,0.586029113950917,0.336734693877551,0.5005005005005004,0.10900019011335879,0.10842680931091309
3,0.5,0.25,0.0,0.25,8,24,3,3,0.2958169263669709,0.29549993660125573,0.7903747757157535,0.7897394336368198,0.6111150880111534,0.7849276230002521,0.7842712471813089,0.5998687124749003,0.8855725162926756,0.8852813143799497,0.8254485204470364,0.884983406868874,0.884686800044098,0.830441303607371,0.7018633540372671,0.8216448894414996,0.02049566264481683,0.28480958938598633
3,0.5,0.25,0.0,0.25,9,35,3,3,0.29218812907527586,0.2924978798475077,0.7964944021672811,0.7958808511897366,0.6258578876687111,0.8021489417124285,0.8015540214626932,0.6413806962628472,0.652357757883099,0.6514782326134035,0.45219051787202735,0.6518928236684518,0.6510099162702462,0.4514820116115285,0.6838709677419355,0.8099702756191306,0.02171581478668931,0.22169780731201172
3,0.5,0.25,0.0,0.5,0,59,4,4,0.2869099494121842,0.28655480444348697,0.9019138104143678,0.901508118740358,0.76805910791063,0.8974063685419958,0.8969792788487174,0.7526454569778374,0.7831678689471552,0.7824233293215744,0.5798095882521743,0.7713552409379785,0.7705605424897544,0.5510101485183012,0.336734693877551,0.5005005005005004,0.10966176433674987,1.1751220226287842
3,0.5,0.25,0.0,0.5,1,20,3,3,0.29837031231076755,0.29862557276844615,0.7920532465028122,0.791423901436366,0.6151023239096007,0.7921997857472497,0.7915695648752535,0.6162892627615703,0.646786657590236,0.6458892231046282,0.44216543450967255,0.6392779718964172,0.6383542378752756,0.4282009089578253,0.6838709677419355,0.8099702756191306,0.021477965677355597,0.18288326263427734
3,0.5,0.25,0.0,0.5,2,32,4,4,0.2926859041788298,0.2924940346636297,0.9032922516795583,0.9028927793128343,0.7730668342239174,0.9037907607564276,0.9033926442098374,0.7752391372397232,0.7848603265332942,0.7841226529242772,0.5841432909559504,0.7792775881454947,0.7785155100165544,0.5705119925521072,0.336734693877551,0.5005005005005004,0.10923595705984931,0.43190670013427734
3,0.5,0.25,0.0,0.5,3,17,4,4,0.3075619917035833,0.3073762154095664,0.902462641840836,0.9020594281071008,0.7700580044778049,0.897406368541996,0.8969792788487176,0.7526454569778374,1.0,1.0,1.0,1.0,1.0,1.0,0.7018633540372671,0.8216448894414996,0.025655143757508346,0.08422327041625977
3,0.5,0.25,0.0,0.5,4,27,3,3,0.29582723972303343,0.2956706898560772,0.7904764725728854,0.7898414931742513,0.6114464079728974,0.7852802150932446,0.7846251091678986,0.6010060305727019,0.6448075264531996,0.6439036979318009,0.43874541557546143,0.630488902126393,0.6295363171801378,0.41386322570661177,0.6815286624203821,0.8073400033199027,0.02252039278282545,0.46741628646850586
3,0.5,0.25,0.0,0.5,5,33,3,3,0.29837031231076755,0.2986255727684462,0.7920532465028122,0.791423901436366,0.6151023239096007,0.7921997857472497,0.7915695648752535,0.6162892627615703,0.646786657590236,0.6458892231046282,0.44216543450967255,0.6392779718964172,0.6383542378752756,0.4282009089578253,0.6838709677419355,0.8099702756191306,0.021477965677355597,0.5527260303497314
3,0.5,0.25,0.0,0.5,6,50,3,3,0.28007014749666437,0.2797651948227627,0.7912521513553256,0.7906199474689949,0.6130686761259063,0.7916267295012034,0.790994464710824,0.6144266258107057,0.6457812186532956,0.6448805405867795,0.4402637862713665,0.6385505741240013,0.637624474122608,0.42645992265876403,0.336734693877551,0.5005005005005004,0.10414007873516228,1.051649808883667
3,0.5,0.25,0.0,0.5,7,15,4,4,0.3042848217540426,0.30446028467943187,0.9075030477238635,0.9071224809899361,0.7887321917624809,0.9116055475593928,0.9112424542131328,0.8049349549879696,0.7900275203691857,0.7893107041629335,0.597632408039675,0.7889606460971244,0.7882379262538325,0.5957957470317893,0.6838709677419355,0.8099702756191306,0.026875295899380834,0.1710057258605957
3,0.5,0.25,0.0,0.5,8,46,3,3,0.2785744355817691,0.2783501041122962,0.7913824111123083,0.7907506711775147,0.6134933585107952,0.7926764584473263,0.7920479364188315,0.6178455857756018,0.6459447160598649,0.6450445642221218,0.44066106472118616,0.6398829605162114,0.6389611927460443,0.42965422834092154,0.336734693877551,0.5005005005005004,0.1040764759471578,1.2080488204956055
3,0.5,0.25,0.0,0.5,9,35,3,3,0.2795135602151513,0.27923837447429195,0.7914333662242105,0.7908018077543368,0.6136596154716961,0.7921997857472497,0.7915695648752535,0.6162892627615703,0.646008671947162,0.6451087259279827,0.44081657024714055,0.6392779718964172,0.6383542378752756,0.4282009089578253,0.336734693877551,0.5005005005005004,0.10407243658535842,0.7266035079956055
3,0.5,0.25,0.0,0.75,0,21,10,3,0.16689614504249667,0.2919065772518889,0.660601210094111,0.6568391862603133,0.5075701053424243,0.789789857030486,0.789150994948784,0.6112350182388241,0.5369869543506921,0.5328007311149423,0.3445933435647798,0.636218386690312,0.6352846396218612,0.42347263580084515,0,0.0,inf,0.43541669845581055
3,0.5,0.25,0.0,0.75,1,111,10,4,0.18150999699420442,0.28414379647389676,0.76979104620615,0.767340213237473,0.631250165264492,0.9083491277292126,0.907971490705844,0.7934094346634827,0.6607251069656782,0.6577878565741409,0.45193237224191146,0.7849276230002518,0.7841885630133321,0.586029113950917,0,0.0,inf,2.676070213317871
3,0.5,0.25,0.0,0.75,2,28,10,4,0.19378082874281458,0.3014987008780345,0.7652143476543903,0.7627138428996978,0.6259525200213125,0.897406368541996,0.8969792788487176,0.7526454569778374,0.7906469583273089,0.7888337488519744,0.7262537157197482,1.0,1.0,1.0,0,0.0,inf,0.4702270030975342
3,0.5,0.25,0.0,0.75,3,41,10,3,0.16368615019531768,0.2921174099708376,0.6570867976281235,0.6532895660747926,0.5082709592089463,0.7849276230002521,0.7842712471813089,0.5998687124749003,0.6735544450171116,0.6706061301491665,0.613152346750017,0.884983406868874,0.884686800044098,0.830441303607371,0,0.0,inf,0.7454359531402588
3,0.5,0.25,0.0,0.75,4,25,10,3,0.16919504005314714,0.2991110782415794,0.6719017088828043,0.6682705215526958,0.5175820685303963,0.7916267295012033,0.7909944647108239,0.6144266258107057,0.691048246173197,0.6882595900716305,0.6260717944085145,0.8919096298303802,0.8916326823937588,0.8472089812237649,0,0.0,inf,0.4800910949707031
3,0.5,0.25,0.0,0.75,5,32,10,4,0.19595844281652072,0.30029309119626507,0.7706872455296455,0.7682392222914891,0.6321785714492832,0.897406368541996,0.8969792788487176,0.7526454569778374,0.8035358974779738,0.8018299333984524,0.7561321747017848,1.0,1.0,1.0,0,0.0,inf,0.6270551681518555
3,0.5,0.25,0.0,0.75,6,27,10,3,0.1653600688939407,0.29205806361196524,0.6774806310541973,0.6739209456011637,0.5127248314234685,0.8021489417124285,0.8015540214626932,0.6413806962628472,0.5681953707475995,0.564309404385564,0.3515300448527669,0.6518928236684518,0.6510099162702462,0.4514820116115285,0,0.0,inf,0.7322330474853516
3,0.5,0.25,0.0,0.75,7,31,10,4,0.19944938907061763,0.30318560440902126,0.7805950375027061,0.7782586852584576,0.6493449235137883,0.897406368541996,0.8969792788487176,0.7526454569778374,0.8067457241840985,0.805072215070085,0.7440371317471326,1.0,1.0,1.0,0,0.0,inf,0.8346104621887207
3,0.5,0.25,0.0,0.75,8,31,10,4,0.19277482800439433,0.29680509389655885,0.7670543423034838,0.7645801702236138,0.6310560202445132,0.9059896953135614,0.9056014712345598,0.78488266182146,0.6580152422672385,0.6550620254632792,0.4516316744406585,0.7820038042783822,0.7812528432163193,0.5787657424083629,0,0.0,inf,0.7931180000305176
3,0.5,0.25,0.0,0.75,9,43,10,5,0.18690639843337653,0.22083694735826007,0.7835398349390502,0.7812288106191055,0.6184222505188747,1.0,1.0,1.0,0.6753666859261985,0.672547514205335,0.441094110579818,0.8974063685419956,0.8969792788487173,0.7526454569778374,0,0.0,inf,1.2760887145996094
3,0.5,0.25,0.0,1.0,0,40,10,4,0.1664314981968561,0.28692897643261855,0.6976732541417342,0.6945809064307608,0.5802866018974071,0.897406368541996,0.8969792788487176,0.7526454569778374,0.7199990412881621,0.7176754154040121,0.610171852914168,1.0,1.0,1.0,0,0.0,inf,1.1024553775787354
3,0.5,0.25,0.0,1.0,1,37,10,3,0.12306698548393731,0.2649357363631844,0.5796279551807227,0.5751901410845319,0.4216150235960626,0.7921997857472497,0.7915695648752535,0.6162892627615703,0.45425031864582943,0.44956496486720365,0.27231314830390374,0.6392779718964172,0.6383542378752756,0.4282009089578253,0,0.0,inf,1.0450949668884277
3,0.5,0.25,0.0,1.0,2,71,10,3,0.11751481478975435,0.25744979993835665,0.5794483148741938,0.5749624556487889,0.4080771960002274,0.7921997857472497,0.7915695648752535,0.6162892627615703,0.4562349598093942,0.45151408858429737,0.260511712081486,0.6392779718964172,0.6383542378752756,0.4282009089578253,0,0.0,inf,2.1895053386688232
3,0.5,0.25,0.0,1.0,3,30,10,3,0.13979268150096183,0.28406200946636684,0.6364887837515341,0.6326603108479801,0.4881544678888252,0.8021489417124285,0.8015540214626932,0.6413806962628472,0.5381751177478151,0.5342204230956534,0.33787569614537605,0.6518928236684518,0.6510099162702462,0.4514820116115285,0,0.0,inf,0.76851487159729
3,0.5,0.25,0.0,1.0,4,37,10,4,0.12756527886836133,0.1958846092999579,0.6210898191068724,0.6170576526201768,0.4366623761031187,0.9116055475593928,0.9112424542131328,0.8049349549879696,0.49834642901211845,0.4940022656193484,0.2843404160436524,0.7889606460971244,0.7882379262538325,0.5957957470317893,0,0.0,inf,1.077378273010254
3,0.5,0.25,0.0,1.0,5,111,10,4,0.16060521619891643,0.28236453881551193,0.7217085449217204,0.7188459120484811,0.5781217111132704,0.9137594533047027,0.9134059329538328,0.8127690521941776,0.6209049313237767,0.6177397110176639,0.41215568238094086,0.7916267295012032,0.7909147573609078,0.602400964174539,0,0.0,inf,3.524223804473877
3,0.5,0.25,0.0,1.0,6,61,10,4,0.15372878880231777,0.2829457923540484,0.6707735531646296,0.6674059637857055,0.5348832134720679,0.897406368541996,0.8969792788487176,0.7526454569778374,0.6916736752238495,0.6891149070029406,0.5731621909269604,1.0,1.0,1.0,0,0.0,inf,1.7052419185638428
3,0.5,0.25,0.0,1.0,7,24,10,4,0.16013149809686494,0.2676307766394437,0.6977403270640432,0.694648665408143,0.565588283182946,0.897406368541996,0.8969792788487176,0.7526454569778374,0.7024118052906356,0.6999422293462342,0.5935196370517687,1.0,1.0,1.0,0,0.0,inf,0.6698336601257324
3,0.5,0.25,0.0,1.0,8,26,10,4,0.16210036266329192,0.28060739108618504,0.6858135562804883,0.682599901705215,0.5628974226271246,0.897406368541996,0.8969792788487176,0.7526454569778374,0.7054273073535485,0.7029827559614891,0.5946282764230426,1.0,1.0,1.0,0,0.0,inf,0.6907045841217041
3,0.5,0.25,0.0,1.0,9,56,10,4,0.15204101875605763,0.2668473008271207,0.682271336085183,0.6789955729448837,0.5370628464840166,0.9000920107272863,0.8996771460213145,0.7622414951112423,0.5686522625658609,0.5650418716579054,0.3716659479348249,0.7746891130677099,0.7739081836339227,0.5593213086866492,0,0.0,inf,1.68215012550354
3,0.5,0.25,0.25,0.0,0,34,3,3,0.30811888854449265,0.3080530431682622,0.7461107003054039,0.7453123569877191,0.4903684174293556,0.7548712966501103,0.7541043224033087,0.5123044922655382,0.588864732068767,0.5877744920517138,0.3218000928493024,0.5917125005777004,0.5906296552873526,0.3282155413169091,0.7671232876712328,0.8758356164383563,0.013148153825505951,0.3965599536895752
3,0.5,0.25,0.25,0.0,1,109,3,3,0.3000960427427212,0.30006657630309463,0.7919954100813235,0.791365859225642,0.6149134768877957,0.7926764584473263,0.7920479364188315,0.6178455857756018,0.6467140735940204,0.6458164057367728,0.44198892731327694,0.6398829605162114,0.6389611927460443,0.42965422834092154,0.6883116883116883,0.8162008162008161,0.0207152698411587,3.2615044116973877
3,0.5,0.25,0.25,0.0,2,17,3,3,0.29837031231076755,0.29862557276844615,0.7920532465028122,0.791423901436366,0.6151023239096007,0.7921997857472497,0.7915695648752535,0.6162892627615703,0.646786657590236,0.6458892231046282,0.44216543450967255,0.6392779718964172,0.6383542378752756,0.4282009089578253,0.6838709677419355,0.8099702756191306,0.021477965677355597,0.1952047348022461
3,0.5,0.25,0.25,0.0,3,26,3,3,0.30811888854449265,0.308053043168262,0.7461107003054039,0.7453123569877191,0.4903684174293556,0.7548712966501103,0.7541043224033087,0.5123044922655382,0.588864732068767,0.5877744920517138,0.3218000928493024,0.5917125005777004,0.5906296552873526,0.3282155413169091,0.7671232876712328,0.8758356164383563,0.013148153825505961,0.29981398582458496
3,0.5,0.25,0.25,0.0,4,14,3,3,0.29837031231076755,0.29862557276844615,0.7920532465028122,0.791423901436366,0.6151023239096007,0.7921997857472497,0.7915695648752535,0.6162892627615703,0.6467866575902359,0.645889223104628,0.44216543450967255,0.6392779718964172,0.6383542378752756,0.4282009089578253,0.6838709677419355,0.8099702756191306,0.02147796567735559,0.10376858711242676
3,0.5,0.25,0.25,0.0,5,19,4,4,0.30756199170358317,0.3073762154095663,0.902462641840836,0.9020594281071008,0.7700580044778049,0.897406368541996,0.8969792788487176,0.7526454569778374,1.0,1.0,1.0,1.0,1.0,1.0,0.7018633540372671,0.8216448894414996,0.025655143757508346,0.20862340927124023
3,0.5,0.25,0.25,0.0,6,18,4,4,0.30428482175404264,0.30446028467943204,0.9075030477238635,0.9071224809899361,0.7887321917624809,0.9116055475593928,0.9112424542131328,0.8049349549879696,0.7900275203691857,0.7893107041629335,0.597632408039675,0.7889606460971244,0.7882379262538325,0.5957957470317893,0.6838709677419355,0.8099702756191306,0.026875295899380827,0.10973787307739258
3,0.5,0.25,0.25,0.0,7,17,3,3,0.3000960427427212,0.30006657630309463,0.7919954100813235,0.791365859225642,0.6149134768877957,0.792676458447326,0.7920479364188314,0.6178455857756018,0.6467140735940204,0.6458164057367728,0.44198892731327694,0.6398829605162113,0.6389611927460442,0.42965422834092154,0.6883116883116883,0.8162008162008161,0.0207152698411587,0.13906550407409668
3,0.5,0.25,0.25,0.0,8,13,4,4,0.3042848217540427,0.30446028467943204,0.9075030477238635,0.9071224809899361,0.7887321917624809,0.9116055475593928,0.9112424542131328,0.8049349549879696,0.7900275203691857,0.7893107041629335,0.597632408039675,0.7889606460971244,0.7882379262538325,0.5957957470317893,0.6838709677419355,0.8099702756191306,0.026875295899380834,0.10609722137451172
3,0.5,0.25,0.25,0.0,9,109,3,3,0.31989001230886466,0.31988146072674895,0.7382712632211267,0.7374429749388643,0.4728567797325691,0.7375733655715295,0.7367405406672014,0.4724246305454723,0.831507283795988,0.8310572568623777,0.6618054094433068,0.8357447021357427,0.8353020509100345,0.6777225590952062,0.7671232876712328,0.8758356164383563,0.012278092073757303,3.3378286361694336
3,0.5,0.25,0.25,0.25,0,112,4,4,0.30330959509333777,0.3032464954491562,0.908286786541069,0.9079097241974984,0.7915753497024844,0.9083491277292126,0.907971490705844,0.7934094346634827,0.7909887969767586,0.7902758452404194,0.6000696491729003,0.7849276230002518,0.7841885630133321,0.586029113950917,0.6883116883116883,0.8162008162008161,0.025638984007359703,3.350449323654175
3,0.5,0.25,0.25,0.25,1,15,3,3,0.315870927618557,0.31601918829077646,0.739964857200733,0.7391430675807574,0.476493102656082,0.7303232410180941,0.7294623299636516,0.45744797462502,0.8332735078549995,0.8328288887203085,0.6662608393363932,0.8281626276133816,0.8276964442337125,0.6590455003918929,0.7808219178082192,0.8778008778008778,0.01132525016168507,0.10517501831054688
3,0.5,0.25,0.25,0.25,2,21,3,3,0.29728791127725174,0.2973073712175688,0.7964599900015984,0.7958463173618422,0.6257449183498832,0.8019282820082536,0.8013325861275414,0.6406540834881669,0.6523146093044464,0.6514349462179659,0.45208550297897,0.6516133272375468,0.6507295243611372,0.4508122830368131,0.6815286624203821,0.8073400033199027,0.022396037403263153,0.24569392204284668
3,0.5,0.25,0.25,0.25,3,55,3,3,0.2987750648280684,0.29875189653209566,0.7894563009729061,0.7888176692314446,0.6090757458430014,0.789789857030486,0.789150994948784,0.6112350182388241,0.6435266988800892,0.6426187242162483,0.4365243430522436,0.636218386690312,0.6352846396218612,0.42347263580084515,0.6815286624203821,0.8073400033199027,0.022994008838649695,1.463954210281372
3,0.5,0.25,0.25,0.25,4,29,3,3,0.2631863863175744,0.2635744348170929,0.7493486030660403,0.7485625405354869,0.4975617130635093,0.7595386266093844,0.7587891678710779,0.523012647821584,0.5929643377326672,0.5918881862824813,0.3289535708921697,0.5976802337166612,0.5966178608565919,0.3387811841838666,0.336734693877551,0.5005005005005004,0.10393678514458987,0.5936901569366455
3,0.5,0.25,0.25,0.25,5,46,4,4,0.3042848217540427,0.30446028467943215,0.9075030477238635,0.9071224809899361,0.7887321917624809,0.9116055475593928,0.9112424542131328,0.8049349549879696,0.7900275203691857,0.7893107041629335,0.597632408039675,0.7889606460971247,0.7882379262538328,0.5957957470317893,0.6838709677419355,0.8099702756191306,0.026875295899380834,1.2956738471984863
3,0.5,0.25,0.25,0.25,6,36,3,3,0.29582723972303343,0.2956706898560772,0.7904764725728854,0.7898414931742513,0.6114464079728974,0.7852802150932446,0.7846251091678986,0.6010060305727019,0.6448075264531996,0.6439036979318009,0.43874541557546143,0.630488902126393,0.6295363171801378,0.41386322570661177,0.6815286624203821,0.8073400033199027,0.02252039278282545,0.874075174331665
3,0.5,0.25,0.25,0.25,7,30,3,3,0.3158709276185572,0.3160191882907765,0.739964857200733,0.7391430675807574,0.476493102656082,0.7303232410180941,0.7294623299636516,0.45744797462502,0.8332735078549995,0.8328288887203085,0.6662608393363932,0.8281626276133816,0.8276964442337125,0.6590455003918929,0.7808219178082192,0.8778008778008778,0.011325250161685074,0.25543880462646484
3,0.5,0.25,0.25,0.25,8,41,3,3,0.2987750648280684,0.29875189653209566,0.7894563009729061,0.7888176692314446,0.6090757458430014,0.789789857030486,0.789150994948784,0.6112350182388241,0.6435266988800892,0.6426187242162483,0.4365243430522436,0.636218386690312,0.6352846396218612,0.42347263580084515,0.6815286624203821,0.8073400033199027,0.022994008838649695,1.0572419166564941
3,0.5,0.25,0.25,0.25,9,30,3,3,0.3129016539548131,0.31276217198390466,0.7503978476511641,0.7496157526369165,0.4999303752085892,0.7595386266093844,0.7587891678710779,0.523012647821584,0.5942922483529102,0.5932206458935332,0.3313032695545437,0.5976802337166612,0.5966178608565919,0.3387811841838666,0.7875,0.8799497171590195,0.011257093831611296,0.7410626411437988
3,0.5,0.25,0.25,0.5,0,48,2,2,0.3068011020001426,0.30680110200014254,0.5878399019601795,0.5871126581313231,0.3706193494105449,0.5879077429223252,0.5871790535706989,0.3717161405198315,0.672199343603704,0.6717035325534596,0.5329726615200185,0.6768387497441452,0.676345545785955,0.5489778408135174,0.782312925170068,0.8809830238401667,0.00711861096106578,1.2692842483520508
3,0.5,0.25,0.25,0.5,1,47,3,3,0.3158709276185572,0.3160191882907765,0.739964857200733,0.7391430675807574,0.476493102656082,0.7303232410180941,0.7294623299636516,0.45744797462502,0.8332735078549995,0.8328288887203085,0.6662608393363932,0.8281626276133816,0.8276964442337125,0.6590455003918929,0.7808219178082192,0.8778008778008778,0.011325250161685074,1.0674495697021484
3,0.5,0.25,0.25,0.5,2,36,4,4,0.28430885921053173,0.284060810452507,0.9077861546703496,0.9074068545396609,0.7897360784811976,0.9083491277292126,0.907971490705844,0.7934094346634827,0.7903747757157538,0.7896593564483267,0.5984933525969508,0.7849276230002519,0.7841885630133323,0.586029113950917,0.336734693877551,0.5005005005005004,0.10900019011335878,0.5995326042175293
3,0.5,0.25,0.25,0.5,3,110,3,3,0.2800701474966642,0.2797651948227626,0.7912521513553256,0.7906199474689949,0.6130686761259063,0.7916267295012034,0.790994464710824,0.6144266258107057,0.6457812186532956,0.6448805405867795,0.4402637862713665,0.6385505741240013,0.637624474122608,0.42645992265876403,0.336734693877551,0.5005005005005004,0.10414007873516229,2.3584706783294678
3,0.5,0.25,0.25,0.5,4,109,3,3,0.3034411497477426,0.3031720513147306,0.7919171422000004,0.7912873128296978,0.6146580667163571,0.7916267295012033,0.7909944647108239,0.6144266258107057,0.8871644058134939,0.8868776795289721,0.8294919785110026,0.8919096298303802,0.8916326823937588,0.8472089812237649,0.7018633540372671,0.8216448894414996,0.020133458155920797,2.93426251411438
3,0.5,0.25,0.25,0.5,5,16,4,4,0.30225652517010054,0.3021997676838216,0.9062134325366954,0.9058270894842647,0.7840181975146335,0.9059896953135614,0.9056014712345598,0.78488266182146,0.7884454500433647,0.7877222627828132,0.5935840403399594,0.7820038042783822,0.7812528432163193,0.5787657424083629,0.6815286624203821,0.8073400033199027,0.027917723004850688,0.11232781410217285
3,0.5,0.25,0.25,0.5,6,53,4,4,0.30428482175404264,0.3044602846794321,0.9075030477238635,0.9071224809899361,0.7887321917624809,0.9116055475593928,0.9112424542131328,0.8049349549879696,0.7900275203691857,0.7893107041629335,0.597632408039675,0.7889606460971247,0.7882379262538328,0.5957957470317893,0.6838709677419355,0.8099702756191306,0.02687529589938084,1.0799744129180908
3,0.5,0.25,0.25,0.5,7,24,3,3,0.2996560916313663,0.2994088774763781,0.7894055587341606,0.7887667457732628,0.6089106796367217,0.7889606460971244,0.7883188157233192,0.6085417084158432,0.884571929036313,0.8842779076687586,0.8229290651397652,0.8891543252970434,0.8888695855552406,0.8404468849639695,0.7018633540372671,0.8216448894414996,0.020965239338841715,0.3427700996398926
3,0.5,0.25,0.25,0.5,8,38,3,3,0.29479873514155086,0.2948250570627074,0.7964875200702813,0.7958739447619763,0.6258352922217565,0.8021489417124285,0.8015540214626932,0.6413806962628472,0.652349128612483,0.6514695757814328,0.45216951389927995,0.6518928236684518,0.6510099162702462,0.4514820116115285,0.6883116883116883,0.8162008162008161,0.020949079588693055,0.6525652408599854
3,0.5,0.25,0.25,0.5,9,31,2,2,0.30676087177327976,0.30676087177327976,0.5886439109427256,0.587918508065989,0.3721699660878811,0.5843445647456531,0.5836076786123202,0.3649394192885749,0.6730637408663831,0.6725695649254293,0.5349795162386692,0.6729934599358478,0.6724929101529477,0.5400412938889216,0.7891156462585034,0.8818945527806287,0.006635345743018439,0.6156740188598633
3,0.5,0.25,0.25,0.75,0,50,10,4,0.17002808519377163,0.292618108299185,0.7599227350497106,0.757429906018166,0.5998226310707142,0.9037907607564276,0.9033926442098374,0.7752391372397232,0.6522465059884125,0.6493135739940192,0.42481019117662067,0.7792775881454951,0.7785155100165547,0.5705119925521072,0.3333333333333333,0.43263602585636485,1.0970541327614516,1.0637426376342773
3,0.5,0.25,0.25,0.75,1,116,10,4,0.17012591418668463,0.2926367298822012,0.7576474212243497,0.7551309665972663,0.5971175436416086,0.9037907607564276,0.9033926442098374,0.7752391372397232,0.6497736260761872,0.6468198379617613,0.4225118849412514,0.7792775881454951,0.7785155100165547,0.5705119925521072,0.3333333333333333,0.43263602585636485,1.0970541327614514,2.565286159515381
3,0.5,0.25,0.25,0.75,2,115,10,4,0.1515554241378674,0.25809242890238204,0.6800283343136934,0.6766307846067416,0.500705314778557,0.9037907607564276,0.9033926442098374,0.7752391372397232,0.562862107953626,0.5590858817749212,0.3398329243507046,0.7792775881454947,0.7785155100165544,0.5705119925521072,0.3333333333333333,0.555,1.109411746338827,2.412243366241455
3,0.5,0.25,0.25,0.75,3,46,3,3,0.2800701474966646,0.2797651948227625,0.7912521513553256,0.7906199474689949,0.6130686761259063,0.7916267295012034,0.790994464710824,0.6144266258107057,0.6457812186532956,0.6448805405867795,0.4402637862713665,0.6385505741240013,0.637624474122608,0.42645992265876403,0.336734693877551,0.5005005005005004,0.10414007873516229,1.1310701370239258
3,0.5,0.25,0.25,0.75,4,26,10,4,0.16540688868619005,0.28668639050963324,0.7641814756298734,0.7617302365816708,0.5884392647772787,0.8974063685419958,0.8969792788487174,0.7526454569778374,0.6567531408046782,0.653854852204791,0.41516011875770414,0.7713552409379785,0.7705605424897544,0.5510101485183012,0.3333333333333333,0.43263602585636485,1.0995184296200697,0.4497840404510498
3,0.5,0.25,0.25,0.75,5,39,10,3,0.14673328957177925,0.29428092205962314,0.6713673717446867,0.6678625505898376,0.5130731071682656,0.7889606460971244,0.7883188157233192,0.6085417084158432,0.6771036389570962,0.6743010424357829,0.5862827014226921,0.8891543252970434,0.8888695855552406,0.8404468849639695,0.3333333333333333,0.4804804804804805,1.1757616362705172,0.7920243740081787
3,0.5,0.25,0.25,0.75,6,217,10,4,0.17798648474673012,0.29984833236950453,0.771629255914931,0.7692751384320388,0.6271588801639496,0.9083491277292126,0.907971490705844,0.7934094346634827,0.665781981337432,0.6629852499422507,0.4476188559016557,0.7849276230002518,0.7841885630133321,0.586029113950917,0.3333333333333333,0.541895278737384,1.0164979492160022,4.732587814331055
3,0.5,0.25,0.25,0.75,7,26,10,4,0.1688001329307885,0.2879235817369375,0.7690076668018843,0.7666159181493719,0.6097175309717466,0.9116055475593928,0.9112424542131328,0.8049349549879696,0.6624384351387446,0.6596001265341543,0.43309491379548726,0.7889606460971247,0.7882379262538328,0.5957957470317893,0.3333333333333333,0.43263602585636485,1.0960085298991518,0.7125229835510254
3,0.5,0.25,0.25,0.75,8,30,10,3,0.14682919525547666,0.29417601097810797,0.6686040329479648,0.6650708474247653,0.5100999340413456,0.792676458447326,0.7920479364188314,0.6178455857756018,0.5499173593406684,0.5460121593721705,0.3477265134145523,0.6398829605162115,0.6389611927460443,0.42965422834092154,0.3333333333333333,0.541895278737384,1.134694769407918,0.8056743144989014
3,0.5,0.25,0.25,0.75,9,39,10,3,0.1460478267768397,0.2920427636416306,0.6408763521398436,0.6370496522682443,0.4764440182675261,0.7852802150932446,0.7846251091678986,0.6010060305727019,0.5197903032029729,0.5156261950302997,0.31873770498440707,0.630488902126393,0.6295363171801378,0.41386322570661177,0.3333333333333333,0.4917809795858576,1.1734989346069964,1.1673274040222168
3,0.5,0.25,0.25,1.0,0,49,10,4,0.11629014124083772,0.20995256005288154,0.6353792793728891,0.6316098766921029,0.4361515293940308,0.9137594533047027,0.9134059329538328,0.8127690521941776,0.5199141101818537,0.5158828313830593,0.2860864852321358,0.7916267295012032,0.7909147573609078,0.602400964174539,0.24242424242424243,0.36036036036036034,2.0863642514924994,1.4303760528564453
3,0.5,0.25,0.25,1.0,1,112,10,3,0.09542914613961404,0.21651700409049035,0.4944384513453054,0.48906940307063196,0.32112037324423487,0.7375733655715297,0.7367405406672015,0.4724246305454723,0.45200816152427864,0.44727121058613906,0.28658273393210765,0.8357447021357429,0.8353020509100346,0.6777225590952062,0.2,0.286000286000286,2.265572365197994,2.6036953926086426
3,0.5,0.25,0.25,1.0,2,43,10,4,0.13347469618378882,0.2247726704588708,0.6520627918842403,0.6485035851657136,0.49325096324672424,0.9059896953135614,0.9056014712345598,0.78488266182146,0.5365693699043533,0.5327219825394545,0.3349104953384245,0.7820038042783822,0.7812528432163193,0.5787657424083629,0.24242424242424243,0.36036036036036034,1.989083021637934,1.2639484405517578
3,0.5,0.25,0.25,1.0,3,67,10,4,0.1476310923208285,0.2806856169256849,0.6752239809784683,0.671973698486255,0.5392099437279261,0.897406368541996,0.8969792788487176,0.7526454569778374,0.6908191944836877,0.688311990486047,0.5512201749418796,1.0,1.0,1.0,0.24242424242424243,0.42229729729729726,1.6807980502642819,1.681699275970459
3,0.5,0.25,0.25,1.0,4,110,10,4,0.14337261156702238,0.2743353492031394,0.6930373302943025,0.6899388353441666,0.5297062229350301,0.9000920107272863,0.8996771460213145,0.7622414951112423,0.5825097268516165,0.5790927635648961,0.365828781885426,0.7746891130677099,0.7739081836339227,0.5593213086866492,0.24242424242424243,0.3702332469455757,1.779660030094493,3.4712588787078857
3,0.5,0.25,0.25,1.0,5,113,10,5,0.17394839783130286,0.28534368420538325,0.8027077203848011,0.8007745400508615,0.6974405899626648,1.0,1.0,1.0,0.7131061622093543,0.7108317106692684,0.5088525413523071,0.8974063685419956,0.8969792788487173,0.7526454569778374,0.24242424242424243,0.4888182818037394,1.4465518320100013,3.530280590057373
3,0.5,0.25,0.25,1.0,6,55,10,3,0.1233961345314189,0.28673606894020537,0.6077010325640134,0.6036835091766437,0.46167672614094596,0.7916267295012033,0.7909944647108239,0.6144266258107057,0.5988643255954943,0.5955300608877054,0.46293048626016936,0.8919096298303802,0.8916326823937588,0.8472089812237649,0.24242424242424243,0.38262200424362586,1.9862330516339441,1.266643762588501
3,0.5,0.25,0.25,1.0,7,33,10,4,0.1257106045829751,0.24810728810865784,0.6265236147937956,0.6227862940365709,0.47936451133257385,0.897406368541996,0.8969792788487176,0.7526454569778374,0.6380358786330075,0.6351009353002937,0.5017574628590508,1.0,1.0,1.0,0.24242424242424243,0.42229729729729726,1.6804304775704257,0.6362881660461426
3,0.5,0.25,0.25,1.0,8,33,10,4,0.14330894720730028,0.2778747874062486,0.684310889225016,0.6811589364232644,0.534645997168904,0.9083491277292126,0.907971490705844,0.7934094346634827,0.6328543551776892,0.6298846093988693,0.41871573142716195,0.7849276230002519,0.7841885630133323,0.586029113950917,0.24242424242424243,0.4504504504504504,1.680430822171989,0.5580847263336182
3,0.5,0.25,0.25,1.0,9,57,10,4,0.1474198007751621,0.27482780756210445,0.6897639978338839,0.6866592284320892,0.5530284269556549,0.897406368541996,0.8969792788487176,0.7526454569778374,0.6916438865279557,0.6891433701097291,0.551876125965107,1.0,1.0,1.0,0.24242424242424243,0.42229729729729726,1.6807980502642823,1.358238697052002
3,0.5,0.25,0.5,0.0,0,30,3,3,0.2958169263669709,0.29549993660125556,0.7903747757157535,0.7897394336368198,0.6111150880111534,0.7849276230002521,0.7842712471813089,0.5998687124749003,0.8855725162926756,0.8852813143799497,0.8254485204470364,0.884983406868874,0.884686800044098,0.830441303607371,0.7018633540372671,0.8216448894414996,0.020495662644816816,0.6887965202331543
3,0.5,0.25,0.5,0.0,1,48,3,3,0.29505135991277176,0.2953021663146494,0.7893604470334368,0.7887214729506181,0.6087639900510177,0.7889606460971246,0.7883188157233194,0.6085417084158432,0.6434063406841896,0.6424979775415118,0.4362320611924765,0.6351652836494971,0.6342280982950598,0.42094768363328244,0.6838709677419355,0.8099702756191306,0.022377389010080344,1.2502422332763672
3,0.5,0.25,0.5,0.0,2,34,3,3,0.3034411497477426,0.3031720513147306,0.7919171422000004,0.7912873128296978,0.6146580667163571,0.7916267295012033,0.7909944647108239,0.6144266258107057,0.8871644058134939,0.8868776795289721,0.8294919785110026,0.8919096298303802,0.8916326823937588,0.8472089812237649,0.7018633540372671,0.8216448894414996,0.020133458155920797,0.6263785362243652
3,0.5,0.25,0.5,0.0,3,15,4,4,0.3042848217540426,0.30446028467943187,0.9075030477238635,0.9071224809899361,0.7887321917624809,0.9116055475593928,0.9112424542131328,0.8049349549879696,0.7900275203691857,0.7893107041629335,0.597632408039675,0.7889606460971244,0.7882379262538325,0.5957957470317893,0.6838709677419355,0.8099702756191306,0.026875295899380834,0.11523056030273438
3,0.5,0.25,0.5,0.0,4,29,3,3,0.31164303676596344,0.31171724552657604,0.7354729417434915,0.734633884876582,0.4668474983380486,0.7250071641342934,0.7241254949570672,0.44647024161769056,0.8285876433343167,0.8281286458472752,0.6544238835522656,0.8225957765145105,0.8221121462071457,0.6452535784679942,0.7671232876712328,0.8758356164383563,0.013201697032822396,0.4646754264831543
3,0.5,0.25,0.5,0.0,5,14,4,4,0.3042848217540426,0.304460284679432,0.9075030477238635,0.9071224809899361,0.7887321917624809,0.9116055475593928,0.9112424542131328,0.8049349549879696,0.7900275203691858,0.7893107041629336,0.597632408039675,0.7889606460971247,0.7882379262538328,0.5957957470317893,0.6838709677419355,0.8099702756191306,0.02687529589938084,0.10105586051940918
3,0.5,0.25,0.5,0.0,6,44,3,3,0.29218812907527586,0.2924978798475079,0.7964944021672811,0.7958808511897366,0.6258578876687111,0.8021489417124285,0.8015540214626932,0.6413806962628472,0.652357757883099,0.6514782326134035,0.45219051787202735,0.6518928236684518,0.6510099162702462,0.4514820116115285,0.6838709677419355,0.8099702756191306,0.02171581478668931,0.9662272930145264
3,0.5,0.25,0.5,0.0,7,51,3,3,0.3000960427427212,0.3000665763030945,0.7919954100813236,0.7913658592256422,0.6149134768877957,0.7926764584473263,0.7920479364188315,0.6178455857756018,0.6467140735940204,0.6458164057367728,0.44198892731327694,0.6398829605162114,0.6389611927460443,0.42965422834092154,0.6883116883116883,0.8162008162008161,0.0207152698411587,1.410327672958374
3,0.5,0.25,0.5,0.0,8,37,3,3,0.3000960427427214,0.30006657630309463,0.7919954100813236,0.7913658592256422,0.6149134768877957,0.7926764584473263,0.7920479364188315,0.6178455857756018,0.6467140735940204,0.6458164057367728,0.44198892731327694,0.6398829605162116,0.6389611927460445,0.42965422834092154,0.6883116883116883,0.8162008162008161,0.020715269841158707,0.8479218482971191
3,0.5,0.25,0.5,0.0,9,26,3,3,0.30811888854449265,0.3080530431682622,0.7461107003054039,0.7453123569877191,0.4903684174293556,0.7548712966501103,0.7541043224033086,0.5123044922655382,0.588864732068767,0.5877744920517138,0.3218000928493024,0.5917125005777004,0.5906296552873526,0.3282155413169091,0.7671232876712328,0.8758356164383563,0.013148153825505954,0.5540332794189453
3,0.5,0.25,0.5,0.25,0,49,3,3,0.3000960427427212,0.3000665763030945,0.7919954100813236,0.7913658592256422,0.6149134768877957,0.7926764584473263,0.7920479364188315,0.6178455857756018,0.6467140735940204,0.6458164057367728,0.44198892731327694,0.6398829605162116,0.6389611927460445,0.42965422834092154,0.6883116883116883,0.8162008162008161,0.020715269841158693,1.3511123657226562
3,0.5,0.25,0.5,0.25,1,38,4,4,0.3075619917035831,0.3073762154095662,0.902462641840836,0.9020594281071008,0.7700580044778049,0.897406368541996,0.8969792788487176,0.7526454569778374,1.0,1.0,1.0,1.0,1.0,1.0,0.7018633540372671,0.8216448894414996,0.02565514375750834,0.9143896102905273
3,0.5,0.25,0.5,0.25,2,35,3,3,0.2996560916313663,0.2994088774763781,0.7894055587341606,0.7887667457732628,0.6089106796367217,0.7889606460971244,0.7883188157233192,0.6085417084158432,0.884571929036313,0.8842779076687586,0.8229290651397652,0.8891543252970434,0.8888695855552406,0.8404468849639695,0.7018633540372671,0.8216448894414996,0.020965239338841715,0.6514058113098145
3,0.5,0.25,0.5,0.25,3,41,3,3,0.3000960427427212,0.3000665763030945,0.7919954100813236,0.7913658592256422,0.6149134768877957,0.7926764584473263,0.7920479364188315,0.6178455857756018,0.6467140735940204,0.6458164057367728,0.44198892731327694,0.6398829605162114,0.6389611927460443,0.42965422834092154,0.6883116883116883,0.8162008162008161,0.0207152698411587,0.7343254089355469
3,0.5,0.25,0.5,0.25,4,49,4,4,0.30330959509333777,0.30324649544915616,0.908286786541069,0.9079097241974984,0.7915753497024844,0.9083491277292126,0.907971490705844,0.7934094346634827,0.7909887969767587,0.7902758452404195,0.6000696491729003,0.7849276230002519,0.7841885630133323,0.586029113950917,0.6883116883116883,0.8162008162008161,0.025638984007359707,0.5787093639373779
3,0.5,0.25,0.5,0.25,5,16,4,4,0.30225652517010054,0.30219976768382173,0.9062134325366955,0.9058270894842648,0.7840181975146335,0.9059896953135614,0.9056014712345598,0.78488266182146,0.7884454500433649,0.7877222627828133,0.5935840403399594,0.7820038042783822,0.7812528432163193,0.5787657424083629,0.6815286624203821,0.8073400033199027,0.027917723004850695,0.08193159103393555
3,0.5,0.25,0.5,0.25,6,28,3,3,0.29505135991277176,0.2953021663146493,0.7893604470334368,0.7887214729506181,0.6087639900510177,0.7889606460971246,0.7883188157233194,0.6085417084158432,0.6434063406841896,0.6424979775415118,0.4362320611924765,0.6351652836494971,0.6342280982950598,0.42094768363328244,0.6838709677419355,0.8099702756191306,0.022377389010080344,0.48253679275512695
3,0.5,0.25,0.5,0.25,7,17,5,5,0.29615108835549186,0.2959491323549751,1.0,1.0,1.0,1.0,1.0,1.0,0.902462641840836,0.9020594281071008,0.7700580044778049,0.8974063685419956,0.8969792788487173,0.7526454569778374,0.336734693877551,0.5005005005005004,0.11415967122605032,0.20109796524047852
3,0.5,0.25,0.5,0.25,8,26,10,4,0.18383265297347218,0.28905343482249096,0.760646775842675,0.7580994474001966,0.6360833833964593,0.9037907607564276,0.9033926442098374,0.7752391372397232,0.6560484495811284,0.6530717874348094,0.45662770582232076,0.7792775881454947,0.7785155100165544,0.5705119925521072,0.1951219512195122,0.32247012112783924,0.5494886835907244,0.41913676261901855
3,0.5,0.25,0.5,0.25,9,15,4,4,0.3075619917035833,0.3073762154095663,0.902462641840836,0.9020594281071008,0.7700580044778049,0.897406368541996,0.8969792788487176,0.7526454569778374,0.9999999999999998,0.9999999999999998,1.0,1.0,1.0,1.0,0.7018633540372671,0.8216448894414996,0.025655143757508343,0.13693594932556152
3,0.5,0.25,0.5,0.5,0,23,10,4,0.16535320551629823,0.2862688043919202,0.7607720747128556,0.7583021023386337,0.6089202376405707,0.9137594533047027,0.9134059329538328,0.8127690521941776,0.6697861836835644,0.6670181894138909,0.43650795467214665,0.7916267295012033,0.7909147573609079,0.602400964174539,0.24242424242424243,0.36126351915825594,0.48645491980496547,0.3858625888824463
3,0.5,0.25,0.5,0.5,1,117,10,4,0.16711912588234773,0.2871054679086016,0.755029559803376,0.7524862110658936,0.5828334059643823,0.9137594533047027,0.9134059329538328,0.8127690521941776,0.6469395455888218,0.6439622125126835,0.4103775645081885,0.7916267295012033,0.7909147573609079,0.602400964174539,0.24242424242424243,0.36126351915825594,0.4989111025479155,3.431781768798828
3,0.5,0.25,0.5,0.5,2,53,4,4,0.3022565251701007,0.30219976768382184,0.9062134325366954,0.9058270894842647,0.7840181975146335,0.9059896953135614,0.9056014712345598,0.78488266182146,0.7884454500433647,0.7877222627828132,0.5935840403399594,0.7820038042783822,0.7812528432163193,0.5787657424083629,0.6815286624203821,0.8073400033199027,0.027917723004850688,0.9881925582885742
3,0.5,0.25,0.5,0.5,3,28,3,3,0.2958169263669709,0.29549993660125573,0.7903747757157535,0.7897394336368198,0.6111150880111534,0.7849276230002521,0.7842712471813089,0.5998687124749003,0.8855725162926756,0.8852813143799497,0.8254485204470364,0.884983406868874,0.884686800044098,0.830441303607371,0.7018633540372671,0.8216448894414996,0.02049566264481683,0.48801398277282715
3,0.5,0.25,0.5,0.5,4,65,10,4,0.1607424013063142,0.2818327964196498,0.7533994003990112,0.7508379239494102,0.583393447985844,0.8974063685419958,0.8969792788487174,0.7526454569778374,0.6451136385607306,0.6421193843523857,0.4108614050615917,0.7713552409379785,0.7705605424897544,0.5510101485183012,0.24242424242424243,0.36126351915825594,0.4887741980047877,1.9577724933624268
3,0.5,0.25,0.5,0.5,5,34,4,4,0.30225652517010065,0.30219976768382184,0.9062134325366954,0.9058270894842647,0.7840181975146335,0.9059896953135614,0.9056014712345598,0.78488266182146,0.7884454500433647,0.7877222627828132,0.5935840403399594,0.7820038042783822,0.7812528432163193,0.5787657424083629,0.6815286624203821,0.8073400033199027,0.027917723004850695,0.7514190673828125
3,0.5,0.25,0.5,0.5,6,24,3,3,0.31989001230886466,0.31988146072674895,0.7382712632211267,0.7374429749388643,0.4728567797325691,0.7375733655715295,0.7367405406672014,0.4724246305454723,0.831507283795988,0.8310572568623777,0.6618054094433068,0.8357447021357427,0.8353020509100345,0.6777225590952062,0.7671232876712328,0.8758356164383563,0.012278092073757303,0.5595846176147461
3,0.5,0.25,0.5,0.5,7,47,4,4,0.30428482175404264,0.30446028467943204,0.9075030477238635,0.9071224809899361,0.7887321917624809,0.9116055475593928,0.9112424542131328,0.8049349549879696,0.7900275203691858,0.7893107041629336,0.597632408039675,0.7889606460971244,0.7882379262538325,0.5957957470317893,0.6838709677419355,0.8099702756191306,0.026875295899380834,1.0426957607269287
3,0.5,0.25,0.5,0.5,8,50,10,4,0.1347420970538047,0.22174779803738093,0.6723563622476293,0.6688618180187031,0.4745547642898368,0.8974063685419958,0.8969792788487174,0.7526454569778374,0.5539548424042067,0.5500830333964807,0.3169702742984928,0.7713552409379785,0.7705605424897544,0.5510101485183012,0.24242424242424243,0.36126351915825594,0.5325356074912015,1.0244035720825195
3,0.5,0.25,0.5,0.5,9,33,3,3,0.3000960427427214,0.30006657630309463,0.7919954100813236,0.7913658592256422,0.6149134768877957,0.7926764584473263,0.7920479364188315,0.6178455857756018,0.6467140735940204,0.6458164057367728,0.44198892731327694,0.6398829605162116,0.6389611927460445,0.42965422834092154,0.6883116883116883,0.8162008162008161,0.020715269841158707,0.7725286483764648
3,0.5,0.25,0.5,0.75,0,40,5,5,0.29615108835549186,0.29594913235497516,1.0,1.0,1.0,1.0,1.0,1.0,0.9024626418408362,0.9020594281071009,0.7700580044778049,0.8974063685419956,0.8969792788487173,0.7526454569778374,0.336734693877551,0.5005005005005004,0.11415967122605031,1.067631721496582
3,0.5,0.25,0.5,0.75,1,110,10,3,0.12818114744035122,0.2936559655644525,0.6205883945494827,0.6165746261240151,0.4096537656788884,0.7595386266093844,0.7587891678710779,0.523012647821584,0.5171911354401263,0.5130346715682176,0.26442014446244283,0.5976802337166612,0.5966178608565919,0.3387811841838666,0.3333333333333333,0.49900199600798395,0.7970919371024553,3.5079236030578613
3,0.5,0.25,0.5,0.75,2,78,10,4,0.1362954285979372,0.25407098914145215,0.6971073140628998,0.6939969618503016,0.4997752054573061,0.9083491277292126,0.907971490705844,0.7934094346634827,0.5850582131810409,0.5815992266228512,0.34022630769297785,0.7849276230002518,0.7841885630133321,0.586029113950917,0.24,0.3481742612177395,0.8957930459880679,1.6436269283294678
3,0.5,0.25,0.5,0.75,3,26,5,5,0.2961510883554918,0.29594913235497505,1.0,1.0,1.0,1.0,1.0,1.0,0.902462641840836,0.9020594281071008,0.7700580044778049,0.8974063685419956,0.8969792788487173,0.7526454569778374,0.336734693877551,0.5005005005005004,0.11415967122605031,0.6581695079803467
3,0.5,0.25,0.5,0.75,4,54,10,4,0.15889449092568816,0.2963247248783742,0.7412285302821753,0.7386031148190684,0.5797937185809876,0.897406368541996,0.8969792788487176,0.7526454569778374,0.7579402255340154,0.7559482104945676,0.6503068632876133,1.0,1.0,1.0,0.3333333333333333,0.49900199600798395,0.7466715774889023,1.6299018859863281
3,0.5,0.25,0.5,0.75,5,44,10,4,0.14584036995028285,0.27169823767578277,0.7029265251685128,0.6998657162419681,0.49735825136416695,0.8974063685419958,0.8969792788487174,0.7526454569778374,0.590875251484209,0.5874519040450005,0.3374090957113871,0.7713552409379785,0.7705605424897544,0.5510101485183012,0.3137254901960784,0.4710592945887063,0.7625730304450045,1.0584774017333984
3,0.5,0.25,0.5,0.75,6,26,10,3,0.12707937970102248,0.28863462963353864,0.647393615789533,0.6437479919312057,0.5013026706006491,0.7926764584473263,0.7920479364188315,0.6178455857756018,0.5364393388226943,0.5325465052291687,0.34218912686446373,0.6398829605162116,0.6389611927460445,0.42965422834092154,0.3333333333333333,0.49900199600798395,0.763674263894651,0.41689157485961914
3,0.5,0.25,0.5,0.75,7,27,10,4,0.15965701173326666,0.3015060018528603,0.7601264814190053,0.7577069676318491,0.5900209101076433,0.9116055475593928,0.9112424542131328,0.8049349549879696,0.6746241879681583,0.671963343937054,0.4283346762366022,0.7889606460971247,0.7882379262538328,0.5957957470317893,0.3333333333333333,0.49900199600798395,0.7167454282702317,0.5280766487121582
3,0.5,0.25,0.5,0.75,8,109,10,4,0.14988288192000185,0.2858047207397281,0.7461049742024776,0.7435410378742331,0.5812883376323238,0.9137594533047027,0.9134059329538328,0.8127690521941776,0.6576817883306818,0.6548788696547113,0.4145053676590317,0.7916267295012033,0.7909147573609079,0.602400964174539,0.3137254901960784,0.410667077333744,0.782392545129939,2.3400325775146484
3,0.5,0.25,0.5,0.75,9,51,10,4,0.12046938409812122,0.2226189140525874,0.6549518293970005,0.6513799738277178,0.4592816137789655,0.8974063685419958,0.8969792788487174,0.7526454569778374,0.5549149635972545,0.5511723279596309,0.31005138873787874,0.7713552409379785,0.7705605424897544,0.5510101485183012,0.3137254901960784,0.42520396502697383,0.8797619452850274,1.3188045024871826
3,0.5,0.25,0.5,1.0,0,37,10,4,0.13108167649546207,0.2728196027227746,0.6948875828799623,0.691893151106272,0.5276267999502421,0.9116055475593928,0.9112424542131328,0.8049349549879696,0.6093128804079349,0.6062098445931906,0.37529629427122474,0.7889606460971247,0.7882379262538328,0.5957957470317893,0.24242424242424243,0.4202122071646181,1.1675610077953074,1.030564308166504
3,0.5,0.25,0.5,1.0,1,59,10,3,0.10204879953215877,0.27938835055231015,0.574011661967653,0.5697471018039889,0.41666170615765213,0.7889606460971244,0.7883188157233192,0.6085417084158432,0.5801374498125961,0.5767309411901285,0.42638780597176873,0.8891543252970434,0.8888695855552406,0.8404468849639695,0.24242424242424243,0.41291291291291293,1.3881340925655168,1.8087565898895264
3,0.5,0.25,0.5,1.0,2,44,10,3,0.1061720207724763,0.2742460324436006,0.6136515559504006,0.6097799684912301,0.44722119195752225,0.792676458447326,0.7920479364188314,0.6178455857756018,0.4971593802960385,0.4930752313814462,0.2973227665392664,0.6398829605162115,0.6389611927460443,0.42965422834092154,0.24242424242424243,0.38887808671981333,1.3989869119265073,1.277890682220459
3,0.5,0.25,0.5,1.0,3,37,10,4,0.12649534185917727,0.2660743152912313,0.6778747366728519,0.6746790492995468,0.5087894970204241,0.8974063685419958,0.8969792788487174,0.7526454569778374,0.5702734479897433,0.5668204945913498,0.34912651506038583,0.7713552409379785,0.7705605424897544,0.5510101485183012,0.24242424242424243,0.3847263633740502,1.2727583017162631,1.2909181118011475
3,0.5,0.25,0.5,1.0,4,114,10,5,0.13330272039273952,0.22306255453780136,0.7060996447073409,0.7032030344392913,0.5242478607494857,1.0,1.0,1.0,0.5991851837320279,0.595987206393558,0.3619313150206684,0.897406368541996,0.8969792788487176,0.7526454569778374,0.24242424242424243,0.39798834979557873,1.291186622752143,2.7420966625213623
3,0.5,0.25,0.5,1.0,5,1000,10,3,0.10264795065690066,0.2720880711474822,0.5595381768840423,0.5551251449734497,0.39615844587536425,0.7921997857472497,0.7915695648752535,0.6162892627615703,0.4467236606709975,0.4422307710444557,0.25606824626340974,0.6392779718964172,0.6383542378752756,0.4282009089578253,0.24242424242424243,0.3916960438699569,1.4011913830435256,22.193945169448853
3,0.5,0.25,0.5,1.0,6,53,10,4,0.1290678065016064,0.2701053611318735,0.6893372092826392,0.6862633612632473,0.5225434011336578,0.9116055475593928,0.9112424542131328,0.8049349549879696,0.6035561847638476,0.6003797112987903,0.36710106801206943,0.7889606460971247,0.7882379262538328,0.5957957470317893,0.24242424242424243,0.40489928130377567,1.2716840471529387,1.5980875492095947
3,0.5,0.25,0.5,1.0,7,37,10,5,0.15060453501378665,0.2653262958571557,0.7529881187067929,0.7505965032289479,0.6115214707614061,1.0,1.0,1.0,0.6732791729307679,0.6707214896617868,0.4435630532867848,0.897406368541996,0.8969792788487176,0.7526454569778374,0.24242424242424243,0.4202122071646181,1.0744157955560234,1.0675873756408691
3,0.5,0.25,0.5,1.0,8,22,10,4,0.12556054017976875,0.27224249105736203,0.6860035015065808,0.6828971830747933,0.5240583622191396,0.8974063685419958,0.8969792788487174,0.7526454569778374,0.5938696907546387,0.5906161860672048,0.36671502619506585,0.7713552409379785,0.7705605424897544,0.5510101485183012,0.24242424242424243,0.40642145905303795,1.2675255220763981,0.533759593963623
3,0.5,0.25,0.5,1.0,9,38,10,3,0.09860432037170767,0.2735685242069078,0.5874515864885393,0.5833327631017713,0.41872841627431745,0.8019282820082536,0.8013325861275414,0.6406540834881669,0.5003830328950627,0.49634127422229046,0.2879154493465034,0.6516133272375468,0.6507295243611372,0.4508122830368131,0.24242424242424243,0.4202122071646181,1.388820485722118,1.0402874946594238
3,0.5,0.25,0.75,0.0,0,30,4,4,0.3075619917035831,0.3073762154095662,0.902462641840836,0.9020594281071008,0.7700580044778049,0.897406368541996,0.8969792788487176,0.7526454569778374,1.0,1.0,1.0,1.0,1.0,1.0,0.7018633540372671,0.8216448894414996,0.025655143757508353,0.5409464836120605
3,0.5,0.25,0.75,0.0,1,19,10,3,0.159217047392525,0.29151982456223957,0.6430211954328469,0.639053979574797,0.4835646366953542,0.7849276230002521,0.7842712471813089,0.5998687124749003,0.6767165936981061,0.6737854131111493,0.6097121580648887,0.884983406868874,0.884686800044098,0.830441303607371,0,0.0,inf,0.46189117431640625
3,0.5,0.25,0.75,0.0,2,14,4,4,0.30330959509333777,0.3032464954491562,0.908286786541069,0.9079097241974984,0.7915753497024844,0.9083491277292126,0.907971490705844,0.7934094346634827,0.7909887969767586,0.7902758452404194,0.6000696491729003,0.7849276230002519,0.7841885630133323,0.586029113950917,0.6883116883116883,0.8162008162008161,0.02563898400735969,0.10474944114685059
3,0.5,0.25,0.75,0.0,3,39,10,3,0.16054194580636705,0.31641129685774333,0.6083733427816247,0.6038649711727413,0.358740653088513,0.7303232410180941,0.7294623299636516,0.45744797462502,0.6489836812070455,0.6456763770092,0.46228331109017845,0.8281626276133816,0.8276964442337125,0.6590455003918929,0,0.0,inf,1.045478343963623
3,0.5,0.25,0.75,0.0,4,91,10,4,0.17184072093738106,0.2749660557750913,0.7323266749933399,0.7294825467629645,0.6065616562779597,0.9116055475593928,0.9112424542131328,0.8049349549879696,0.6313057633987769,0.6281205507982973,0.4328303059556762,0.7889606460971247,0.7882379262538328,0.5957957470317893,0,0.0,inf,2.7570927143096924
3,0.5,0.25,0.75,0.0,5,26,10,3,0.16213236957675295,0.3202732344856251,0.6087645037037788,0.6042547904708632,0.3613170606571393,0.7375733655715297,0.7367405406672015,0.4724246305454723,0.6453815802741709,0.6420356043797302,0.4886629540599013,0.8357447021357429,0.8353020509100346,0.6777225590952062,0,0.0,inf,0.724128007888794
3,0.5,0.25,0.75,0.0,6,34,10,4,0.16657096040836586,0.23682431319105396,0.6808181870158859,0.6772744695109314,0.490400720734017,0.9059896953135614,0.9056014712345598,0.78488266182146,0.5588581010965952,0.5548625260626013,0.32937631359263364,0.7820038042783822,0.7812528432163193,0.5787657424083629,0,0.0,inf,0.7998003959655762
3,0.5,0.25,0.75,0.0,7,134,3,3,0.2910133598687309,0.29085364298856226,0.7638413945705022,0.763127583147636,0.6004285118986618,0.7852802150932446,0.7846251091678986,0.6010060305727019,0.6153870992541152,0.6144112790609785,0.4282657080354064,0.630488902126393,0.6295363171801378,0.41386322570661177,0.6178343949044586,0.7507507507507507,0.03700646523665785,3.422497510910034
3,0.5,0.25,0.75,0.0,8,33,4,4,0.30225652517010054,0.3021997676838216,0.9062134325366954,0.9058270894842647,0.7840181975146335,0.9059896953135614,0.9056014712345598,0.78488266182146,0.7884454500433647,0.7877222627828132,0.5935840403399594,0.7820038042783822,0.7812528432163193,0.5787657424083629,0.6815286624203821,0.8073400033199027,0.0279177230048507,0.7241818904876709
3,0.5,0.25,0.75,0.0,9,24,4,4,0.30428482175404253,0.30446028467943204,0.9075030477238635,0.9071224809899361,0.7887321917624809,0.9116055475593928,0.9112424542131328,0.8049349549879696,0.7900275203691858,0.7893107041629336,0.597632408039675,0.7889606460971244,0.7882379262538325,0.5957957470317893,0.6838709677419355,0.8099702756191306,0.026875295899380834,0.5601892471313477
3,0.5,0.25,0.75,0.25,0,32,2,2,0.29845323867529133,0.2984532386752915,0.5923035749787092,0.5915865303510878,0.37932760189374876,0.5936479709519707,0.5929324165216566,0.3829540138806239,0.39101841460643294,0.3901006933621116,0.20787198190896172,0.3819083766433755,0.38096954587584214,0.19536854482611762,0.7843137254901961,0.8789277081960007,0.007257943273368768,0.7469265460968018
3,0.5,0.25,0.75,0.25,1,25,2,2,0.30254059460160804,0.3025405946016079,0.5933918153386777,0.5926772493795246,0.3814880303054271,0.5976802337166613,0.5969738544387009,0.39109438552078163,0.3924399607337398,0.39152520480717656,0.21015328256567536,0.3872439306503139,0.3863163273739962,0.2040240706420313,0.7922077922077922,0.8828105213647383,0.006759186942310813,0.6505742073059082
3,0.5,0.25,0.75,0.25,2,126,10,3,0.14414198766920922,0.29822106633587,0.6589247532932162,0.6552941157543399,0.47736010538193785,0.8019282820082536,0.8013325861275414,0.6406540834881669,0.5395760340477017,0.5355879512697679,0.31960360446318214,0.6516133272375468,0.6507295243611372,0.4508122830368131,0.2631578947368421,0.3780759176442629,1.1896450645528955,3.0146324634552
3,0.5,0.25,0.75,0.25,3,110,10,4,0.14460503642373884,0.23702241836431925,0.671419833302406,0.6679092157823547,0.4612975167006533,0.9116055475593928,0.9112424542131328,0.8049349549879696,0.5527213257394593,0.5488315213724642,0.30542210937430014,0.7889606460971247,0.7882379262538328,0.5957957470317893,0.3333333333333333,0.555,1.1258267274874645,3.4307117462158203
3,0.5,0.25,0.75,0.25,4,47,10,4,0.14689915615124485,0.24782942040258027,0.6825754170840749,0.6792019438760967,0.49000348660096743,0.897406368541996,0.8969792788487176,0.7526454569778374,0.7221996842099523,0.7197976083364358,0.6236730372555679,1.0,1.0,1.0,0.3333333333333333,0.555,1.108316920946363,1.3447144031524658
3,0.5,0.25,0.75,0.25,5,15,4,4,0.30330959509333777,0.30324649544915616,0.908286786541069,0.9079097241974984,0.7915753497024844,0.9083491277292126,0.907971490705844,0.7934094346634827,0.7909887969767587,0.7902758452404195,0.6000696491729003,0.7849276230002519,0.7841885630133323,0.586029113950917,0.6883116883116883,0.8162008162008161,0.025638984007359707,0.1674175262451172
3,0.5,0.25,0.75,0.25,6,59,10,4,0.15604471069461473,0.27842411631733616,0.7494424927051607,0.7468629056413876,0.6266096707171486,0.9116055475593928,0.9112424542131328,0.8049349549879696,0.6418254905308307,0.6388323523216137,0.44708655440915523,0.7889606460971244,0.7882379262538325,0.5957957470317893,0.2926829268292683,0.4590577838985482,1.026131381625283,1.782118797302246
3,0.5,0.25,0.75,0.25,7,25,10,4,0.14452655467161543,0.23053810875855588,0.6690558028669467,0.6655153569120367,0.4571975321332671,0.9083491277292126,0.907971490705844,0.7934094346634827,0.5499849707267187,0.5460658912741809,0.3017637252069451,0.7849276230002518,0.7841885630133321,0.586029113950917,0.3333333333333333,0.555,1.1253616148208807,0.610518217086792
3,0.5,0.25,0.75,0.25,8,109,2,2,0.30676087177327976,0.30676087177327976,0.5886439109427256,0.587918508065989,0.3721699660878811,0.5843445647456531,0.5836076786123202,0.3649394192885749,0.6730637408663831,0.6725695649254293,0.5349795162386692,0.6729934599358478,0.6724929101529477,0.5400412938889216,0.7891156462585034,0.8818945527806287,0.006635345743018439,3.3292124271392822
3,0.5,0.25,0.75,0.25,9,62,2,2,0.3068011020001426,0.30680110200014254,0.5878399019601795,0.5871126581313231,0.3706193494105449,0.5879077429223252,0.5871790535706989,0.3717161405198315,0.672199343603704,0.6717035325534596,0.5329726615200185,0.6768387497441452,0.676345545785955,0.5489778408135174,0.782312925170068,0.8809830238401667,0.00711861096106578,1.7252423763275146
3,0.5,0.25,0.75,0.5,0,56,10,3,0.12637359673094598,0.2969846089185702,0.626580329489404,0.6226995229576452,0.43540631038611405,0.7852802150932446,0.7846251091678986,0.6010060305727019,0.506978389847366,0.5028149979154896,0.2845959822814279,0.630488902126393,0.6295363171801378,0.41386322570661177,0.3181818181818182,0.41379962639805157,0.8589661839709152,1.6395905017852783
3,0.5,0.25,0.75,0.5,1,38,10,3,0.12426116866119127,0.31257034973035897,0.6027426905776071,0.5984520995322815,0.3403797728877155,0.7250071641342934,0.7241254949570672,0.44647024161769056,0.6284795739901714,0.6252084980989229,0.37732306900409135,0.8225957765145105,0.8221121462071457,0.6452535784679942,0.3333333333333333,0.49900199600798395,0.7976004357682611,1.1285045146942139
3,0.5,0.25,0.75,0.5,2,50,4,4,0.3033095950933377,0.3032464954491562,0.908286786541069,0.9079097241974984,0.7915753497024844,0.9083491277292126,0.907971490705844,0.7934094346634827,0.7909887969767587,0.7902758452404195,0.6000696491729003,0.7849276230002519,0.7841885630133323,0.586029113950917,0.6883116883116883,0.8162008162008161,0.025638984007359693,1.429530382156372
3,0.5,0.25,0.75,0.5,3,43,10,3,0.12645793644020425,0.32062525046019463,0.5979447216780372,0.5936122666158018,0.34460781098140514,0.7375733655715295,0.7367405406672014,0.4724246305454723,0.6082922273256806,0.604851985524459,0.4039047477712609,0.8357447021357427,0.8353020509100345,0.6777225590952062,0.3333333333333333,0.49900199600798395,0.7945967045727282,1.270087718963623
3,0.5,0.25,0.75,0.5,4,35,10,5,0.14837966594989008,0.23121433454528376,0.73891330686495,0.7362905042751609,0.570943352966121,1.0,1.0,1.0,0.6503674889485787,0.6475207843636519,0.40591565077741665,0.897406368541996,0.8969792788487176,0.7526454569778374,0.3333333333333333,0.49900199600798395,0.704151107803996,1.0080456733703613
3,0.5,0.25,0.75,0.5,5,88,10,3,0.1253173686315635,0.2947342634002375,0.643588279204285,0.6398822696930545,0.4504561444170201,0.7849276230002521,0.7842712471813089,0.5998687124749003,0.5254008897327191,0.5213907715811067,0.29736210873405367,0.6300407065822516,0.6290866490125591,0.41279146196657973,0.32075471698113206,0.4150491955370004,0.8581919380133662,2.3663198947906494
3,0.5,0.25,0.75,0.5,6,45,10,4,0.13208526860283998,0.24381533362644217,0.6736311876757505,0.6702544895333427,0.4587343254913277,0.9083491277292126,0.907971490705844,0.7934094346634827,0.5586606622966848,0.5549516404321455,0.30485789400637414,0.7849276230002518,0.7841885630133321,0.586029113950917,0.3333333333333333,0.49900199600798395,0.7726878266134128,1.094165325164795
3,0.5,0.25,0.75,0.5,7,111,10,3,0.1274481642351781,0.3207188206242674,0.6038832606876131,0.5996147979537502,0.35043916011040105,0.7375733655715297,0.7367405406672015,0.4724246305454723,0.6091503717820952,0.6057176667841652,0.4029258624880484,0.8357447021357429,0.8353020509100346,0.6777225590952062,0.3333333333333333,0.49900199600798395,0.7945967045727281,3.0658392906188965
3,0.5,0.25,0.75,0.5,8,110,4,4,0.3033095950933377,0.3032464954491562,0.908286786541069,0.9079097241974984,0.7915753497024844,0.9083491277292126,0.907971490705844,0.7934094346634827,0.7909887969767586,0.7902758452404194,0.6000696491729003,0.7849276230002518,0.7841885630133321,0.586029113950917,0.6883116883116883,0.8162008162008161,0.02563898400735969,3.1944611072540283
3,0.5,0.25,0.75,0.5,9,39,10,3,0.10688910151376851,0.2550273122455932,0.5764636889916377,0.5720866237048078,0.426643684938743,0.7921997857472497,0.7915695648752535,0.6162892627615703,0.4715795292496208,0.4671441177857955,0.28311026554054375,0.6392779718964172,0.6383542378752756,0.4282009089578253,0.3333333333333333,0.49900199600798395,0.7714093526527132,1.1453020572662354
3,0.5,0.25,0.75,0.75,0,113,10,3,0.11266483072630894,0.2947158361728129,0.6375544474479591,0.6339049405951735,0.45936692441102855,0.8019282820082536,0.8013325861275414,0.6406540834881669,0.5371034318788896,0.5333243743308929,0.3119049500458785,0.6516133272375468,0.6507295243611372,0.4508122830368131,0.3181818181818182,0.427715996578272,1.0012415849916365,2.648841381072998
3,0.5,0.25,0.75,0.75,1,55,10,4,0.1307859198762334,0.2713801260735199,0.6741051670987811,0.6708268882264463,0.4911404934859247,0.9037907607564276,0.9033926442098374,0.7752391372397232,0.5666948758547853,0.5631607840885173,0.33400483430296474,0.7792775881454951,0.7785155100165547,0.5705119925521072,0.3333333333333333,0.427715996578272,0.8293344129982454,1.6452336311340332
3,0.5,0.25,0.75,0.75,2,39,10,3,0.10638727340354931,0.27785015320717427,0.6120502719532978,0.6081288015780638,0.4359867108975666,0.7849276230002521,0.7842712471813089,0.5998687124749003,0.5136905256053863,0.5097037283491369,0.2940858736856967,0.6300407065822518,0.6290866490125593,0.41279146196657973,0.3333333333333333,0.427715996578272,0.937720524166955,1.1129398345947266
3,0.5,0.25,0.75,0.75,3,1000,4,3,0.21135861937923303,0.2884504142518586,0.7474138538888825,0.7463671123680017,0.6345121649978381,0.7889606460971244,0.7883188157233192,0.6085417084158432,0.8203904787323582,0.8197724486090452,0.846787065208851,0.8891543252970434,0.8888695855552406,0.8404468849639695,0.3225806451612903,0.41583499667332,0.15944709997386544,9.262616395950317
3,0.5,0.25,0.75,0.75,4,67,10,4,0.1446967092717686,0.3014758393867999,0.734742004103974,0.7321131997705204,0.5497862957737502,0.9116055475593928,0.9112424542131328,0.8049349549879696,0.64395686068696,0.6410992244493751,0.38767356582588547,0.7889606460971244,0.7882379262538325,0.5957957470317893,0.3333333333333333,0.427715996578272,0.8455445888064749,2.0690479278564453
3,0.5,0.25,0.75,0.75,5,41,10,4,0.14360818411444226,0.29598424624815817,0.7305246241265289,0.7278470615479922,0.542986788461063,0.9059896953135614,0.9056014712345598,0.78488266182146,0.6247519742694504,0.6217317377764273,0.377109422994518,0.7820038042783822,0.7812528432163193,0.5787657424083629,0.3333333333333333,0.427715996578272,0.8861481002102507,1.179746150970459
3,0.5,0.25,0.75,0.75,6,26,10,4,0.1414185190119659,0.29425170023566105,0.7242161816462283,0.7214762445059376,0.5478153234669688,0.9116055475593928,0.9112424542131328,0.8049349549879696,0.617936581013493,0.6148618880739177,0.38112163768472584,0.7889606460971247,0.7882379262538328,0.5957957470317893,0.3333333333333333,0.427715996578272,0.8748580355123128,0.5542118549346924
3,0.5,0.25,0.75,0.75,7,112,10,4,0.13744898489552204,0.2935783975663827,0.724176085337746,0.7214354784480652,0.5321730124229153,0.9116055475593928,0.9112424542131328,0.8049349549879696,0.6178791396336524,0.6148036434836518,0.36817499785882213,0.7889606460971244,0.7882379262538325,0.5957957470317893,0.3333333333333333,0.427715996578272,0.8937128014209491,3.4714272022247314
3,0.5,0.25,0.75,0.75,8,33,10,4,0.14472274889975434,0.29860296948281845,0.7390485389312595,0.736462624744124,0.567004382362176,0.9083491277292126,0.907971490705844,0.7934094346634827,0.6342846721202273,0.6313496797815745,0.39698991899763403,0.7849276230002519,0.7841885630133323,0.586029113950917,0.3333333333333333,0.427715996578272,0.837513115776363,0.7347068786621094
3,0.5,0.25,0.75,0.75,9,27,10,3,0.1111663749798008,0.2895538176650585,0.6231845069596677,0.6193775298459377,0.4587167512644981,0.7849276230002521,0.7842712471813089,0.5998687124749003,0.6280728636711027,0.625025464044552,0.4339685892293583,0.884983406868874,0.884686800044098,0.830441303607371,0.3333333333333333,0.427715996578272,0.9744101603755024,0.6582520008087158
3,0.5,0.25,0.75,1.0,0,28,10,4,0.1288776964366709,0.28465545366531503,0.6912839062573991,0.6882954201559334,0.527548396629021,0.9116055475593928,0.9112424542131328,0.8049349549879696,0.608998226433808,0.6059376896122917,0.3761200279353251,0.7889606460971247,0.7882379262538328,0.5957957470317893,0.24242424242424243,0.36849378166743435,1.152208641435572,0.7863755226135254
3,0.5,0.25,0.75,1.0,1,79,10,4,0.12693136130687707,0.2818487683762131,0.6847823613046295,0.6817233323768189,0.5295559714485035,0.897406368541996,0.8969792788487176,0.7526454569778374,0.6768878439201922,0.6743519408863402,0.48554354321856164,1.0,1.0,1.0,0.24242424242424243,0.36849378166743435,1.1630754532979453,2.396446466445923
3,0.5,0.25,0.75,1.0,2,47,10,3,0.08416234037121363,0.2689341489753673,0.5297448072585152,0.5250682814497666,0.3353844631541981,0.7481612335885639,0.7473688711868739,0.49755280006294755,0.441526448612432,0.437026729690671,0.22010863421617075,0.583122611528877,0.5820100450521392,0.3135555033859615,0.20809248554913296,0.3410350413504987,1.369336141203977,1.3466989994049072
3,0.5,0.25,0.75,1.0,3,36,10,4,0.12494245678573887,0.27820516440148596,0.6846598211140444,0.6815991460525445,0.5124029895520666,0.897406368541996,0.8969792788487176,0.7526454569778374,0.6800916342936327,0.6775804746440505,0.49111379876096367,1.0,1.0,1.0,0.24242424242424243,0.36849378166743435,1.1606888173048249,0.9796736240386963
3,0.5,0.25,0.75,1.0,4,39,10,3,0.08921284627330815,0.2651933549597511,0.6049938920178394,0.6011130730390519,0.4470348201319732,0.7889606460971244,0.7883188157233192,0.6085417084158432,0.5998527418920998,0.5966705743267342,0.43545043123628896,0.8891543252970434,0.8888695855552406,0.8404468849639695,0.24242424242424243,0.36849378166743435,1.3766291818583238,1.1044142246246338
3,0.5,0.25,0.75,1.0,5,34,10,4,0.11605653118710217,0.27047538394692017,0.6487675052132849,0.6453597159144896,0.47247936986769773,0.897406368541996,0.8969792788487176,0.7526454569778374,0.6561577497728136,0.6534597812816537,0.4668934664840234,1.0,1.0,1.0,0.24242424242424243,0.36849378166743435,1.1611974652613728,0.9355599880218506
3,0.5,0.25,0.75,1.0,6,55,10,4,0.10917206933592791,0.2588335557280448,0.6567606611724631,0.6534209839071965,0.4867192188495006,0.8974063685419958,0.8969792788487174,0.7526454569778374,0.5634767791384147,0.5600411515577356,0.33698371204851324,0.7713552409379785,0.7705605424897544,0.5510101485183012,0.24242424242424243,0.36849378166743435,1.1710251048991187,1.5134975910186768
3,0.5,0.25,0.75,1.0,7,116,10,4,0.12195107848992627,0.2730346960311466,0.6844395117782369,0.6813824945293903,0.5113068384004897,0.9083491277292126,0.907971490705844,0.7934094346634827,0.577546580031913,0.5742372231855032,0.351937633301148,0.7849276230002519,0.7841885630133323,0.586029113950917,0.24242424242424243,0.36849378166743435,1.1676635882839985,3.5333454608917236
3,0.5,0.25,0.75,1.0,8,89,10,5,0.14917616378154003,0.27975509779093577,0.7720169465595205,0.7698346479067257,0.6346593809987195,1.0,1.0,1.0,0.6999783172672324,0.69765796425118,0.4625086789727236,0.897406368541996,0.8969792788487176,0.7526454569778374,0.24242424242424243,0.36849378166743435,0.9747528111787946,1.9790210723876953
3,0.5,0.25,0.75,1.0,9,35,10,5,0.1444960860950425,0.27910865290278536,0.7629787525789303,0.7607099385547081,0.6105581173682686,1.0,1.0,1.0,0.6915039189383712,0.6891180253402432,0.44583482083192194,0.8974063685419956,0.8969792788487173,0.7526454569778374,0.24242424242424243,0.36849378166743435,0.9747528111787944,0.6794614791870117
3,0.5,0.25,1.0,0.0,0,39,10,4,0.13210342433154115,0.2219772717795911,0.647724219917267,0.6440064823740942,0.46762642687238903,0.9116055475593928,0.9112424542131328,0.8049349549879696,0.5283979585066795,0.5243505815019669,0.3117743732043382,0.7889606460971244,0.7882379262538325,0.5957957470317893,0,0.0,inf,0.7377007007598877
3,0.5,0.25,1.0,0.0,1,38,10,4,0.16438435204836957,0.2931424761161597,0.7295268831048395,0.7267351371169494,0.5712161866901521,0.897406368541996,0.8969792788487176,0.7526454569778374,0.7655540007604139,0.763589249201062,0.6869176387621314,1.0,1.0,1.0,0,0.0,inf,0.7429249286651611
3,0.5,0.25,1.0,0.0,2,32,10,3,0.09952852566732748,0.22115446936195635,0.4454585705531811,0.43930368802145925,0.26596336150441663,0.7303232410180941,0.7294623299636516,0.45744797462502,0.474049256768406,0.46928267270348867,0.3507914678391295,0.8281626276133816,0.8276964442337125,0.6590455003918929,0,0.0,inf,0.6323368549346924
3,0.5,0.25,1.0,0.0,3,32,10,4,0.15434470929782554,0.28619268575140483,0.7204025875702802,0.7175267230934026,0.5536252783924702,0.9083491277292126,0.907971490705844,0.7934094346634827,0.6103404074250209,0.6070872062404734,0.38567586105062296,0.7849276230002519,0.7841885630133323,0.586029113950917,0,0.0,inf,0.5678491592407227
3,0.5,0.25,1.0,0.0,4,31,10,4,0.13866406254078648,0.23605353814959182,0.6569926688492038,0.653368740980692,0.46649966100815987,0.9083491277292126,0.907971490705844,0.7934094346634827,0.538346306822154,0.5343795633624729,0.31071693776810283,0.7849276230002518,0.7841885630133321,0.586029113950917,0,0.0,inf,0.5638415813446045
3,0.5,0.25,1.0,0.0,5,30,10,4,0.15186582612582267,0.2810280943163576,0.7112302425718142,0.7082569889479504,0.5453167333655851,0.9059896953135614,0.9056014712345598,0.78488266182146,0.6002597785723162,0.59691871974679,0.3786539438186304,0.7820038042783822,0.7812528432163193,0.5787657424083629,0,0.0,inf,0.5989789962768555
3,0.5,0.25,1.0,0.0,6,35,10,4,0.15478651096413926,0.2862518759507641,0.7204025875702802,0.7175267230934026,0.5536252783924702,0.9083491277292126,0.907971490705844,0.7934094346634827,0.6103404074250209,0.6070872062404734,0.38567586105062296,0.7849276230002518,0.7841885630133321,0.586029113950917,0,0.0,inf,0.6861329078674316
3,0.5,0.25,1.0,0.0,7,35,10,3,0.12475635425484059,0.2794028947253992,0.6070951845412429,0.6029356934509257,0.44251650795018777,0.7849276230002521,0.7842712471813089,0.5998687124749003,0.4837789789122627,0.47933366280752693,0.28993636284933194,0.6300407065822516,0.6290866490125591,0.41279146196657973,0,0.0,inf,0.6271836757659912
3,0.5,0.25,1.0,0.0,8,28,10,4,0.16300870339607038,0.29305082190332,0.7178884061545651,0.7149765311434875,0.5662703253877669,0.897406368541996,0.8969792788487176,0.7526454569778374,0.7655540007604139,0.763589249201062,0.6869176387621314,1.0,1.0,1.0,0,0.0,inf,0.6526355743408203
3,0.5,0.25,1.0,0.0,9,27,10,4,0.15130732271698177,0.2776479800195677,0.7030250943794105,0.6999679775074483,0.5450222296170812,0.9059896953135614,0.9056014712345598,0.78488266182146,0.5913715316485875,0.5879569298753163,0.37840897775707905,0.7820038042783822,0.7812528432163193,0.5787657424083629,0,0.0,inf,0.4668574333190918
3,0.5,0.25,1.0,0.25,0,40,10,3,0.10456130314486822,0.2639265238796244,0.5844301650716762,0.5801553271030319,0.39862307472648034,0.7889606460971246,0.7883188157233194,0.6085417084158432,0.46472443458533663,0.4602537408943256,0.25467593616750794,0.6351652836494971,0.6342280982950598,0.42094768363328244,0.24242424242424243,0.3782408362561034,1.9861655259403075,0.8255751132965088
3,0.5,0.25,1.0,0.25,1,52,10,4,0.14796859830858314,0.2916146925427347,0.7159285449845336,0.7130617166175058,0.5414368251581582,0.897406368541996,0.8969792788487176,0.7526454569778374,0.7478556577975963,0.7457924211220562,0.6349126884962996,1.0,1.0,1.0,0.22758620689655173,0.32923288737242223,1.6866382840956757,1.607567548751831
3,0.5,0.25,1.0,0.25,2,48,10,4,0.1476741150219598,0.2896545030800292,0.721754199840621,0.7189559040871704,0.5499028459961465,0.9083491277292126,0.907971490705844,0.7934094346634827,0.6140649236468901,0.6109187242660372,0.38274376100890617,0.7849276230002518,0.7841885630133321,0.586029113950917,0.2391304347826087,0.34771613718982136,1.6875715348111773,1.3691866397857666
3,0.5,0.25,1.0,0.25,3,95,10,3,0.10251460470611616,0.2759548524261806,0.5296702974113314,0.5247271540557631,0.3088954556319082,0.7303232410180941,0.7294623299636516,0.45744797462502,0.5415834771287106,0.5376646621995117,0.3629839212837886,0.8281626276133816,0.8276964442337125,0.6590455003918929,0.18652849740932642,0.2656218872435088,1.9551678813742281,2.8495471477508545
3,0.5,0.25,1.0,0.25,4,45,10,4,0.14925495119415313,0.29167313913827736,0.7135516916481359,0.7106585450273514,0.5403606895356179,0.897406368541996,0.8969792788487176,0.7526454569778374,0.7463332202169066,0.7442557207352949,0.6381556449562499,1.0,1.0,1.0,0.24242424242424243,0.35561877667140823,1.6754864022416887,1.103219985961914
3,0.5,0.25,1.0,0.25,5,28,10,4,0.1370269058008514,0.28323530096283145,0.6887821611809973,0.6856481548409042,0.5137459117249566,0.9116055475593928,0.9112424542131328,0.8049349549879696,0.5781635108873382,0.5747197659567885,0.3525958351849108,0.7889606460971247,0.7882379262538328,0.5957957470317893,0.24242424242424243,0.36243139691415555,1.6802517376028312,0.7020261287689209
3,0.5,0.25,1.0,0.25,6,55,10,4,0.14933291528499257,0.2914205878930795,0.7211555869135141,0.7183495861818721,0.5482499108895613,0.9116055475593928,0.9112424542131328,0.8049349549879696,0.6133479746801161,0.6101938879170498,0.381355776456447,0.7889606460971247,0.7882379262538328,0.5957957470317893,0.23741007194244604,0.3440940940940941,1.687272587794574,1.6647007465362549
3,0.5,0.25,1.0,0.25,7,1000,10,3,0.11421299476215269,0.2879530812677055,0.551340782192354,0.5466455237837963,0.3439743715895451,0.7595386266093844,0.7587891678710779,0.523012647821584,0.4241910588428228,0.41929145229279136,0.20380386945841306,0.5976802337166612,0.5966178608565919,0.3387811841838666,0.1925133689839572,0.2743860611880916,1.9570137387181132,21.226765155792236
3,0.5,0.25,1.0,0.25,8,53,10,3,0.10048802677220958,0.2509687805200835,0.5689379108847341,0.5645015320415834,0.3869123183217788,0.8021489417124285,0.8015540214626932,0.6413806962628472,0.44553988548739937,0.440906499168331,0.24448005886779908,0.6518928236684518,0.6510099162702462,0.4514820116115285,0.24242424242424243,0.3715055261447014,1.98562691510174,1.400294303894043
3,0.5,0.25,1.0,0.25,9,117,10,4,0.14267972160539433,0.28755706919025387,0.7084637976637979,0.7055282363193877,0.5241762469359537,0.9116055475593928,0.9112424542131328,0.8049349549879696,0.5995145068640203,0.5962453600051724,0.36128520189990737,0.7889606460971244,0.7882379262538325,0.5957957470317893,0.24242424242424243,0.3715055261447014,1.675816327435481,2.6105763912200928
3,0.5,0.25,1.0,0.5,0,53,10,4,0.09067304716400156,0.1914468611406027,0.5475088003127879,0.5428571711415197,0.29003098279954576,0.9116055475593928,0.9112424542131328,0.8049349549879696,0.5254769005889094,0.5215150559731425,0.3248994130697263,0.7889606460971247,0.7882379262538328,0.5957957470317893,0.2,0.2800728189329225,1.4283677206201826,1.050950288772583
3,0.5,0.25,1.0,0.5,1,44,10,4,0.1035272479761275,0.2329232930555986,0.629487317178653,0.6257665556626123,0.3997478333717626,0.9116055475593928,0.9112424542131328,0.8049349549879696,0.5140742594806902,0.5101185014838218,0.2575713084460671,0.7889606460971244,0.7882379262538325,0.5957957470317893,0.24242424242424243,0.39312039312039315,1.4218462695586873,0.9641251564025879
3,0.5,0.25,1.0,0.5,2,111,10,3,0.09613634133857603,0.2735527237346864,0.6080920197098815,0.6041480111322083,0.41055546684901323,0.7889606460971244,0.7883188157233192,0.6085417084158432,0.6235848066773965,0.620513497454948,0.4821945127262513,0.8891543252970434,0.8888695855552406,0.8404468849639695,0.24242424242424243,0.34771613718982136,1.4329725091981576,2.7729790210723877
3,0.5,0.25,1.0,0.5,3,56,10,4,0.11161005569451708,0.2499815301361138,0.6485220462347991,0.6450496998919993,0.47146942879655895,0.9116055475593928,0.9112424542131328,0.8049349549879696,0.5365738180981066,0.5328667946643398,0.3184314156197192,0.7889606460971244,0.7882379262538325,0.5957957470317893,0.24242424242424243,0.4158004158004158,1.2112499250851767,1.5932743549346924
3,0.5,0.25,1.0,0.5,4,1000,10,4,0.11901529044069165,0.26722684106005146,0.6879124353656451,0.6848449045134831,0.541949129579931,0.9116055475593928,0.9112424542131328,0.8049349549879696,0.5942132672026126,0.5909850457691366,0.3804455036045302,0.7889606460971244,0.7882379262538325,0.5957957470317893,0.24242424242424243,0.4202122071646181,1.1797691432647104,21.040079832077026
3,0.5,0.25,1.0,0.5,5,41,10,3,0.08975763191202472,0.26202618927037147,0.5812544904609309,0.5770474842376507,0.38742495146484063,0.7849276230002521,0.7842712471813089,0.5998687124749003,0.47402422877866085,0.46974038152707176,0.2539215010003516,0.6300407065822518,0.6290866490125593,0.41279146196657973,0.24242424242424243,0.36839813791486653,1.4304590710709597,0.8096530437469482
3,0.5,0.25,1.0,0.5,6,35,10,3,0.10118697397075066,0.28231557436324345,0.5885284492863936,0.5843978973975208,0.40540091463880273,0.792676458447326,0.7920479364188314,0.6178455857756018,0.4697126497894301,0.4653974812796661,0.26235602605083463,0.6398829605162115,0.6389611927460443,0.42965422834092154,0.24242424242424243,0.36839813791486653,1.4252165866034598,0.6625590324401855
3,0.5,0.25,1.0,0.5,7,29,10,4,0.135038050738365,0.28584912714057004,0.7064531372991129,0.7035454946401946,0.5210842603557376,0.9059896953135614,0.9056014712345598,0.78488266182146,0.5990083210562995,0.5957916461834922,0.3590987277188608,0.7820038042783822,0.7812528432163193,0.5787657424083629,0.24242424242424243,0.35905470688079383,1.2202539435292508,0.6125695705413818
3,0.5,0.25,1.0,0.5,8,1000,10,4,0.11533963226369198,0.2479661666032139,0.6514943457753217,0.648003511566341,0.432559889651361,0.9059896953135614,0.9056014712345598,0.78488266182146,0.5382339414918881,0.5344851793152203,0.28518289241216876,0.7820038042783822,0.7812528432163193,0.5787657424083629,0.24242424242424243,0.35905470688079383,1.410949087849658,20.85732913017273
3,0.5,0.25,1.0,0.5,9,73,10,3,0.09390587759927238,0.2754508510990282,0.5497264916699918,0.5451234774653303,0.314877572124218,0.7595386266093844,0.7587891678710779,0.523012647821584,0.42528033065067267,0.42051083135594824,0.18185337951858804,0.5976802337166612,0.5966178608565919,0.3387811841838666,0.21052631578947367,0.2921840759678597,1.416524244106754,1.6389944553375244
3,0.5,0.25,1.0,0.75,0,37,10,4,0.12255691064289331,0.28454379353770776,0.6737484735647684,0.6705542607229045,0.48081827469195204,0.897406368541996,0.8969792788487176,0.7526454569778374,0.7098544836721832,0.7075555747954896,0.5510289516025131,1.0,1.0,1.0,0.24242424242424243,0.36849378166743435,1.2382326921403042,1.0547642707824707
3,0.5,0.25,1.0,0.75,1,35,10,4,0.11755202704580818,0.277895750870655,0.6755887632633841,0.6724256433756138,0.4737681999829415,0.9083491277292126,0.907971490705844,0.7934094346634827,0.5672509404703001,0.5638373120977749,0.3209431102441679,0.7849276230002518,0.7841885630133321,0.586029113950917,0.24242424242424243,0.36849378166743435,1.2349389862165578,0.8232421875
3,0.5,0.25,1.0,0.75,2,1000,10,5,0.1427907975627643,0.26404373986968693,0.7541687709326724,0.7518151665011055,0.622130464784864,1.0,1.0,1.0,0.6541318719140765,0.6514563845170167,0.44121967642072557,0.8974063685419956,0.8969792788487173,0.7526454569778374,0.24242424242424243,0.36849378166743435,0.9509472306425167,23.503725051879883
3,0.5,0.25,1.0,0.75,3,76,10,3,0.09226050820100425,0.27960679696057866,0.5820879623252531,0.577978498527841,0.41486571282054985,0.789789857030486,0.789150994948784,0.6112350182388241,0.47663073708303333,0.4724647169644502,0.27457128433895306,0.636218386690312,0.6352846396218612,0.42347263580084515,0.24242424242424243,0.36849378166743435,1.4021750928723034,1.976534128189087
3,0.5,0.25,1.0,0.75,4,111,10,3,0.09205014180152836,0.2800925441596623,0.5734950592662627,0.5693010986827994,0.3968432563131749,0.789789857030486,0.789150994948784,0.6112350182388241,0.4668532892829149,0.46260944066516335,0.25959551729310526,0.636218386690312,0.6352846396218612,0.42347263580084515,0.24242424242424243,0.36849378166743435,1.4021750928723034,3.4976511001586914
3,0.5,0.25,1.0,0.75,5,36,10,5,0.1389684892988689,0.2748414656490546,0.7827124439938999,0.7806305499758964,0.6459904356166108,1.0,1.0,1.0,0.7007813931854002,0.6984648962191028,0.46576746445773864,0.8974063685419956,0.8969792788487173,0.7526454569778374,0.24242424242424243,0.36849378166743435,0.9846868474275617,1.0293054580688477
3,0.5,0.25,1.0,0.75,6,52,10,4,0.118623108198167,0.27565394501977153,0.671469616813107,0.6682665957498931,0.47232030676238324,0.9083491277292126,0.907971490705844,0.7934094346634827,0.5628044594243922,0.5593560610796395,0.31977322141090625,0.7849276230002518,0.7841885630133321,0.586029113950917,0.24242424242424243,0.36849378166743435,1.2433492148542378,1.0525217056274414
3,0.5,0.25,1.0,0.75,7,30,10,4,0.12435747985177018,0.286271617534903,0.6970450830267784,0.6940900880584411,0.5004773346466712,0.9116055475593928,0.9112424542131328,0.8049349549879696,0.5930694164486123,0.5898581893286965,0.343147499576907,0.7889606460971244,0.7882379262538325,0.5957957470317893,0.24242424242424243,0.36849378166743435,1.2396446917090729,0.7264125347137451
3,0.5,0.25,1.0,0.75,8,43,10,4,0.12459103324093487,0.2846386934286494,0.6977681698826569,0.694816293960651,0.4982158836543291,0.9059896953135614,0.9056014712345598,0.78488266182146,0.5910565558294714,0.5878248123797927,0.34077364348469646,0.7820038042783822,0.7812528432163193,0.5787657424083629,0.24242424242424243,0.36849378166743435,1.238477252319813,1.2462482452392578
3,0.5,0.25,1.0,0.75,9,31,10,4,0.12292114002425873,0.28545604129145585,0.6992433830822634,0.6963097391894325,0.4991990042646653,0.9116055475593928,0.9112424542131328,0.8049349549879696,0.5927966115672089,0.5895831220041517,0.34166413238654114,0.7889606460971244,0.7882379262538325,0.5957957470317893,0.24242424242424243,0.36849378166743435,1.2404540927694967,0.879694938659668
3,0.5,0.25,1.0,1.0,0,23,10,4,0.10770371650926695,0.2712903094475417,0.6407703546473158,0.6373377123729844,0.45531535559274106,0.9116055475593928,0.9112424542131328,0.8049349549879696,0.5332026461538252,0.5295989613706679,0.3075833710067935,0.7889606460971247,0.7882379262538328,0.5957957470317893,0.24242424242424243,0.3236769703835572,1.3668456772990387,0.6054527759552002
3,0.5,0.25,1.0,1.0,1,67,10,3,0.07679914104843788,0.26311927896381226,0.5242688256546245,0.5196933822376675,0.34183921053148686,0.7921997857472497,0.7915695648752535,0.6162892627615703,0.4142343924809679,0.40968084309930825,0.21744237060065422,0.6392779718964172,0.6383542378752756,0.4282009089578253,0.24242424242424243,0.3236769703835572,1.6374931398989665,1.8549277782440186
3,0.5,0.25,1.0,1.0,2,129,10,4,0.106206955111944,0.2639290403824385,0.6407063338857387,0.637271882271012,0.4603443305152176,0.9059896953135614,0.9056014712345598,0.78488266182146,0.5316916092819941,0.5280749085772628,0.31153544798773186,0.7820038042783822,0.7812528432163193,0.5787657424083629,0.24242424242424243,0.3236769703835572,1.3694507666755398,2.5027384757995605
3,0.5,0.25,1.0,1.0,3,45,10,4,0.11130971635258703,0.2809833512651726,0.6401863233927615,0.636743755115965,0.4584794350969357,0.897406368541996,0.8969792788487176,0.7526454569778374,0.6465277385163438,0.6437952283946643,0.4406815068547525,1.0,1.0,1.0,0.24242424242424243,0.3236769703835572,1.3609385086778878,1.113339900970459
3,0.5,0.25,1.0,1.0,4,32,10,4,0.10964476177925883,0.27424497464917863,0.6509064732449032,0.6475713467066236,0.4679946952027991,0.9083491277292126,0.907971490705844,0.7934094346634827,0.5506640998080197,0.5471959530684732,0.32200831974789035,0.7849276230002518,0.7841885630133321,0.586029113950917,0.24242424242424243,0.3236769703835572,1.3654743239235017,0.903634786605835
3,0.5,0.25,1.0,1.0,5,36,10,4,0.10896166342071784,0.2650666339176876,0.6338102075752642,0.6303109633925468,0.46205099292637514,0.9116055475593928,0.9112424542131328,0.8049349549879696,0.5360347153908136,0.5324527915943649,0.3177530312135304,0.7889606460971244,0.7882379262538325,0.5957957470317893,0.24242424242424243,0.3236769703835572,1.3660711839080593,0.9827115535736084
3,0.5,0.25,1.0,1.0,6,32,10,4,0.09476475090551556,0.2530788129832088,0.6408911110198882,0.6374581313163844,0.457353256266866,0.9116055475593928,0.9112424542131328,0.8049349549879696,0.5546564702542152,0.5512168083965464,0.31824944173797826,0.7889606460971244,0.7882379262538325,0.5957957470317893,0.24242424242424243,0.3236769703835572,1.3598826580581436,0.9213728904724121
3,0.5,0.25,1.0,1.0,7,27,10,4,0.11308131871871442,0.28062427595705003,0.6452011178809623,0.6418077087328566,0.46642518198127997,0.897406368541996,0.8969792788487176,0.7526454569778374,0.6516878613261067,0.648996244791196,0.4449481818073478,1.0,1.0,1.0,0.24242424242424243,0.3236769703835572,1.3691508487592385,0.7559669017791748
3,0.5,0.25,1.0,1.0,8,111,10,4,0.08962828036794505,0.2437313327493671,0.6082265578621976,0.6044821878138046,0.43113635087282837,0.9083491277292126,0.907971490705844,0.7934094346634827,0.5251513939333526,0.5214847633287901,0.3044002235546834,0.7849276230002518,0.7841885630133321,0.586029113950917,0.24242424242424243,0.3236769703835572,1.3594601811937415,3.4249143600463867
3,0.5,0.25,1.0,1.0,9,111,10,4,0.09541336245481537,0.25818501714125885,0.6031676551042592,0.5993719738883642,0.42834607318945367,0.9037907607564276,0.9033926442098374,0.7752391372397232,0.535517178057436,0.5319275861746217,0.3059627411373316,0.7792775881454951,0.7785155100165547,0.5705119925521072,0.24242424242424243,0.3236769703835572,1.359984696157633,2.9346394538879395
3,0.5,0.5,0.0,0.0,0,30,3,3,0.3034411497477426,0.3031720513147306,0.7919171422000004,0.7912873128296978,0.6146580667163571,0.7916267295012033,0.7909944647108239,0.6144266258107057,0.8871644058134939,0.8868776795289721,0.8294919785110026,0.8919096298303802,0.8916326823937588,0.8472089812237649,0.7018633540372671,0.8216448894414996,0.02013345815592079,0.5658175945281982
3,0.5,0.5,0.0,0.0,1,13,3,3,0.29505135991277176,0.29530216631464934,0.7893604470334368,0.7887214729506181,0.6087639900510177,0.7889606460971246,0.7883188157233194,0.6085417084158432,0.6434063406841896,0.6424979775415118,0.4362320611924765,0.6351652836494971,0.6342280982950598,0.42094768363328244,0.6838709677419355,0.8099702756191306,0.022377389010080337,0.09132099151611328
3,0.5,0.5,0.0,0.0,2,108,3,3,0.293832105090291,0.29365346503033424,0.7903227834399137,0.7896872559207784,0.6109458131619562,0.7849276230002521,0.7842712471813089,0.5998687124749003,0.6446145860740942,0.64371013571519,0.4382766299624657,0.6300407065822518,0.6290866490125593,0.41279146196657973,0.6883116883116883,0.8162008162008161,0.021141077118059202,2.245500087738037
3,0.5,0.5,0.0,0.0,3,39,2,2,0.3068011020001426,0.30680110200014254,0.5878399019601795,0.5871126581313231,0.3706193494105449,0.5879077429223252,0.5871790535706989,0.3717161405198315,0.672199343603704,0.6717035325534596,0.5329726615200185,0.6768387497441452,0.676345545785955,0.5489778408135174,0.782312925170068,0.8809830238401667,0.00711861096106578,0.7422153949737549
3,0.5,0.5,0.0,0.0,4,20,3,3,0.3129016539548131,0.31276217198390466,0.7503978476511641,0.7496157526369165,0.4999303752085892,0.7595386266093844,0.7587891678710779,0.523012647821584,0.5942922483529102,0.5932206458935332,0.3313032695545437,0.5976802337166612,0.5966178608565919,0.3387811841838666,0.7875,0.8799497171590195,0.011257093831611303,0.18928933143615723
3,0.5,0.5,0.0,0.0,5,18,4,4,0.3033095950933378,0.30324649544915616,0.908286786541069,0.9079097241974984,0.7915753497024844,0.9083491277292126,0.907971490705844,0.7934094346634827,0.7909887969767587,0.7902758452404195,0.6000696491729003,0.7849276230002519,0.7841885630133323,0.586029113950917,0.6883116883116883,0.8162008162008161,0.025638984007359707,0.15812206268310547
3,0.5,0.5,0.0,0.0,6,16,4,4,0.2913748138964656,0.2912005202031929,0.9090437908389912,0.9086701087019787,0.7943429996270311,0.9137594533047027,0.9134059329538328,0.8127690521941776,0.7919171422000004,0.7912079172740434,0.6024389496913674,0.7916267295012032,0.7909147573609078,0.602400964174539,0.336734693877551,0.5005005005005004,0.10863798562446275,0.14317893981933594
3,0.5,0.5,0.0,0.0,7,24,3,3,0.31989001230886466,0.3198814607267488,0.7382712632211267,0.7374429749388643,0.4728567797325691,0.7375733655715295,0.7367405406672014,0.4724246305454723,0.831507283795988,0.8310572568623777,0.6618054094433068,0.8357447021357427,0.8353020509100345,0.6777225590952062,0.7671232876712328,0.8758356164383563,0.012278092073757303,0.5285747051239014
3,0.5,0.5,0.0,0.0,8,20,3,3,0.29218812907527586,0.2924978798475079,0.7964944021672811,0.7958808511897366,0.6258578876687111,0.8021489417124285,0.8015540214626932,0.6413806962628472,0.652357757883099,0.6514782326134035,0.45219051787202735,0.6518928236684518,0.6510099162702462,0.4514820116115285,0.6838709677419355,0.8099702756191306,0.021715814786689304,0.316023588180542
3,0.5,0.5,0.0,0.0,9,25,3,3,0.29728791127725174,0.29730737121756895,0.7964599900015984,0.7958463173618422,0.6257449183498832,0.8019282820082536,0.8013325861275414,0.6406540834881669,0.6523146093044464,0.6514349462179659,0.45208550297897,0.6516133272375468,0.6507295243611372,0.4508122830368131,0.6815286624203821,0.8073400033199027,0.022396037403263153,0.496945858001709
3,0.5,0.5,0.0,0.25,0,33,3,3,0.29218812907527586,0.2924978798475079,0.7964944021672811,0.7958808511897366,0.6258578876687111,0.8021489417124285,0.8015540214626932,0.6413806962628472,0.652357757883099,0.6514782326134035,0.45219051787202735,0.6518928236684518,0.6510099162702462,0.4514820116115285,0.6838709677419355,0.8099702756191306,0.02171581478668931,0.7470266819000244
3,0.5,0.5,0.0,0.25,1,25,3,3,0.29965609163136636,0.2994088774763782,0.7894055587341606,0.7887667457732628,0.6089106796367217,0.7889606460971244,0.7883188157233192,0.6085417084158432,0.884571929036313,0.8842779076687586,0.8229290651397652,0.8891543252970434,0.8888695855552406,0.8404468849639695,0.7018633540372671,0.8216448894414996,0.020965239338841708,0.5067434310913086
3,0.5,0.5,0.0,0.25,2,19,4,4,0.3075619917035833,0.3073762154095664,0.902462641840836,0.9020594281071008,0.7700580044778049,0.897406368541996,0.8969792788487176,0.7526454569778374,1.0,1.0,1.0,1.0,1.0,1.0,0.7018633540372671,0.8216448894414996,0.025655143757508346,0.14279890060424805
3,0.5,0.5,0.0,0.25,3,30,3,3,0.29582723972303326,0.2956706898560772,0.7904764725728852,0.7898414931742512,0.6114464079728974,0.7852802150932446,0.7846251091678986,0.6010060305727019,0.6448075264531995,0.6439036979318008,0.43874541557546143,0.630488902126393,0.6295363171801378,0.41386322570661177,0.6815286624203821,0.8073400033199027,0.02252039278282545,0.6739532947540283
3,0.5,0.5,0.0,0.25,4,26,3,3,0.2795135602151513,0.27923837447429195,0.7914333662242105,0.7908018077543368,0.6136596154716961,0.7921997857472497,0.7915695648752535,0.6162892627615703,0.646008671947162,0.6451087259279826,0.44081657024714055,0.6392779718964172,0.6383542378752756,0.4282009089578253,0.336734693877551,0.5005005005005004,0.10407243658535842,0.39098191261291504
3,0.5,0.5,0.0,0.25,5,24,3,3,0.29505135991277176,0.2953021663146494,0.7893604470334368,0.7887214729506181,0.6087639900510177,0.7889606460971246,0.7883188157233194,0.6085417084158432,0.6434063406841896,0.6424979775415118,0.4362320611924765,0.6351652836494971,0.6342280982950598,0.42094768363328244,0.6838709677419355,0.8099702756191306,0.022377389010080358,0.3747086524963379
3,0.5,0.5,0.0,0.25,6,51,2,2,0.30676087177327976,0.30676087177327976,0.5886439109427256,0.587918508065989,0.3721699660878811,0.5843445647456531,0.5836076786123202,0.3649394192885749,0.6730637408663831,0.6725695649254293,0.5349795162386692,0.6729934599358478,0.6724929101529477,0.5400412938889216,0.7891156462585034,0.8818945527806287,0.006635345743018439,1.0684101581573486
3,0.5,0.5,0.0,0.25,7,27,2,2,0.29845323867529133,0.2984532386752915,0.5923035749787092,0.5915865303510878,0.37932760189374876,0.5936479709519707,0.5929324165216566,0.3829540138806239,0.39101841460643294,0.3901006933621116,0.20787198190896172,0.3819083766433755,0.38096954587584214,0.19536854482611762,0.7843137254901961,0.8789277081960007,0.007257943273368768,0.6148529052734375
3,0.5,0.5,0.0,0.25,8,32,3,3,0.29965609163136636,0.2994088774763783,0.7894055587341606,0.7887667457732628,0.6089106796367217,0.7889606460971244,0.7883188157233192,0.6085417084158432,0.884571929036313,0.8842779076687586,0.8229290651397652,0.8891543252970434,0.8888695855552406,0.8404468849639695,0.7018633540372671,0.8216448894414996,0.020965239338841715,0.8481998443603516
3,0.5,0.5,0.0,0.25,9,32,3,3,0.30811888854449265,0.3080530431682622,0.7461107003054039,0.7453123569877191,0.4903684174293556,0.7548712966501103,0.7541043224033086,0.5123044922655382,0.588864732068767,0.5877744920517138,0.3218000928493024,0.5917125005777004,0.5906296552873526,0.3282155413169091,0.7671232876712328,0.8758356164383563,0.013148153825505951,0.7466223239898682
3,0.5,0.5,0.0,0.5,0,18,4,4,0.3042848217540427,0.30446028467943204,0.9075030477238635,0.9071224809899361,0.7887321917624809,0.9116055475593928,0.9112424542131328,0.8049349549879696,0.7900275203691858,0.7893107041629336,0.597632408039675,0.7889606460971247,0.7882379262538328,0.5957957470317893,0.6838709677419355,0.8099702756191306,0.026875295899380848,0.11526632308959961
3,0.5,0.5,0.0,0.5,1,19,4,4,0.3033095950933377,0.3032464954491562,0.908286786541069,0.9079097241974984,0.7915753497024844,0.9083491277292126,0.907971490705844,0.7934094346634827,0.7909887969767587,0.7902758452404195,0.6000696491729003,0.7849276230002518,0.7841885630133321,0.586029113950917,0.6883116883116883,0.8162008162008161,0.025638984007359693,0.23473429679870605
3,0.5,0.5,0.0,0.5,2,20,4,4,0.2878514609258369,0.28771988979018603,0.9069960203513316,0.9066131841674229,0.7868715044443074,0.9116055475593928,0.9112424542131328,0.8049349549879696,0.7894055587341606,0.7886862396567129,0.5960355563763461,0.7889606460971244,0.7882379262538325,0.5957957470317893,0.336734693877551,0.5005005005005004,0.10946976680738367,0.35753417015075684
3,0.5,0.5,0.0,0.5,3,32,3,3,0.2972879112772519,0.2973073712175688,0.7964599900015984,0.7958463173618422,0.6257449183498832,0.8019282820082536,0.8013325861275414,0.6406540834881669,0.6523146093044463,0.6514349462179657,0.45208550297897,0.6516133272375468,0.6507295243611372,0.4508122830368131,0.6815286624203821,0.8073400033199027,0.02239603740326314,0.5345566272735596
3,0.5,0.5,0.0,0.5,4,19,4,4,0.3033095950933378,0.30324649544915616,0.908286786541069,0.9079097241974984,0.7915753497024844,0.9083491277292126,0.907971490705844,0.7934094346634827,0.7909887969767587,0.7902758452404195,0.6000696491729003,0.7849276230002519,0.7841885630133323,0.586029113950917,0.6883116883116883,0.8162008162008161,0.0256389840073597,0.14009404182434082
3,0.5,0.5,0.0,0.5,5,19,4,4,0.3075619917035833,0.3073762154095663,0.902462641840836,0.9020594281071008,0.7700580044778049,0.897406368541996,0.8969792788487176,0.7526454569778374,1.0,1.0,1.0,1.0,1.0,1.0,0.7018633540372671,0.8216448894414996,0.02565514375750834,0.16701817512512207
3,0.5,0.5,0.0,0.5,6,18,4,4,0.3033095950933378,0.30324649544915616,0.908286786541069,0.9079097241974984,0.7915753497024844,0.9083491277292126,0.907971490705844,0.7934094346634827,0.7909887969767587,0.7902758452404195,0.6000696491729003,0.7849276230002518,0.7841885630133321,0.586029113950917,0.6883116883116883,0.8162008162008161,0.0256389840073597,0.2840726375579834
3,0.5,0.5,0.0,0.5,7,34,3,3,0.2938321050902911,0.2936534650303344,0.7903227834399137,0.7896872559207784,0.6109458131619562,0.7849276230002521,0.7842712471813089,0.5998687124749003,0.6446145860740942,0.64371013571519,0.4382766299624657,0.6300407065822516,0.6290866490125591,0.41279146196657973,0.6883116883116883,0.8162008162008161,0.021141077118059216,0.666379451751709
3,0.5,0.5,0.0,0.5,8,37,5,5,0.2961510883554918,0.29594913235497516,1.0,1.0,1.0,1.0,1.0,1.0,0.9024626418408359,0.9020594281071007,0.7700580044778049,0.897406368541996,0.8969792788487176,0.7526454569778374,0.336734693877551,0.5005005005005004,0.11415967122605032,0.6192214488983154
3,0.5,0.5,0.0,0.5,9,18,4,4,0.3033095950933378,0.30324649544915616,0.908286786541069,0.9079097241974984,0.7915753497024844,0.9083491277292126,0.907971490705844,0.7934094346634827,0.7909887969767587,0.7902758452404195,0.6000696491729003,0.7849276230002519,0.7841885630133323,0.586029113950917,0.6883116883116883,0.8162008162008161,0.025638984007359707,0.14097881317138672
3,0.5,0.5,0.0,0.75,0,24,10,3,0.14258823033559873,0.2927902506614383,0.6549281621842004,0.6512499433148295,0.49064712653195963,0.7921997857472497,0.7915695648752535,0.6162892627615703,0.535049230199014,0.5310159442152601,0.3309398883631887,0.6392779718964172,0.6383542378752756,0.4282009089578253,0,0.0,inf,0.47473645210266113
3,0.5,0.5,0.0,0.75,1,54,10,4,0.16929244094354476,0.29259011557747117,0.7557360672912745,0.7531997662261083,0.5936581529870795,0.9037907607564276,0.9033926442098374,0.7752391372397232,0.6476963087876566,0.6447250007045088,0.4195727048517888,0.7792775881454951,0.7785155100165547,0.5705119925521072,0,0.0,inf,1.0919063091278076
3,0.5,0.5,0.0,0.75,2,28,3,3,0.2795135602151513,0.27923837447429173,0.7914333662242105,0.7908018077543368,0.6136596154716961,0.7921997857472497,0.7915695648752535,0.6162892627615703,0.646008671947162,0.6451087259279827,0.44081657024714055,0.6392779718964172,0.6383542378752756,0.4282009089578253,0.336734693877551,0.5005005005005004,0.10407243658535843,0.3645777702331543
3,0.5,0.5,0.0,0.75,3,32,10,3,0.1450564751750068,0.2923530258988868,0.6373496150686635,0.6334853354821726,0.47388375071056993,0.7852802150932446,0.7846251091678986,0.6010060305727019,0.5159493646547889,0.5117519500251534,0.3165281240826225,0.630488902126393,0.6295363171801378,0.41386322570661177,0,0.0,inf,0.6185801029205322
3,0.5,0.5,0.0,0.75,4,27,10,4,0.1676911628445696,0.2878557668784955,0.7690076668018844,0.7666159181493721,0.6097175309717466,0.9116055475593928,0.9112424542131328,0.8049349549879696,0.6624384351387445,0.6596001265341541,0.43309491379548726,0.7889606460971244,0.7882379262538325,0.5957957470317893,0,0.0,inf,0.5154232978820801
3,0.5,0.5,0.0,0.75,5,39,10,4,0.1761954866425827,0.30202635184268295,0.7586502013827653,0.7561524880494993,0.6078888102634403,0.897406368541996,0.8969792788487176,0.7526454569778374,0.7724529542025165,0.770540728888217,0.6776400451282437,1.0,1.0,1.0,0,0.0,inf,0.7022078037261963
3,0.5,0.5,0.0,0.75,6,42,10,3,0.1333516033419015,0.29118665518690534,0.5983819135623907,0.5939815256810502,0.3877392367640211,0.7303232410180941,0.7294623299636516,0.45744797462502,0.5709613095638285,0.5671266316727301,0.363825243265367,0.8281626276133816,0.8276964442337125,0.6590455003918929,0,0.0,inf,0.8161087036132812
3,0.5,0.5,0.0,0.75,7,38,10,4,0.1692763885625484,0.2925852644974294,0.7557360672912747,0.7531997662261085,0.5936581529870795,0.9037907607564276,0.9033926442098374,0.7752391372397232,0.6476963087876566,0.6447250007045088,0.4195727048517888,0.7792775881454951,0.7785155100165547,0.5705119925521072,0,0.0,inf,0.7513613700866699
3,0.5,0.5,0.0,0.75,8,29,10,4,0.16801592784646427,0.2878801541896575,0.7690076668018843,0.7666159181493719,0.6097175309717466,0.9116055475593928,0.9112424542131328,0.8049349549879696,0.6624384351387445,0.6596001265341542,0.43309491379548726,0.7889606460971247,0.7882379262538328,0.5957957470317893,0,0.0,inf,0.5777328014373779
3,0.5,0.5,0.0,0.75,9,116,10,3,0.14736004756667462,0.29367885012812467,0.6645007659560603,0.6609201797474413,0.5090495733060294,0.789789857030486,0.789150994948784,0.6112350182388241,0.5453205904183467,0.5413711419077613,0.34677106190608015,0.636218386690312,0.6352846396218612,0.42347263580084515,0,0.0,inf,2.583526372909546
3,0.5,0.5,0.0,1.0,0,1000,10,4,0.14150340238113274,0.2762775015696136,0.6811752437163632,0.677990963890362,0.5421586443663756,0.9083491277292126,0.907971490705844,0.7934094346634827,0.5796859989840661,0.5762850163507517,0.3822438985183578,0.7849276230002519,0.7841885630133323,0.586029113950917,0,0.0,inf,21.364606142044067
3,0.5,0.5,0.0,1.0,1,24,10,4,0.13537407654807496,0.2698415216720882,0.6553000658075359,0.6518507065706454,0.5075916108504934,0.897406368541996,0.8969792788487176,0.7526454569778374,0.6684524478401698,0.6657641336668916,0.5240049033897319,1.0,1.0,1.0,0,0.0,inf,0.648374080657959
3,0.5,0.5,0.0,1.0,2,108,10,4,0.14278564566885685,0.27848676692775015,0.6901729916877711,0.6870444528451072,0.5278630312503069,0.9037907607564276,0.9033926442098374,0.7752391372397232,0.5978241122641496,0.5945312049830258,0.370251756436053,0.7792775881454951,0.7785155100165547,0.5705119925521072,0,0.0,inf,2.2663567066192627
3,0.5,0.5,0.0,1.0,3,109,10,5,0.16814606006143476,0.28534897555365907,0.7923400549918156,0.790305286461492,0.6724894837435968,1.0,1.0,1.0,0.7018877227697646,0.699524333115646,0.4885845563376321,0.897406368541996,0.8969792788487176,0.7526454569778374,0,0.0,inf,2.387855052947998
3,0.5,0.5,0.0,1.0,4,45,10,4,0.15396561212270865,0.2898158680964585,0.706810575552589,0.7038811460070705,0.580351575483939,0.9116055475593928,0.9112424542131328,0.8049349549879696,0.6052104768692552,0.6020146351393638,0.4095954305706322,0.7889606460971244,0.7882379262538325,0.5957957470317893,0,0.0,inf,0.957533597946167
3,0.5,0.5,0.0,1.0,5,39,10,4,0.1526566187159885,0.28662510644787026,0.6824301281533537,0.679251963097857,0.555491540280235,0.897406368541996,0.8969792788487176,0.7526454569778374,0.7019391948733273,0.6995221650033596,0.5668939520232095,1.0,1.0,1.0,0,0.0,inf,1.1198275089263916
3,0.5,0.5,0.0,1.0,6,52,10,4,0.14532353007141655,0.27169090794593453,0.7029444688574074,0.6999773380821858,0.5595378256042403,0.9083491277292126,0.907971490705844,0.7934094346634827,0.6010541295001319,0.5978257290585722,0.39242187142437174,0.7849276230002519,0.7841885630133323,0.586029113950917,0,0.0,inf,1.0225801467895508
3,0.5,0.5,0.0,1.0,7,47,10,3,0.11405203958654868,0.27594927701921657,0.5947878035207705,0.5906361291588941,0.43758945172986513,0.7916267295012033,0.7909944647108239,0.6144266258107057,0.5908280938097432,0.5874253407048605,0.41952026759520117,0.8919096298303802,0.8916326823937588,0.8472089812237649,0,0.0,inf,0.9331767559051514
3,0.5,0.5,0.0,1.0,8,53,10,4,0.14609672105079896,0.27884177385355485,0.6913098946170811,0.6881928358742124,0.535794568343805,0.9037907607564276,0.9033926442098374,0.7752391372397232,0.5990571977323546,0.595774386621191,0.3768757304684791,0.7792775881454947,0.7785155100165544,0.5705119925521072,0,0.0,inf,1.0447912216186523
3,0.5,0.5,0.0,1.0,9,177,10,3,0.10818875463762369,0.2659200338454531,0.5893384372110294,0.5850922566271518,0.4106794561659492,0.7921997857472497,0.7915695648752535,0.6162892627615703,0.4700668465469554,0.4656160771187997,0.2645529474091783,0.6392779718964172,0.6383542378752756,0.4282009089578253,0,0.0,inf,3.748218297958374
3,0.5,0.5,0.25,0.0,0,28,4,4,0.30330959509333777,0.30324649544915616,0.908286786541069,0.9079097241974984,0.7915753497024844,0.9083491277292126,0.907971490705844,0.7934094346634827,0.7909887969767587,0.7902758452404195,0.6000696491729003,0.7849276230002518,0.7841885630133321,0.586029113950917,0.6883116883116883,0.8162008162008161,0.0256389840073597,0.448528528213501
3,0.5,0.5,0.25,0.0,1,38,3,3,0.29505135991277176,0.2953021663146493,0.7893604470334368,0.7887214729506181,0.6087639900510177,0.7889606460971246,0.7883188157233194,0.6085417084158432,0.6434063406841896,0.6424979775415118,0.4362320611924765,0.6351652836494971,0.6342280982950598,0.42094768363328244,0.6838709677419355,0.8099702756191306,0.02237738901008035,0.9461257457733154
3,0.5,0.5,0.25,0.0,2,15,4,4,0.30428482175404264,0.30446028467943204,0.9075030477238635,0.9071224809899361,0.7887321917624809,0.9116055475593928,0.9112424542131328,0.8049349549879696,0.7900275203691857,0.7893107041629335,0.597632408039675,0.7889606460971247,0.7882379262538328,0.5957957470317893,0.6838709677419355,0.8099702756191306,0.026875295899380827,0.10479140281677246
3,0.5,0.5,0.25,0.0,3,30,3,3,0.29479873514155075,0.2948250570627073,0.7964875200702813,0.7958739447619763,0.6258352922217565,0.8021489417124285,0.8015540214626932,0.6413806962628472,0.652349128612483,0.6514695757814328,0.45216951389927995,0.651892823668452,0.6510099162702464,0.4514820116115285,0.6883116883116883,0.8162008162008161,0.02094907958869307,0.7180461883544922
3,0.5,0.5,0.25,0.0,4,33,3,3,0.3000960427427212,0.30006657630309463,0.7919954100813235,0.791365859225642,0.6149134768877957,0.792676458447326,0.7920479364188314,0.6178455857756018,0.6467140735940204,0.6458164057367728,0.44198892731327694,0.6398829605162113,0.6389611927460442,0.42965422834092154,0.6883116883116883,0.8162008162008161,0.0207152698411587,0.8245456218719482
3,0.5,0.5,0.25,0.0,5,15,3,3,0.2950513599127718,0.2953021663146494,0.7893604470334368,0.7887214729506181,0.6087639900510177,0.7889606460971246,0.7883188157233194,0.6085417084158432,0.6434063406841896,0.6424979775415118,0.4362320611924765,0.6351652836494971,0.6342280982950598,0.42094768363328244,0.6838709677419355,0.8099702756191306,0.022377389010080344,0.10689258575439453
3,0.5,0.5,0.25,0.0,6,17,4,4,0.2878514609258369,0.28771988979018587,0.9069960203513316,0.9066131841674229,0.7868715044443074,0.9116055475593928,0.9112424542131328,0.8049349549879696,0.7894055587341606,0.7886862396567129,0.5960355563763461,0.7889606460971247,0.7882379262538328,0.5957957470317893,0.336734693877551,0.5005005005005004,0.10946976680738366,0.22937488555908203
3,0.5,0.5,0.25,0.0,7,113,3,3,0.2972879112772519,0.2973073712175688,0.7964599900015984,0.7958463173618422,0.6257449183498832,0.8019282820082536,0.8013325861275414,0.6406540834881669,0.6523146093044463,0.6514349462179657,0.45208550297897,0.6516133272375468,0.6507295243611372,0.4508122830368131,0.6815286624203821,0.8073400033199027,0.02239603740326314,2.8504416942596436
3,0.5,0.5,0.25,0.0,8,35,3,3,0.2795135602151513,0.27923837447429173,0.7914333662242105,0.7908018077543368,0.6136596154716961,0.7921997857472497,0.7915695648752535,0.6162892627615703,0.646008671947162,0.6451087259279827,0.44081657024714055,0.6392779718964172,0.6383542378752756,0.4282009089578253,0.336734693877551,0.5005005005005004,0.10407243658535846,0.9495716094970703
3,0.5,0.5,0.25,0.0,9,25,3,3,0.31587092761855684,0.31601918829077646,0.739964857200733,0.7391430675807574,0.476493102656082,0.7303232410180941,0.7294623299636516,0.45744797462502,0.8332735078549995,0.8328288887203085,0.6662608393363932,0.8281626276133816,0.8276964442337125,0.6590455003918929,0.7808219178082192,0.8778008778008778,0.011325250161685077,0.18981528282165527
3,0.5,0.5,0.25,0.25,0,26,3,3,0.2785744355817691,0.2783501041122962,0.7913824111123083,0.7907506711775147,0.6134933585107952,0.7926764584473263,0.7920479364188315,0.6178455857756018,0.645944716059865,0.6450445642221218,0.44066106472118616,0.6398829605162116,0.6389611927460445,0.42965422834092154,0.336734693877551,0.5005005005005004,0.1040764759471578,0.6182928085327148
3,0.5,0.5,0.25,0.25,1,32,4,4,0.30330959509333777,0.30324649544915616,0.908286786541069,0.9079097241974984,0.7915753497024844,0.9083491277292126,0.907971490705844,0.7934094346634827,0.7909887969767586,0.7902758452404194,0.6000696491729003,0.7849276230002519,0.7841885630133323,0.586029113950917,0.6883116883116883,0.8162008162008161,0.02563898400735969,0.7254939079284668
3,0.5,0.5,0.25,0.25,2,33,5,5,0.29615108835549186,0.29594913235497505,1.0,1.0,1.0,1.0,1.0,1.0,0.902462641840836,0.9020594281071008,0.7700580044778049,0.897406368541996,0.8969792788487176,0.7526454569778374,0.336734693877551,0.5005005005005004,0.11415967122605031,0.8245959281921387
3,0.5,0.5,0.25,0.25,3,23,3,3,0.3158709276185572,0.3160191882907765,0.739964857200733,0.7391430675807574,0.476493102656082,0.7303232410180941,0.7294623299636516,0.45744797462502,0.8332735078549995,0.8328288887203085,0.6662608393363932,0.8281626276133816,0.8276964442337125,0.6590455003918929,0.7808219178082192,0.8778008778008778,0.011325250161685074,0.44821763038635254
3,0.5,0.5,0.25,0.25,4,26,3,3,0.29479873514155086,0.2948250570627074,0.7964875200702813,0.7958739447619763,0.6258352922217565,0.8021489417124285,0.8015540214626932,0.6413806962628472,0.652349128612483,0.6514695757814328,0.45216951389927995,0.6518928236684518,0.6510099162702462,0.4514820116115285,0.6883116883116883,0.8162008162008161,0.020949079588693055,0.4202125072479248
3,0.5,0.5,0.25,0.25,5,110,2,2,0.3065022615582611,0.306502261558261,0.5864457028076931,0.5857152626526245,0.36794884669240996,0.581408430461704,0.5806647649710639,0.35946576657210166,0.6707000927129853,0.6702014414849433,0.5295124914864294,0.6698226521030716,0.6693160184610265,0.5327971294054453,0.773972602739726,0.8768458380861481,0.007680011431234847,2.4792861938476562
3,0.5,0.5,0.25,0.25,6,32,2,2,0.3068011020001426,0.30680110200014254,0.5878399019601795,0.5871126581313231,0.3706193494105449,0.5879077429223252,0.5871790535706989,0.3717161405198315,0.672199343603704,0.6717035325534596,0.5329726615200185,0.6768387497441452,0.676345545785955,0.5489778408135174,0.782312925170068,0.8809830238401667,0.0071186109610657765,0.5714845657348633
3,0.5,0.5,0.25,0.25,7,34,3,3,0.3198900123088649,0.31988146072674895,0.7382712632211267,0.7374429749388643,0.4728567797325691,0.7375733655715297,0.7367405406672015,0.4724246305454723,0.831507283795988,0.8310572568623777,0.6618054094433068,0.8357447021357429,0.8353020509100346,0.6777225590952062,0.7671232876712328,0.8758356164383563,0.012278092073757303,0.5380599498748779
3,0.5,0.5,0.25,0.25,8,30,3,3,0.29837031231076755,0.2986255727684463,0.7920532465028122,0.791423901436366,0.6151023239096007,0.7921997857472497,0.7915695648752535,0.6162892627615703,0.646786657590236,0.6458892231046282,0.44216543450967255,0.6392779718964172,0.6383542378752756,0.4282009089578253,0.6838709677419355,0.8099702756191306,0.021477965677355604,0.5225780010223389
3,0.5,0.5,0.25,0.25,9,21,4,4,0.3042848217540427,0.30446028467943204,0.9075030477238635,0.9071224809899361,0.7887321917624809,0.9116055475593928,0.9112424542131328,0.8049349549879696,0.7900275203691858,0.7893107041629336,0.597632408039675,0.7889606460971247,0.7882379262538328,0.5957957470317893,0.6838709677419355,0.8099702756191306,0.026875295899380848,0.10468482971191406
3,0.5,0.5,0.25,0.5,0,38,3,3,0.29218812907527586,0.2924978798475077,0.7964944021672811,0.7958808511897366,0.6258578876687111,0.8021489417124285,0.8015540214626932,0.6413806962628472,0.652357757883099,0.6514782326134035,0.45219051787202735,0.6518928236684518,0.6510099162702462,0.4514820116115285,0.6838709677419355,0.8099702756191306,0.021715814786689318,0.6106512546539307
3,0.5,0.5,0.25,0.5,1,31,4,4,0.30330959509333777,0.3032464954491562,0.908286786541069,0.9079097241974984,0.7915753497024844,0.9083491277292126,0.907971490705844,0.7934094346634827,0.7909887969767586,0.7902758452404194,0.6000696491729003,0.7849276230002518,0.7841885630133321,0.586029113950917,0.6883116883116883,0.8162008162008161,0.02563898400735969,0.44012451171875
3,0.5,0.5,0.25,0.5,2,80,2,2,0.29845323867529133,0.2984532386752915,0.5923035749787092,0.5915865303510878,0.37932760189374876,0.5936479709519707,0.5929324165216566,0.3829540138806239,0.39101841460643294,0.3901006933621116,0.20787198190896172,0.3819083766433755,0.38096954587584214,0.19536854482611762,0.7843137254901961,0.8789277081960007,0.007257943273368768,1.8679237365722656
3,0.5,0.5,0.25,0.5,3,52,4,4,0.28999564489917856,0.28967696566936396,0.9041296431413824,0.9037339420232676,0.7760883163884392,0.9000920107272863,0.8996771460213145,0.7622414951112423,0.7858882559572731,0.7851547448691063,0.586753001857982,0.7746891130677099,0.7739081836339227,0.5593213086866492,0.336734693877551,0.5005005005005004,0.10876234100402507,1.446012020111084
3,0.5,0.5,0.25,0.5,4,79,4,4,0.28999564489917856,0.28967696566936396,0.9041296431413824,0.9037339420232676,0.7760883163884392,0.9000920107272863,0.8996771460213145,0.7622414951112423,0.7858882559572731,0.7851547448691063,0.586753001857982,0.7746891130677099,0.7739081836339227,0.5593213086866492,0.336734693877551,0.5005005005005004,0.10876234100402507,2.1344187259674072
3,0.5,0.5,0.25,0.5,5,112,3,3,0.28007014749666437,0.2797651948227627,0.7912521513553256,0.7906199474689949,0.6130686761259063,0.7916267295012034,0.790994464710824,0.6144266258107057,0.6457812186532956,0.6448805405867795,0.4402637862713665,0.6385505741240013,0.637624474122608,0.42645992265876403,0.336734693877551,0.5005005005005004,0.10414007873516226,2.308213233947754
3,0.5,0.5,0.25,0.5,6,111,4,4,0.2926859041788298,0.2924940346636297,0.9032922516795583,0.9028927793128343,0.7730668342239174,0.9037907607564276,0.9033926442098374,0.7752391372397232,0.7848603265332942,0.7841226529242772,0.5841432909559504,0.7792775881454951,0.7785155100165547,0.5705119925521072,0.336734693877551,0.5005005005005004,0.10923595705984929,2.2280540466308594
3,0.5,0.5,0.25,0.5,7,65,3,3,0.29582723972303326,0.2956706898560769,0.7904764725728854,0.7898414931742513,0.6114464079728974,0.7852802150932446,0.7846251091678986,0.6010060305727019,0.6448075264531996,0.6439036979318009,0.43874541557546143,0.630488902126393,0.6295363171801378,0.41386322570661177,0.6815286624203821,0.8073400033199027,0.022520392782825457,1.523977518081665
3,0.5,0.5,0.25,0.5,8,31,3,3,0.3198900123088649,0.31988146072674895,0.7382712632211267,0.7374429749388643,0.4728567797325691,0.7375733655715297,0.7367405406672015,0.4724246305454723,0.831507283795988,0.8310572568623777,0.6618054094433068,0.8357447021357429,0.8353020509100346,0.6777225590952062,0.7671232876712328,0.8758356164383563,0.012278092073757303,0.7832896709442139
3,0.5,0.5,0.25,0.5,9,28,3,3,0.29218812907527586,0.2924978798475079,0.7964944021672811,0.7958808511897366,0.6258578876687111,0.8021489417124285,0.8015540214626932,0.6413806962628472,0.652357757883099,0.6514782326134035,0.45219051787202735,0.6518928236684518,0.6510099162702462,0.4514820116115285,0.6838709677419355,0.8099702756191306,0.02171581478668931,0.5924279689788818
3,0.5,0.5,0.25,0.75,0,22,10,4,0.15947301411076553,0.2984049929754996,0.7599534700437276,0.7575281952007192,0.5887959002101458,0.9116055475593928,0.9112424542131328,0.8049349549879696,0.6577753244805942,0.6549716857058,0.4156044640438741,0.7889606460971247,0.7882379262538328,0.5957957470317893,0.3333333333333333,0.5005005005005004,0.7678724567129056,0.6346688270568848
3,0.5,0.5,0.25,0.75,1,42,5,5,0.2961510883554918,0.29594913235497505,1.0,1.0,1.0,1.0,1.0,1.0,0.9024626418408362,0.9020594281071009,0.7700580044778049,0.897406368541996,0.8969792788487176,0.7526454569778374,0.336734693877551,0.5005005005005004,0.11415967122605031,1.1483476161956787
3,0.5,0.5,0.25,0.75,2,48,10,4,0.15188643710081975,0.2898067711427586,0.7331198992033962,0.7304104856051175,0.5475704959318268,0.9000920107272863,0.8996771460213145,0.7622414951112423,0.6253638017998765,0.6222786480614777,0.3806398702377948,0.7746891130677099,0.7739081836339227,0.5593213086866492,0.3333333333333333,0.5005005005005004,0.773361316193188,1.1221423149108887
3,0.5,0.5,0.25,0.75,3,31,10,4,0.16460685828801333,0.2993888585857389,0.7656075559620612,0.7632445317271015,0.6117835440002726,0.9083491277292126,0.907971490705844,0.7934094346634827,0.6613798634556711,0.6586122436660068,0.4342505595391922,0.7849276230002518,0.7841885630133321,0.586029113950917,0.3333333333333333,0.5005005005005004,0.7043616838463811,0.6016714572906494
3,0.5,0.5,0.25,0.75,4,29,10,3,0.125776098174192,0.28869050878115876,0.6808892410694048,0.6775814625536035,0.514929988251703,0.7889606460971246,0.7883188157233194,0.6085417084158432,0.5663243061428834,0.562672326946767,0.35255655157507515,0.6351652836494971,0.6342280982950598,0.42094768363328244,0.3333333333333333,0.5005005005005004,0.7756617988907959,0.5691728591918945
3,0.5,0.5,0.25,0.75,5,29,3,3,0.28007014749666437,0.2797651948227627,0.7912521513553256,0.7906199474689949,0.6130686761259063,0.7916267295012034,0.790994464710824,0.6144266258107057,0.6457812186532956,0.6448805405867795,0.4402637862713665,0.6385505741240013,0.637624474122608,0.42645992265876403,0.336734693877551,0.5005005005005004,0.10414007873516229,0.6403734683990479
3,0.5,0.5,0.25,0.75,6,64,3,3,0.2795135602151513,0.27923837447429173,0.7914333662242105,0.7908018077543368,0.6136596154716961,0.7921997857472497,0.7915695648752535,0.6162892627615703,0.646008671947162,0.6451087259279827,0.44081657024714055,0.6392779718964172,0.6383542378752756,0.4282009089578253,0.336734693877551,0.5005005005005004,0.10407243658535842,1.7572410106658936
3,0.5,0.5,0.25,0.75,7,14,4,4,0.3021109933004302,0.3015565667823395,0.8617417955084842,0.8611722703621156,0.7550082805179222,0.897406368541996,0.8969792788487176,0.7526454569778374,0.9465709379793488,0.9463882984222741,0.9585762178163612,1.0,1.0,1.0,0.7687074829931972,0.850474534685061,0.014031552337908329,0.17734599113464355
3,0.5,0.5,0.25,0.75,8,114,10,4,0.16108059673837627,0.29496926861121275,0.7556383070809326,0.7531697095542585,0.595190717363836,0.9083491277292126,0.907971490705844,0.7934094346634827,0.6503417649637042,0.6474775830722357,0.4204898130865978,0.7849276230002518,0.7841885630133321,0.586029113950917,0.3333333333333333,0.5005005005005004,0.7555494423539848,2.913778305053711
3,0.5,0.5,0.25,0.75,9,38,10,4,0.1389440918625718,0.2536313055877955,0.6914707324401016,0.6882885325635988,0.5011711943035263,0.897406368541996,0.8969792788487176,0.7526454569778374,0.6987655838419565,0.6962425005783761,0.5840845485171989,1.0,1.0,1.0,0.23684210526315788,0.39551746868820037,0.910169972343498,0.9460527896881104
3,0.5,0.5,0.25,1.0,0,43,10,4,0.14193499034822435,0.284681269210369,0.7182051098679607,0.7154395207757837,0.5772240833381971,0.9116055475593928,0.9112424542131328,0.8049349549879696,0.6290467633210242,0.6261004640414061,0.40922088870709306,0.7889606460971247,0.7882379262538328,0.5957957470317893,0.24242424242424243,0.42147410568463195,1.17878039370539,1.2651917934417725
3,0.5,0.5,0.25,1.0,1,38,10,4,0.13365885226082183,0.27851208557249707,0.6871819592320609,0.6840746523529356,0.5187423220795784,0.9037907607564276,0.9033926442098374,0.7752391372397232,0.5978553115827078,0.5946195919361973,0.3647070083250355,0.7792775881454951,0.7785155100165547,0.5705119925521072,0.24242424242424243,0.38887808671981333,1.2383714041971967,1.0328731536865234
3,0.5,0.5,0.25,1.0,2,112,10,4,0.12652857624288608,0.26854949015063595,0.6809028751547985,0.6777331964217355,0.5068276260578324,0.9037907607564276,0.9033926442098374,0.7752391372397232,0.5710230225929547,0.5675714061134245,0.3472241503268604,0.7792775881454947,0.7785155100165544,0.5705119925521072,0.24242424242424243,0.38887808671981333,1.2383714041971965,3.4557788372039795
3,0.5,0.5,0.25,1.0,3,34,10,4,0.1137961269515405,0.25148800959362294,0.6328741549847184,0.6292701072778065,0.46150405370678754,0.9083491277292126,0.907971490705844,0.7934094346634827,0.5722902589316746,0.5688921560040648,0.35926733098585756,0.7849276230002519,0.7841885630133323,0.586029113950917,0.24242424242424243,0.42147410568463195,1.18065690377437,0.7845423221588135
3,0.5,0.5,0.25,1.0,4,34,10,4,0.13453748111083155,0.2811571803267006,0.7062149800025064,0.703304082696856,0.5292540331905472,0.9137594533047027,0.9134059329538328,0.8127690521941776,0.6073990462798866,0.6042486904861258,0.3713557948622145,0.7916267295012032,0.7909147573609078,0.602400964174539,0.24242424242424243,0.4126263668248401,1.2385835316414777,0.9847514629364014
3,0.5,0.5,0.25,1.0,5,111,10,4,0.12892941902812655,0.27223428811693184,0.6980277498806767,0.6950343031814048,0.5280955378721011,0.9083491277292126,0.907971490705844,0.7934094346634827,0.5966403078371352,0.5934019556982891,0.36677133344364327,0.7849276230002519,0.7841885630133323,0.586029113950917,0.24242424242424243,0.40795512493625696,1.2387734179796235,2.746182441711426
3,0.5,0.5,0.25,1.0,6,111,10,3,0.10495555168629359,0.27553266273611915,0.5987303877444967,0.5947110799237608,0.4333751648682268,0.7921997857472497,0.7915695648752535,0.6162892627615703,0.48104023712729677,0.4768272077754413,0.2858758913866911,0.6392779718964172,0.6383542378752756,0.4282009089578253,0.24087591240875914,0.363000363000363,1.3941345243252785,3.4067025184631348
3,0.5,0.5,0.25,1.0,7,38,10,4,0.11374844670308136,0.22562592944234552,0.6485746439686583,0.6450699339317014,0.45956606652864757,0.9116055475593928,0.9112424542131328,0.8049349549879696,0.5381324976781808,0.5344005609316491,0.308449691995484,0.7889606460971247,0.7882379262538328,0.5957957470317893,0.24242424242424243,0.42147410568463195,1.3943946409715307,0.8968541622161865
3,0.5,0.5,0.25,1.0,8,1000,10,4,0.13583961128701347,0.27017015669892597,0.6860367481942744,0.6829523091879951,0.5596670896255386,0.9059896953135614,0.9056014712345598,0.78488266182146,0.5947248785097808,0.5915024488814115,0.3973324455915171,0.7820038042783822,0.7812528432163193,0.5787657424083629,0.24242424242424243,0.42147410568463195,1.187257940253741,21.630417108535767
3,0.5,0.5,0.25,1.0,9,111,10,5,0.16538399587549413,0.2856633247738629,0.8000202265721568,0.7980850560426616,0.6818708259415689,1.0,1.0,1.0,0.7093513363457343,0.707077389730824,0.4916246075713826,0.897406368541996,0.8969792788487176,0.7526454569778374,0.24242424242424243,0.42147410568463195,1.0139533234159033,3.3870856761932373
3,0.5,0.5,0.5,0.0,0,37,3,3,0.31587092761855684,0.31601918829077646,0.739964857200733,0.7391430675807574,0.476493102656082,0.7303232410180941,0.7294623299636516,0.45744797462502,0.8332735078549995,0.8328288887203085,0.6662608393363932,0.8281626276133816,0.8276964442337125,0.6590455003918929,0.7808219178082192,0.8778008778008778,0.011325250161685077,0.9737284183502197
3,0.5,0.5,0.5,0.0,1,18,4,4,0.30225652517010054,0.30219976768382173,0.9062134325366954,0.9058270894842647,0.7840181975146335,0.9059896953135614,0.9056014712345598,0.78488266182146,0.7884454500433647,0.7877222627828132,0.5935840403399594,0.7820038042783822,0.7812528432163193,0.5787657424083629,0.6815286624203821,0.8073400033199027,0.0279177230048507,0.14100027084350586
3,0.5,0.5,0.5,0.0,2,29,3,3,0.29728791127725174,0.29730737121756895,0.7964599900015984,0.7958463173618422,0.6257449183498832,0.8019282820082536,0.8013325861275414,0.6406540834881669,0.6523146093044464,0.6514349462179659,0.45208550297897,0.6516133272375468,0.6507295243611372,0.4508122830368131,0.6815286624203821,0.8073400033199027,0.02239603740326314,0.6811859607696533
3,0.5,0.5,0.5,0.0,3,53,10,4,0.18015456732476307,0.2833628061236795,0.7602298893611245,0.7576822379861644,0.6151776771242681,0.9137594533047027,0.9134059329538328,0.8127690521941776,0.6806539147492703,0.6778950246281207,0.4600917117575579,0.7916267295012032,0.7909147573609078,0.602400964174539,0,0.0,inf,1.32413911819458
3,0.5,0.5,0.5,0.0,4,61,4,4,0.30225652517010054,0.30219976768382184,0.9062134325366954,0.9058270894842647,0.7840181975146335,0.9059896953135614,0.9056014712345598,0.78488266182146,0.7884454500433647,0.7877222627828132,0.5935840403399594,0.7820038042783822,0.7812528432163193,0.5787657424083629,0.6815286624203821,0.8073400033199027,0.027917723004850688,1.1424391269683838
3,0.5,0.5,0.5,0.0,5,44,2,2,0.3068011020001426,0.30680110200014254,0.5878399019601795,0.5871126581313231,0.3706193494105449,0.5879077429223252,0.5871790535706989,0.3717161405198315,0.672199343603704,0.6717035325534596,0.5329726615200185,0.6768387497441452,0.676345545785955,0.5489778408135174,0.782312925170068,0.8809830238401667,0.00711861096106578,0.7864863872528076
3,0.5,0.5,0.5,0.0,6,51,2,2,0.3068011020001426,0.30680110200014254,0.5878399019601795,0.5871126581313231,0.3706193494105449,0.5879077429223252,0.5871790535706989,0.3717161405198315,0.672199343603704,0.6717035325534596,0.5329726615200185,0.6768387497441452,0.676345545785955,0.5489778408135174,0.782312925170068,0.8809830238401667,0.00711861096106578,0.9462084770202637
3,0.5,0.5,0.5,0.0,7,18,4,4,0.3075619917035833,0.3073762154095663,0.902462641840836,0.9020594281071008,0.7700580044778049,0.897406368541996,0.8969792788487176,0.7526454569778374,1.0,1.0,1.0,1.0,1.0,1.0,0.7018633540372671,0.8216448894414996,0.025655143757508353,0.21437573432922363
3,0.5,0.5,0.5,0.0,8,21,4,4,0.30330959509333777,0.30324649544915616,0.908286786541069,0.9079097241974984,0.7915753497024844,0.9083491277292126,0.907971490705844,0.7934094346634827,0.7909887969767587,0.7902758452404195,0.6000696491729003,0.7849276230002518,0.7841885630133321,0.586029113950917,0.6883116883116883,0.8162008162008161,0.025638984007359707,0.24295401573181152
3,0.5,0.5,0.5,0.0,9,33,4,4,0.3042848217540427,0.30446028467943204,0.9075030477238635,0.9071224809899361,0.7887321917624809,0.9116055475593928,0.9112424542131328,0.8049349549879696,0.7900275203691858,0.7893107041629336,0.597632408039675,0.7889606460971244,0.7882379262538325,0.5957957470317893,0.6838709677419355,0.8099702756191306,0.026875295899380827,0.5586674213409424
3,0.5,0.5,0.5,0.25,0,62,2,2,0.3068011020001426,0.30680110200014254,0.5878399019601795,0.5871126581313231,0.3706193494105449,0.5879077429223252,0.5871790535706989,0.3717161405198315,0.672199343603704,0.6717035325534596,0.5329726615200185,0.6768387497441452,0.676345545785955,0.5489778408135174,0.782312925170068,0.8809830238401667,0.0071186109610657765,1.104931354522705
3,0.5,0.5,0.5,0.25,1,44,3,3,0.31164303676596344,0.31171724552657604,0.7354729417434915,0.734633884876582,0.4668474983380486,0.7250071641342934,0.7241254949570672,0.44647024161769056,0.8285876433343167,0.8281286458472752,0.6544238835522656,0.8225957765145105,0.8221121462071457,0.6452535784679942,0.7671232876712328,0.8758356164383563,0.013201697032822396,0.9152755737304688
3,0.5,0.5,0.5,0.25,2,19,4,4,0.3042848217540426,0.304460284679432,0.9075030477238635,0.9071224809899361,0.7887321917624809,0.9116055475593928,0.9112424542131328,0.8049349549879696,0.7900275203691858,0.7893107041629336,0.597632408039675,0.7889606460971247,0.7882379262538328,0.5957957470317893,0.6838709677419355,0.8099702756191306,0.02687529589938084,0.11822652816772461
3,0.5,0.5,0.5,0.25,3,27,4,4,0.30428482175404264,0.30446028467943204,0.9075030477238635,0.9071224809899361,0.7887321917624809,0.9116055475593928,0.9112424542131328,0.8049349549879696,0.7900275203691858,0.7893107041629336,0.597632408039675,0.7889606460971247,0.7882379262538328,0.5957957470317893,0.6838709677419355,0.8099702756191306,0.026875295899380848,0.6756315231323242
3,0.5,0.5,0.5,0.25,4,21,4,4,0.30330959509333777,0.30324649544915616,0.908286786541069,0.9079097241974984,0.7915753497024844,0.9083491277292126,0.907971490705844,0.7934094346634827,0.7909887969767587,0.7902758452404195,0.6000696491729003,0.7849276230002518,0.7841885630133321,0.586029113950917,0.6883116883116883,0.8162008162008161,0.025638984007359707,0.25950002670288086
3,0.5,0.5,0.5,0.25,5,28,4,4,0.3033095950933377,0.30324649544915616,0.908286786541069,0.9079097241974984,0.7915753497024844,0.9083491277292126,0.907971490705844,0.7934094346634827,0.7909887969767587,0.7902758452404195,0.6000696491729003,0.7849276230002519,0.7841885630133323,0.586029113950917,0.6883116883116883,0.8162008162008161,0.025638984007359693,0.5286011695861816
3,0.5,0.5,0.5,0.25,6,109,3,3,0.3034411497477426,0.3031720513147306,0.7919171422000004,0.7912873128296978,0.6146580667163571,0.7916267295012033,0.7909944647108239,0.6144266258107057,0.8871644058134939,0.8868776795289721,0.8294919785110026,0.8919096298303802,0.8916326823937588,0.8472089812237649,0.7018633540372671,0.8216448894414996,0.020133458155920797,3.34965443611145
3,0.5,0.5,0.5,0.25,7,89,10,4,0.1342394714027451,0.21405047562970558,0.6748616041092178,0.6713991072060912,0.4767290636266269,0.9137594533047027,0.9134059329538328,0.8127690521941776,0.5568773171097898,0.5530372896364768,0.3190261761582548,0.7916267295012033,0.7909147573609079,0.602400964174539,0.1951219512195122,0.36126351915825594,0.5568763872394858,2.6797146797180176
3,0.5,0.5,0.5,0.25,8,72,3,3,0.29218812907527586,0.2924978798475078,0.7964944021672811,0.7958808511897366,0.6258578876687111,0.8021489417124285,0.8015540214626932,0.6413806962628472,0.652357757883099,0.6514782326134035,0.45219051787202735,0.6518928236684518,0.6510099162702462,0.4514820116115285,0.6838709677419355,0.8099702756191306,0.021715814786689304,1.9349920749664307
3,0.5,0.5,0.5,0.25,9,21,3,3,0.29965609163136653,0.29940887747637823,0.7894055587341606,0.7887667457732628,0.6089106796367217,0.7889606460971244,0.7883188157233192,0.6085417084158432,0.884571929036313,0.8842779076687586,0.8229290651397652,0.8891543252970434,0.8888695855552406,0.8404468849639695,0.7018633540372671,0.8216448894414996,0.020965239338841715,0.2989344596862793
3,0.5,0.5,0.5,0.5,0,33,3,3,0.29965609163136653,0.29940887747637834,0.7894055587341606,0.7887667457732628,0.6089106796367217,0.7889606460971244,0.7883188157233192,0.6085417084158432,0.884571929036313,0.8842779076687586,0.8229290651397652,0.8891543252970434,0.8888695855552406,0.8404468849639695,0.7018633540372671,0.8216448894414996,0.0209652393388417,0.47074317932128906
3,0.5,0.5,0.5,0.5,1,61,10,4,0.15338444618495753,0.282184240685085,0.7193272610580184,0.7164357599917718,0.5175360684131861,0.9000920107272863,0.8996771460213145,0.7622414951112423,0.6087179386846809,0.6054443440046235,0.35471562462692713,0.7746891130677099,0.7739081836339227,0.5593213086866492,0.24242424242424243,0.410667077333744,0.1793932660163453,1.2143609523773193
3,0.5,0.5,0.5,0.5,2,43,3,3,0.3000960427427212,0.30006657630309463,0.7919954100813236,0.7913658592256422,0.6149134768877957,0.7926764584473263,0.7920479364188315,0.6178455857756018,0.6467140735940204,0.6458164057367728,0.44198892731327694,0.6398829605162114,0.6389611927460443,0.42965422834092154,0.6883116883116883,0.8162008162008161,0.020715269841158707,0.7872202396392822
3,0.5,0.5,0.5,0.5,3,108,3,3,0.29505135991277176,0.2953021663146493,0.7893604470334368,0.7887214729506181,0.6087639900510177,0.7889606460971246,0.7883188157233194,0.6085417084158432,0.6434063406841896,0.6424979775415118,0.4362320611924765,0.6351652836494971,0.6342280982950598,0.42094768363328244,0.6838709677419355,0.8099702756191306,0.02237738901008035,2.2802224159240723
3,0.5,0.5,0.5,0.5,4,65,4,4,0.3022565251701006,0.30219976768382173,0.9062134325366955,0.9058270894842648,0.7840181975146335,0.9059896953135614,0.9056014712345598,0.78488266182146,0.7884454500433649,0.7877222627828133,0.5935840403399594,0.7820038042783822,0.7812528432163193,0.5787657424083629,0.6815286624203821,0.8073400033199027,0.0279177230048507,1.2020459175109863
3,0.5,0.5,0.5,0.5,5,19,3,3,0.29582723972303343,0.29567068985607725,0.7904764725728854,0.7898414931742513,0.6114464079728974,0.7852802150932446,0.7846251091678986,0.6010060305727019,0.6448075264531996,0.6439036979318009,0.43874541557546143,0.630488902126393,0.6295363171801378,0.41386322570661177,0.6815286624203821,0.8073400033199027,0.02252039278282545,0.08339476585388184
3,0.5,0.5,0.5,0.5,6,37,10,4,0.15016376835576625,0.28747939493722424,0.74002873191748,0.7373993524166171,0.5886017701039116,0.9037907607564276,0.9033926442098374,0.7752391372397232,0.6420470679096352,0.6391112112567909,0.4168858106262299,0.7792775881454951,0.7785155100165547,0.5705119925521072,0.24242424242424243,0.410667077333744,0.17913855821081417,0.7139871120452881
3,0.5,0.5,0.5,0.5,7,68,10,4,0.12362930940456979,0.22262343641713975,0.6804652460501707,0.6771613797605879,0.4771652295243639,0.9116055475593928,0.9112424542131328,0.8049349549879696,0.5842297569587857,0.5807380545528357,0.32609409514915444,0.7889606460971244,0.7882379262538325,0.5957957470317893,0.24242424242424243,0.410667077333744,0.17113249309747183,1.6717512607574463
3,0.5,0.5,0.5,0.5,8,78,10,4,0.12097553405073884,0.21864993223164006,0.6828480704628179,0.679570687664164,0.4834932787593769,0.9116055475593928,0.9112424542131328,0.8049349549879696,0.5688238701633932,0.5652049939098854,0.3260571896951413,0.7889606460971247,0.7882379262538328,0.5957957470317893,0.24242424242424243,0.410667077333744,0.17359699430922476,2.3837080001831055
3,0.5,0.5,0.5,0.5,9,40,3,3,0.31989001230886477,0.31988146072674917,0.7382712632211267,0.7374429749388643,0.4728567797325691,0.7375733655715297,0.7367405406672015,0.4724246305454723,0.831507283795988,0.8310572568623777,0.6618054094433068,0.8357447021357429,0.8353020509100346,0.6777225590952062,0.7671232876712328,0.8758356164383563,0.012278092073757307,0.7161784172058105
3,0.5,0.5,0.5,0.75,0,74,10,4,0.1309268319821654,0.26666758950243996,0.6966054865554135,0.69355714861147,0.5143062699944922,0.897406368541996,0.8969792788487176,0.7526454569778374,0.6947309099827225,0.6922444763923212,0.5476412013878104,1.0,1.0,1.0,0.3170731707317073,0.45394231440743066,0.27075293782533266,1.6647217273712158
3,0.5,0.5,0.5,0.75,1,45,10,4,0.14589101301680507,0.2922386717626181,0.7465215814622339,0.7439998281039609,0.5656535558382901,0.9059896953135614,0.9056014712345598,0.78488266182146,0.6419497991916434,0.6390641278466855,0.39586129360008254,0.7820038042783822,0.7812528432163193,0.5787657424083629,0.375,0.5005005005005004,0.2623019705275407,1.3225164413452148
3,0.5,0.5,0.5,0.75,2,1000,10,3,0.10473844869248046,0.26524338256080005,0.5970689584978224,0.592946752263872,0.441703839190041,0.792676458447326,0.7920479364188314,0.6178455857756018,0.47952228931285173,0.4751998854056101,0.2913987408422239,0.6398829605162113,0.6389611927460442,0.42965422834092154,0.6153846153846154,0.7621257621257621,0.18550329356002493,21.637840270996094
3,0.5,0.5,0.5,0.75,3,1000,10,3,0.10681089586832096,0.2664512090037407,0.633940609210759,0.6301951559930667,0.4674297202423847,0.7916267295012034,0.790994464710824,0.6144266258107057,0.5345976257920683,0.5307320868153717,0.31861610374191973,0.6385505741240013,0.637624474122608,0.42645992265876403,0.6153846153846154,0.7536494022980509,0.18570238191232885,21.383061408996582
3,0.5,0.5,0.5,0.75,4,83,10,4,0.14736579510878708,0.300552182424852,0.7531422582773813,0.7506863724245132,0.5923723468454725,0.897406368541996,0.8969792788487176,0.7526454569778374,0.7466425932827304,0.7446006872367449,0.5944294684286605,1.0,1.0,1.0,0.5789473684210527,0.7129431589863244,0.19232267628752608,2.461254119873047
3,0.5,0.5,0.5,0.75,5,26,10,4,0.14672457077738327,0.30226699317179934,0.757825778727341,0.7554162757710905,0.5916715707085676,0.897406368541996,0.8969792788487176,0.7526454569778374,0.7493404354437079,0.7473200745960071,0.59755425424445,1.0,1.0,1.0,0.5614035087719298,0.7065889418830594,0.20061872220611943,0.6703927516937256
3,0.5,0.5,0.5,0.75,6,39,10,4,0.14944626421655474,0.30016293450298726,0.7550680535986232,0.752638453601162,0.5817758300681206,0.9059896953135614,0.9056014712345598,0.78488266182146,0.6658859922002868,0.6632017016990664,0.4140619643190235,0.7820038042783822,0.7812528432163193,0.5787657424083629,0.5,0.6435006435006434,0.2176006016024512,1.0933010578155518
3,0.5,0.5,0.5,0.75,7,112,10,4,0.1349079776252915,0.28443045292296154,0.7198890723726612,0.7170953021441844,0.5390800248013865,0.9037907607564276,0.9033926442098374,0.7752391372397232,0.6128114625079376,0.6096824283182958,0.37377252079415463,0.7792775881454947,0.7785155100165544,0.5705119925521072,0.32,0.4757232480004757,0.2751791735528214,3.1067683696746826
3,0.5,0.5,0.5,0.75,8,37,10,4,0.15045767650935488,0.3004184125738061,0.7628464368563773,0.760493994453999,0.5890243972477716,0.9059896953135614,0.9056014712345598,0.78488266182146,0.6743113303847444,0.6716947295185892,0.4200473962578986,0.7820038042783822,0.7812528432163193,0.5787657424083629,0.5,0.6435006435006434,0.21760060160245126,0.9707810878753662
3,0.5,0.5,0.5,0.75,9,101,10,4,0.13511034770964067,0.2853359089679622,0.7285991237621745,0.7258929294177747,0.5530131677359563,0.9037907607564276,0.9033926442098374,0.7752391372397232,0.6222782937314338,0.6192266170608095,0.3853516842530489,0.7792775881454951,0.7785155100165547,0.5705119925521072,0.32,0.4757232480004757,0.2799984131632617,2.1406285762786865
3,0.5,0.5,0.5,1.0,0,31,10,5,0.15216722321963472,0.2857181640823769,0.7867754257139443,0.7847321289724949,0.6385245133555972,1.0,1.0,1.0,0.6975681977655097,0.6952264230403712,0.45980553134858043,0.897406368541996,0.8969792788487176,0.7526454569778374,0.3333333333333333,0.49087549087549087,0.522093796547283,0.6401846408843994
3,0.5,0.5,0.5,1.0,1,30,10,5,0.1526045650356829,0.2852579571267166,0.787346698684135,0.7853088763595176,0.6405770319203172,1.0,1.0,1.0,0.6967186920144284,0.6943703394390702,0.45827971099787196,0.8974063685419956,0.8969792788487173,0.7526454569778374,0.3333333333333333,0.49087549087549087,0.5220937965472832,0.5823445320129395
3,0.5,0.5,0.5,1.0,2,76,10,4,0.12122783821776353,0.26084706258647744,0.6833070409135472,0.6802390527634109,0.527086021295145,0.9083491277292126,0.907971490705844,0.7934094346634827,0.5890376171325004,0.5858182771743526,0.3708076514272243,0.7849276230002519,0.7841885630133323,0.586029113950917,0.3673469387755102,0.5197505197505197,0.5247789349352867,1.5636367797851562
3,0.5,0.5,0.5,1.0,3,45,10,4,0.1308656537906217,0.2818239640943563,0.7236784052974472,0.7209974296262606,0.583057366236648,0.897406368541996,0.8969792788487176,0.7526454569778374,0.6839363656095961,0.6814563628576848,0.49783830903525866,1.0,1.0,1.0,0.3364485981308411,0.48262548262548266,0.5238509137861864,0.9270634651184082
3,0.5,0.5,0.5,1.0,4,90,10,4,0.12370736978285755,0.2789889350654792,0.7088017351267892,0.7059655651272988,0.5562313457101266,0.9137594533047027,0.9134059329538328,0.8127690521941776,0.6102605745823513,0.6071898910915424,0.3904393214840091,0.7916267295012033,0.7909147573609079,0.602400964174539,0.36363636363636365,0.46800046800046796,0.5913068647040809,2.2603445053100586
3,0.5,0.5,0.5,1.0,5,39,10,4,0.12080121994063113,0.26944419047145224,0.7020543878964485,0.6991680161565915,0.5284339180698046,0.9083491277292126,0.907971490705844,0.7934094346634827,0.596592713600832,0.5934325577066331,0.3658025303403581,0.7849276230002518,0.7841885630133321,0.586029113950917,0.3673469387755102,0.5197505197505197,0.5247789349352867,1.0166232585906982
3,0.5,0.5,0.5,1.0,6,58,10,4,0.11982426760529928,0.2719030464569904,0.6634854132610366,0.6601914900062182,0.498166116070936,0.9037907607564276,0.9033926442098374,0.7752391372397232,0.5661210968011422,0.562684257283656,0.34400726847545193,0.7792775881454951,0.7785155100165547,0.5705119925521072,0.2975206611570248,0.4126263668248401,0.5928452282977428,1.7265739440917969
3,0.5,0.5,0.5,1.0,7,68,10,5,0.1486313548814514,0.2792430779616469,0.7751242056851179,0.7729692571793326,0.6253404525019209,1.0,1.0,1.0,0.6835138604156562,0.6810632608521862,0.44606113385873397,0.897406368541996,0.8969792788487176,0.7526454569778374,0.3333333333333333,0.49087549087549087,0.5220937965472829,1.9982707500457764
3,0.5,0.5,0.5,1.0,8,57,10,4,0.1176277211324542,0.2741777718164876,0.686289961770486,0.683232374021825,0.5120694786294059,0.9116055475593928,0.9112424542131328,0.8049349549879696,0.5873277000651138,0.5840738597954152,0.3575641953920727,0.7889606460971244,0.7882379262538325,0.5957957470317893,0.36,0.45808520384791573,0.5929654321075981,1.7207350730895996
3,0.5,0.5,0.5,1.0,9,1000,10,5,0.15448242780394247,0.28567092614849793,0.7910917759931035,0.7890898421409454,0.6505549688845768,1.0,1.0,1.0,0.7007647663458506,0.6984477431298236,0.46628125708898893,0.897406368541996,0.8969792788487176,0.7526454569778374,0.3333333333333333,0.49087549087549087,0.5220937965472832,23.606952905654907
3,0.5,0.5,0.75,0.0,0,45,4,4,0.3033095950933377,0.30324649544915616,0.908286786541069,0.9079097241974984,0.7915753497024844,0.9083491277292126,0.907971490705844,0.7934094346634827,0.7909887969767586,0.7902758452404194,0.6000696491729003,0.7849276230002519,0.7841885630133323,0.586029113950917,0.6883116883116883,0.8162008162008161,0.025638984007359703,0.7356472015380859
3,0.5,0.5,0.75,0.0,1,31,2,2,0.3008090782574572,0.30080907825745745,0.5916192536088873,0.59090064872952,0.37797664007241627,0.5960908120545209,0.5953808212273226,0.38786077858471907,0.39012433863433876,0.38920475034961693,0.20644409204749883,0.3851413325894215,0.3842093114939668,0.20059074619948228,0.7777777777777778,0.878027905054932,0.007750823603480717,0.48973751068115234
3,0.5,0.5,0.75,0.0,2,24,10,3,0.1396687883013866,0.2909219244796103,0.6219905247674006,0.6179467459917998,0.4464344955574043,0.7852802150932446,0.7846251091678986,0.6010060305727019,0.5151970878171547,0.5109752437996263,0.296314437321933,0.630488902126393,0.6295363171801378,0.41386322570661177,0,0.0,inf,0.4823422431945801
3,0.5,0.5,0.75,0.0,3,119,10,3,0.14118280557656665,0.3133119099899983,0.6166110789523955,0.6123969227379364,0.36226114944272225,0.7595386266093844,0.7587891678710779,0.523012647821584,0.4892171628742173,0.48463592310912607,0.2132587278716853,0.5976802337166612,0.5966178608565919,0.3387811841838666,0,0.0,inf,3.0854008197784424
3,0.5,0.5,0.75,0.0,4,37,10,3,0.14116430103708874,0.2979920942501537,0.655148191237836,0.6514773533968312,0.4728403420157746,0.8019282820082536,0.8013325861275414,0.6406540834881669,0.5354633776191179,0.5314396719903178,0.31570661896779445,0.6516133272375468,0.6507295243611372,0.4508122830368131,0,0.0,inf,0.6732578277587891
3,0.5,0.5,0.75,0.0,5,21,4,4,0.3022565251701005,0.3021997676838216,0.9062134325366955,0.9058270894842648,0.7840181975146335,0.9059896953135614,0.9056014712345598,0.78488266182146,0.7884454500433649,0.7877222627828133,0.5935840403399594,0.7820038042783822,0.7812528432163193,0.5787657424083629,0.6815286624203821,0.8073400033199027,0.027917723004850695,0.336284875869751
3,0.5,0.5,0.75,0.0,6,111,10,3,0.1423076524589509,0.32043646408028076,0.6016008638329979,0.5971800072004837,0.3496208103417472,0.7375733655715297,0.7367405406672015,0.4724246305454723,0.6237072253893283,0.6202972628184857,0.4409607297642802,0.8357447021357429,0.8353020509100346,0.6777225590952062,0,0.0,inf,3.0356035232543945
3,0.5,0.5,0.75,0.0,7,26,10,3,0.14224730901023463,0.32043574031735833,0.6016137165473777,0.5971930025356736,0.3496756414499256,0.7375733655715297,0.7367405406672015,0.4724246305454723,0.6242001120317052,0.6207946159962723,0.4410996967256932,0.8357447021357429,0.8353020509100346,0.6777225590952062,0,0.0,inf,0.7611424922943115
3,0.5,0.5,0.75,0.0,8,23,4,4,0.3042848217540427,0.30446028467943204,0.9075030477238635,0.9071224809899361,0.7887321917624809,0.9116055475593928,0.9112424542131328,0.8049349549879696,0.7900275203691858,0.7893107041629336,0.597632408039675,0.7889606460971247,0.7882379262538328,0.5957957470317893,0.6838709677419355,0.8099702756191306,0.026875295899380834,0.37911438941955566
3,0.5,0.5,0.75,0.0,9,34,2,2,0.3065022615582611,0.306502261558261,0.5864457028076931,0.5857152626526245,0.36794884669240996,0.581408430461704,0.5806647649710639,0.35946576657210166,0.6707000927129853,0.6702014414849433,0.5295124914864294,0.6698226521030716,0.6693160184610265,0.5327971294054453,0.773972602739726,0.8768458380861481,0.007680011431234847,0.8599178791046143
3,0.5,0.5,0.75,0.25,0,71,10,5,0.17158036587572872,0.2912952453701698,0.8383996855061547,0.8368142116569656,0.7300232168186255,1.0,1.0,1.0,0.742972628179005,0.7409322208870991,0.529504651342193,0.897406368541996,0.8969792788487176,0.7526454569778374,0.26666666666666666,0.43680043680043673,0.630675451584793,1.7380576133728027
3,0.5,0.5,0.75,0.25,1,15,4,4,0.3033095950933377,0.3032464954491562,0.908286786541069,0.9079097241974984,0.7915753497024844,0.9083491277292126,0.907971490705844,0.7934094346634827,0.7909887969767587,0.7902758452404195,0.6000696491729003,0.7849276230002518,0.7841885630133321,0.586029113950917,0.6883116883116883,0.8162008162008161,0.025638984007359693,0.10700035095214844
3,0.5,0.5,0.75,0.25,2,27,4,4,0.30225652517010065,0.30219976768382173,0.9062134325366954,0.9058270894842647,0.7840181975146335,0.9059896953135614,0.9056014712345598,0.78488266182146,0.7884454500433647,0.7877222627828132,0.5935840403399594,0.7820038042783822,0.7812528432163193,0.5787657424083629,0.6815286624203821,0.8073400033199027,0.027917723004850695,0.49767088890075684
3,0.5,0.5,0.75,0.25,3,18,4,4,0.30330959509333777,0.30324649544915616,0.908286786541069,0.9079097241974984,0.7915753497024844,0.9083491277292126,0.907971490705844,0.7934094346634827,0.7909887969767586,0.7902758452404194,0.6000696491729003,0.7849276230002518,0.7841885630133321,0.586029113950917,0.6883116883116883,0.8162008162008161,0.02563898400735969,0.2868931293487549
3,0.5,0.5,0.75,0.25,4,56,10,4,0.1180927072504021,0.22167851550034026,0.6182342483101813,0.6142775346051321,0.43114516883944465,0.9000920107272863,0.8996771460213145,0.7622414951112423,0.4982336889358352,0.4940088659484311,0.2809388237512913,0.7746891130677099,0.7739081836339227,0.5593213086866492,0.2857142857142857,0.40950040950040945,0.9367388024598682,1.5543153285980225
3,0.5,0.5,0.75,0.25,5,109,4,4,0.3042848217540427,0.30446028467943204,0.9075030477238635,0.9071224809899361,0.7887321917624809,0.9116055475593928,0.9112424542131328,0.8049349549879696,0.7900275203691858,0.7893107041629336,0.597632408039675,0.7889606460971244,0.7882379262538325,0.5957957470317893,0.6838709677419355,0.8099702756191306,0.02687529589938084,3.3482892513275146
3,0.5,0.5,0.75,0.25,6,25,4,4,0.3075619917035833,0.3073762154095663,0.902462641840836,0.9020594281071008,0.7700580044778049,0.897406368541996,0.8969792788487176,0.7526454569778374,0.9999999999999998,0.9999999999999998,1.0,1.0,1.0,1.0,0.7018633540372671,0.8216448894414996,0.02565514375750835,0.5590896606445312
3,0.5,0.5,0.75,0.25,7,113,10,4,0.13574088517232832,0.2561730124140198,0.6870273774418987,0.6838143163946019,0.487690274226022,0.9083491277292126,0.907971490705844,0.7934094346634827,0.5741408819060885,0.570591842353097,0.33004865082054785,0.7849276230002518,0.7841885630133321,0.586029113950917,0.3333333333333333,0.5005005005005004,0.7518304311607804,3.4699769020080566
3,0.5,0.5,0.75,0.25,8,35,4,4,0.30225652517010054,0.30219976768382184,0.9062134325366954,0.9058270894842647,0.7840181975146335,0.9059896953135614,0.9056014712345598,0.78488266182146,0.7884454500433647,0.7877222627828132,0.5935840403399594,0.7820038042783822,0.7812528432163193,0.5787657424083629,0.6815286624203821,0.8073400033199027,0.027917723004850688,0.7208092212677002
3,0.5,0.5,0.75,0.25,9,14,4,4,0.30428482175404253,0.30446028467943204,0.9075030477238635,0.9071224809899361,0.7887321917624809,0.9116055475593928,0.9112424542131328,0.8049349549879696,0.7900275203691857,0.7893107041629335,0.597632408039675,0.7889606460971247,0.7882379262538328,0.5957957470317893,0.6838709677419355,0.8099702756191306,0.02687529589938084,0.10360121726989746
3,0.5,0.5,0.75,0.5,0,33,4,4,0.3042848217540427,0.30446028467943204,0.9075030477238635,0.9071224809899361,0.7887321917624809,0.9116055475593928,0.9112424542131328,0.8049349549879696,0.7900275203691858,0.7893107041629336,0.597632408039675,0.7889606460971244,0.7882379262538325,0.5957957470317893,0.6838709677419355,0.8099702756191306,0.026875295899380827,0.8605022430419922
3,0.5,0.5,0.75,0.5,1,68,4,4,0.3075619917035833,0.3073762154095663,0.902462641840836,0.9020594281071008,0.7700580044778049,0.897406368541996,0.8969792788487176,0.7526454569778374,0.9999999999999998,0.9999999999999998,1.0,1.0,1.0,1.0,0.7018633540372671,0.8216448894414996,0.02565514375750835,1.9668288230895996
3,0.5,0.5,0.75,0.5,2,77,10,3,0.1116282388642564,0.2949124751585604,0.6449406681535912,0.6413332298561559,0.4495438741884783,0.7849276230002521,0.7842712471813089,0.5998687124749003,0.5294643512164083,0.5255855388791775,0.29801385935343594,0.6300407065822518,0.6290866490125593,0.41279146196657973,0.32075471698113206,0.4599193788382977,0.2506005218518969,2.1182875633239746
3,0.5,0.5,0.75,0.5,3,70,2,2,0.3068011020001426,0.30680110200014254,0.5878399019601795,0.5871126581313231,0.3706193494105449,0.5879077429223252,0.5871790535706989,0.3717161405198315,0.672199343603704,0.6717035325534596,0.5329726615200185,0.6768387497441452,0.676345545785955,0.5489778408135174,0.782312925170068,0.8809830238401667,0.0071186109610657765,2.0344700813293457
3,0.5,0.5,0.75,0.5,4,114,10,3,0.11029929216245561,0.29361422019399974,0.6391428224392243,0.6355013550110102,0.453946622706588,0.8021489417124285,0.8015540214626932,0.6413806962628472,0.523985131909829,0.5200898149823396,0.3023722857050707,0.6518928236684518,0.6510099162702462,0.4514820116115285,0.3177570093457944,0.4537871204537871,0.2507633459076788,3.417421340942383
3,0.5,0.5,0.75,0.5,5,46,10,3,0.11536828960130198,0.2943169919235376,0.6670237940320844,0.6636431936257288,0.5050714598266642,0.7889606460971244,0.7883188157233192,0.6085417084158432,0.6674719750992634,0.6647329961130998,0.50576447594235,0.8891543252970434,0.8888695855552406,0.8404468849639695,0.5132743362831859,0.6647869243289091,0.18082578139603533,1.2945537567138672
3,0.5,0.5,0.75,0.5,6,112,4,4,0.3042848217540426,0.30446028467943204,0.9075030477238635,0.9071224809899361,0.7887321917624809,0.9116055475593928,0.9112424542131328,0.8049349549879696,0.7900275203691858,0.7893107041629336,0.597632408039675,0.7889606460971247,0.7882379262538328,0.5957957470317893,0.6838709677419355,0.8099702756191306,0.026875295899380834,3.3513824939727783
3,0.5,0.5,0.75,0.5,7,66,10,5,0.16852218506462588,0.2901682189490872,0.8323129606181675,0.8306793427653383,0.7183444752391631,1.0,1.0,1.0,0.7369607219629516,0.7348879633549167,0.5197543773778441,0.897406368541996,0.8969792788487176,0.7526454569778374,0.2926829268292683,0.4590577838985482,0.22904081159903888,1.7614386081695557
3,0.5,0.5,0.75,0.5,8,45,10,3,0.11542454313307911,0.32086384233585324,0.6091970373565306,0.6050803164674382,0.3613600979222949,0.7375733655715297,0.7367405406672015,0.4724246305454723,0.5994370347029359,0.5960034225022038,0.3678648440434675,0.8357447021357429,0.8353020509100346,0.6777225590952062,0.6666666666666666,0.7770000000000001,0.16312465168488105,1.2858288288116455
3,0.5,0.5,0.75,0.5,9,27,4,4,0.30756199170358317,0.3073762154095663,0.902462641840836,0.9020594281071008,0.7700580044778049,0.897406368541996,0.8969792788487176,0.7526454569778374,1.0,1.0,1.0,1.0,1.0,1.0,0.7018633540372671,0.8216448894414996,0.02565514375750834,0.6152176856994629
3,0.5,0.5,0.75,0.75,0,111,10,4,0.11790621475116654,0.27650612474912395,0.7163187638800903,0.7135464265259145,0.5376540265728298,0.9137594533047027,0.9134059329538328,0.8127690521941776,0.6353559337498201,0.6324724834647404,0.38424865304789146,0.7916267295012032,0.7909147573609078,0.602400964174539,0.48,0.6612116703859823,0.21011389583909487,3.3188185691833496
3,0.5,0.5,0.75,0.75,1,99,10,5,0.1498407066388526,0.29070226274315086,0.8193121596264602,0.8175797664419734,0.6651662859502961,1.0,1.0,1.0,0.7243751251211444,0.722239765444027,0.47577947823645905,0.897406368541996,0.8969792788487176,0.7526454569778374,0.32432432432432434,0.4837051816917588,0.25064772763570387,2.597771406173706
3,0.5,0.5,0.75,0.75,2,112,10,4,0.134868576611101,0.30243512526352656,0.7307727891980679,0.7281298080731892,0.5476005182600032,0.897406368541996,0.8969792788487176,0.7526454569778374,0.7434731183496701,0.7414347691288953,0.5675139210137744,1.0,1.0,1.0,0.6074766355140186,0.7176293940999823,0.17585715521029163,3.2832508087158203
3,0.5,0.5,0.75,0.75,3,45,10,3,0.1016368152506562,0.30477239285619995,0.6059219532164236,0.6018984058827787,0.4046768128062057,0.7375733655715297,0.7367405406672015,0.4724246305454723,0.5522967828892756,0.5485858040905301,0.32004904803988476,0.8357447021357429,0.8353020509100346,0.6777225590952062,0.6666666666666666,0.748502994011976,0.15330835130965262,1.2874886989593506
3,0.5,0.5,0.75,0.75,4,31,10,4,0.11641449544054933,0.27629573918715444,0.6896254069149937,0.6865762457994959,0.5045090096069308,0.9037907607564276,0.9033926442098374,0.7752391372397232,0.5816049685046674,0.5782777554006802,0.34559466792597,0.7792775881454951,0.7785155100165547,0.5705119925521072,0.48,0.6612116703859823,0.21732891557835587,0.8182671070098877
3,0.5,0.5,0.75,0.75,5,53,10,4,0.11563618923585484,0.2748748647609274,0.6740896232693139,0.6708898593122515,0.4694673386671113,0.9000920107272863,0.8996771460213145,0.7622414951112423,0.5648607097144569,0.5614026944256838,0.316839341538438,0.7746891130677099,0.7739081836339227,0.5593213086866492,0.48,0.6612116703859823,0.21968901474175384,1.526413917541504
3,0.5,0.5,0.75,0.75,6,1000,10,3,0.08437396782433663,0.25253611204680876,0.5638844295443821,0.5595436243089015,0.41520334390732777,0.792676458447326,0.7920479364188314,0.6178455857756018,0.46036629077199415,0.45601460151346346,0.27662959546579835,0.6398829605162113,0.6389611927460442,0.42965422834092154,0.6122448979591837,0.748502994011976,0.16729244140022,21.477048873901367
3,0.5,0.5,0.75,0.75,7,43,10,4,0.137902528800281,0.2988423054131118,0.7380149519670037,0.7354530527879335,0.5621942132130066,0.9083491277292126,0.907971490705844,0.7934094346634827,0.6344950954214482,0.6316029574353557,0.3930787952936504,0.7849276230002519,0.7841885630133323,0.586029113950917,0.5918367346938775,0.7051585998954419,0.1690831018830808,0.91819167137146
3,0.5,0.5,0.75,0.75,8,21,4,4,0.3002575492946401,0.30003635596694994,0.8839630071058341,0.8834868266684947,0.7818706438159269,0.9083491277292126,0.907971490705844,0.7934094346634827,0.764289951059358,0.7634875700707215,0.590950804333712,0.7849276230002519,0.7841885630133323,0.586029113950917,0.726027397260274,0.8332940270113045,0.018368026112624426,0.2891981601715088
3,0.5,0.5,0.75,0.75,9,113,10,4,0.11631733460896512,0.27680156927812355,0.6896254069149939,0.686576245799496,0.5045090096069308,0.9037907607564276,0.9033926442098374,0.7752391372397232,0.5816049685046674,0.5782777554006802,0.34559466792597,0.7792775881454951,0.7785155100165547,0.5705119925521072,0.48,0.6612116703859823,0.21732891557835582,2.945927858352661
3,0.5,0.5,0.75,1.0,0,74,10,4,0.09838319176893146,0.2562353262626526,0.6324089659287475,0.6288632762081485,0.44414983742640113,0.9083491277292126,0.907971490705844,0.7934094346634827,0.5529570066573103,0.5494709255393887,0.3158552790088951,0.7849276230002519,0.7841885630133323,0.586029113950917,0.36363636363636365,0.46398329660132237,0.43129693360624527,2.2368152141571045
3,0.5,0.5,0.75,1.0,1,110,10,4,0.11847153052930783,0.280157855607615,0.6996202770332082,0.6967433556175183,0.5213056487908698,0.9083491277292126,0.907971490705844,0.7934094346634827,0.602785187392029,0.5997111272706543,0.3640174984257976,0.7849276230002518,0.7841885630133321,0.586029113950917,0.3673469387755102,0.5630630630630631,0.38131226692205994,3.472233772277832
3,0.5,0.5,0.75,1.0,2,116,10,4,0.09629338627631524,0.26531882307613064,0.6553238331340754,0.6520229605377216,0.48565375608294187,0.9083491277292126,0.907971490705844,0.7934094346634827,0.5543149308881896,0.550866096572947,0.3342454647548691,0.7849276230002519,0.7841885630133323,0.586029113950917,0.4024390243902439,0.5215742057847321,0.42501257403991066,3.512539863586426
3,0.5,0.5,0.75,1.0,3,1000,10,3,0.08015156972447725,0.267278796880597,0.5959682739269253,0.592055791535439,0.43527657573520057,0.7889606460971244,0.7883188157233192,0.6085417084158432,0.5716204644202855,0.5682659557951115,0.386857742691884,0.8891543252970434,0.8888695855552406,0.8404468849639695,0.3364485981308411,0.5161411411411411,0.4808226199460159,22.607682466506958
3,0.5,0.5,0.75,1.0,4,27,10,5,0.13743385152014947,0.2788845591864402,0.7589963313079482,0.7567055728277498,0.593950553886232,1.0,1.0,1.0,0.6670129070351146,0.6644567555745828,0.4210902018680776,0.8974063685419956,0.8969792788487173,0.7526454569778374,0.47058823529411764,0.6492979465952439,0.3412267137919261,0.5067086219787598
3,0.5,0.5,0.75,1.0,5,73,10,5,0.13758276372522926,0.2782158431193571,0.7611927502532386,0.7589230952294642,0.5993984783745634,1.0,1.0,1.0,0.6693937072154779,0.6668561022874667,0.42543378816051947,0.8974063685419956,0.8969792788487173,0.7526454569778374,0.47058823529411764,0.6492979465952439,0.34119219080527197,1.8459434509277344
3,0.5,0.5,0.75,1.0,6,111,10,5,0.13820976903495777,0.2731662992473237,0.7565889588466034,0.7542763448641705,0.5977376792356663,1.0,1.0,1.0,0.6861083671739835,0.6836999444162444,0.43670742359075604,0.897406368541996,0.8969792788487176,0.7526454569778374,0.47058823529411764,0.6492979465952439,0.33575906415033435,2.5693044662475586
3,0.5,0.5,0.75,1.0,7,114,10,4,0.11388843888473751,0.2751911869833591,0.6757462818051679,0.6726400355078483,0.4995287298119827,0.9116055475593928,0.9112424542131328,0.8049349549879696,0.6046054852237362,0.6015448053209892,0.36119106192989003,0.7889606460971247,0.7882379262538328,0.5957957470317893,0.36,0.5572582892170521,0.3834611114718653,2.577998161315918
3,0.5,0.5,0.75,1.0,8,42,10,4,0.10193700865372923,0.2604376731747515,0.6358668226349792,0.632361441495276,0.4593675509411411,0.9037907607564276,0.9033926442098374,0.7752391372397232,0.5438812977955263,0.5403320024759751,0.31677952846965085,0.7792775881454947,0.7785155100165544,0.5705119925521072,0.34285714285714286,0.48697345994643293,0.39707036421529274,1.1036655902862549
3,0.5,0.5,0.75,1.0,9,111,10,4,0.10060105441038182,0.256662899390747,0.6452196945139157,0.6418099653930132,0.46849433891823355,0.9083491277292126,0.907971490705844,0.7934094346634827,0.5359714483635345,0.5323669770172311,0.3176627668164481,0.7849276230002519,0.7841885630133323,0.586029113950917,0.3673469387755102,0.517263675158412,0.3987897290836921,3.382526397705078
3,0.5,0.5,1.0,0.0,0,112,10,4,0.14798313523998818,0.29096373799416636,0.7205896925556354,0.7177762303125568,0.5467593803989184,0.9116055475593928,0.9112424542131328,0.8049349549879696,0.6126632980915462,0.6095014842828982,0.3801005593675302,0.7889606460971247,0.7882379262538328,0.5957957470317893,0,0.0,inf,3.409115791320801
3,0.5,0.5,1.0,0.0,1,40,10,4,0.14550461044614396,0.28804450431837514,0.7055772805606101,0.702613223872795,0.5425092694957893,0.9083491277292126,0.907971490705844,0.7934094346634827,0.5964076218026795,0.5931138016050712,0.3765687684783802,0.7849276230002519,0.7841885630133323,0.586029113950917,0,0.0,inf,1.0871593952178955
3,0.5,0.5,1.0,0.0,2,41,10,4,0.11962697159387724,0.23442490983222036,0.6310543921268545,0.6272681352546453,0.4396595379057877,0.897406368541996,0.8969792788487176,0.7526454569778374,0.669197798952759,0.666441934650947,0.5498249525714668,1.0,1.0,1.0,0,0.0,inf,1.187453269958496
3,0.5,0.5,1.0,0.0,3,40,10,4,0.13941878474258923,0.2753281749959689,0.6878223316543749,0.6846693168174043,0.508391550415369,0.897406368541996,0.8969792788487176,0.7526454569778374,0.7184264762441788,0.716120423988781,0.6114244845107393,1.0,1.0,1.0,0,0.0,inf,1.177825689315796
3,0.5,0.5,1.0,0.0,4,112,10,2,0.08054197261770162,0.290059073566287,0.4241355913012495,0.41800408705195374,0.25917973999226407,0.5879077429223252,0.5871790535706989,0.3717161405198315,0.429616425736094,0.42467205093066857,0.3064744367061765,0.6768387497441452,0.676345545785955,0.5489778408135174,0,0.0,inf,3.3096821308135986
3,0.5,0.5,1.0,0.0,5,38,10,4,0.14590017305602215,0.28962443512675917,0.7093035203655847,0.7063799386052014,0.5442622274832123,0.9083491277292126,0.907971490705844,0.7934094346634827,0.6005626045185192,0.5973062477617858,0.37805077411564236,0.7849276230002518,0.7841885630133321,0.586029113950917,0,0.0,inf,1.0884883403778076
3,0.5,0.5,1.0,0.0,6,21,10,4,0.14626288194432138,0.28762343640289245,0.7189932670174817,0.7161663659609976,0.5498408413622146,0.9083491277292126,0.907971490705844,0.7934094346634827,0.6110385055061097,0.6078666222448238,0.3826882615031127,0.7849276230002519,0.7841885630133323,0.586029113950917,0,0.0,inf,0.5470192432403564
3,0.5,0.5,1.0,0.0,7,31,10,4,0.12871387190135894,0.26436150673464953,0.666740179166748,0.6633926204391439,0.5387659701709517,0.9000920107272863,0.8996771460213145,0.7622414951112423,0.5858193004483103,0.582447202838517,0.38212492226562483,0.7746891130677099,0.7739081836339227,0.5593213086866492,0,0.0,inf,0.7064878940582275
3,0.5,0.5,1.0,0.0,8,66,10,4,0.13934528948052166,0.27625899507497936,0.6970517109750308,0.6940035827917985,0.5201023841283737,0.9083491277292126,0.907971490705844,0.7934094346634827,0.5872295380206931,0.5838629084359613,0.3579369939178562,0.7849276230002518,0.7841885630133321,0.586029113950917,0,0.0,inf,2.034274101257324
3,0.5,0.5,1.0,0.0,9,30,10,4,0.14706889995184572,0.28503955878577836,0.715003762026037,0.712136259232476,0.548803493343494,0.9083491277292126,0.907971490705844,0.7934094346634827,0.6066947214592355,0.6034868533859797,0.3818228847229258,0.7849276230002519,0.7841885630133323,0.586029113950917,0,0.0,inf,0.7385604381561279
3,0.5,0.5,1.0,0.25,0,32,10,4,0.12967470904113898,0.28660651807905785,0.6948396245652646,0.69181236055462,0.4984760918516875,0.897406368541996,0.8969792788487176,0.7526454569778374,0.7211257610549198,0.7188850269270617,0.5757203816991676,1.0,1.0,1.0,0.22758620689655173,0.34771613718982136,1.172425344672371,0.9484951496124268
3,0.5,0.5,1.0,0.25,1,1000,10,4,0.13506322258181372,0.2835202847533321,0.7065120067152758,0.7036110100900337,0.5209870270308683,0.9083491277292126,0.907971490705844,0.7934094346634827,0.5993037692371357,0.5960966727608531,0.3591067060379451,0.7849276230002518,0.7841885630133321,0.586029113950917,0.2391304347826087,0.36839813791486653,1.1688005399306107,23.531893968582153
3,0.5,0.5,1.0,0.25,2,58,10,4,0.1370853799052933,0.29084935997502354,0.7050357886119512,0.7021090008907328,0.517801166877592,0.897406368541996,0.8969792788487176,0.7526454569778374,0.7321764807745174,0.7300240085925309,0.591634766941569,1.0,1.0,1.0,0.22758620689655173,0.34771613718982136,1.174630742192965,1.2325537204742432
3,0.5,0.5,1.0,0.25,3,75,10,4,0.13382365796955592,0.28521942900630776,0.6916689064749747,0.6886193205033045,0.5101512116007991,0.9116055475593928,0.9112424542131328,0.8049349549879696,0.583160918470281,0.5798224111606598,0.35014988605568126,0.7889606460971247,0.7882379262538328,0.5957957470317893,0.23741007194244604,0.36433492315845256,1.1683570237603123,1.6940586566925049
3,0.5,0.5,1.0,0.25,4,1000,10,3,0.08600174044424959,0.2504589799567012,0.5488799382584806,0.5443679714927554,0.3990917562125146,0.7921997857472497,0.7915695648752535,0.6162892627615703,0.4496819963999569,0.44522150943496436,0.2628948054884489,0.6392779718964172,0.6383542378752756,0.4282009089578253,0.24242424242424243,0.4146405820045987,1.51027856998598,22.200796842575073
3,0.5,0.5,1.0,0.25,5,66,10,3,0.10180484112448566,0.2806739940614489,0.6295626887440275,0.6258347525790069,0.44933283726734147,0.7889606460971244,0.7883188157233192,0.6085417084158432,0.650719813233668,0.6478699084533511,0.530506168892258,0.8891543252970434,0.8888695855552406,0.8404468849639695,0.22758620689655173,0.34771613718982136,1.3879025460159156,1.8992972373962402
3,0.5,0.5,1.0,0.25,6,51,10,4,0.13371603135591686,0.2853453498037978,0.6774174489359522,0.6742240570619232,0.5060505710023869,0.9116055475593928,0.9112424542131328,0.8049349549879696,0.5821496775140858,0.5787998662434124,0.35062051651968196,0.7889606460971247,0.7882379262538328,0.5957957470317893,0.23741007194244604,0.36433492315845256,1.1780253405170815,1.5297541618347168
3,0.5,0.5,1.0,0.25,7,67,10,4,0.12939012006360473,0.27870658927874575,0.6909097563293495,0.6878545384863697,0.49773239937648356,0.9083491277292126,0.907971490705844,0.7934094346634827,0.5824083566624205,0.5790660325149652,0.3399613877479221,0.7849276230002519,0.7841885630133323,0.586029113950917,0.2391304347826087,0.36839813791486653,1.1688005399306105,1.9669690132141113
3,0.5,0.5,1.0,0.25,8,76,10,4,0.12992206513833732,0.27702383989021095,0.6905075594052771,0.6874461785872592,0.5003187611026212,0.9083491277292126,0.907971490705844,0.7934094346634827,0.5818942395326225,0.5785452349302183,0.34205993039601423,0.7849276230002519,0.7841885630133323,0.586029113950917,0.2391304347826087,0.36839813791486653,1.1754201967383207,2.2059051990509033
3,0.5,0.5,1.0,0.25,9,56,10,3,0.09845440373895475,0.2659690063883042,0.5824339328633494,0.578238004140729,0.40674906365388386,0.7889606460971246,0.7883188157233194,0.6085417084158432,0.47648975644125174,0.47222515373196683,0.26666552709675834,0.6351652836494971,0.6342280982950598,0.42094768363328244,0.24242424242424243,0.39959314152862535,1.3963507391230223,1.5837798118591309
3,0.5,0.5,1.0,0.5,0,55,10,3,0.0915303522596962,0.2796677515266507,0.6397503572765235,0.6361896545526688,0.4612612111922506,0.7889606460971244,0.7883188157233192,0.6085417084158432,0.6563468606920159,0.6535962312710182,0.5178293829839997,0.8891543252970434,0.8888695855552406,0.8404468849639695,0.2558139534883721,0.36839813791486653,0.6562515540076267,1.6003425121307373
3,0.5,0.5,1.0,0.5,1,53,10,3,0.09236606011326488,0.27245086563691245,0.586658862190091,0.5825814674600602,0.4202265043722673,0.789789857030486,0.789150994948784,0.6112350182388241,0.4908224816524695,0.48675565349519184,0.2843875861106229,0.636218386690312,0.6352846396218612,0.42347263580084515,0.3142857142857143,0.4384915889340668,0.6567354014651098,1.427689552307129
3,0.5,0.5,1.0,0.5,2,63,10,5,0.14361383857064056,0.2741687945234341,0.7835619720720599,0.7814848313794459,0.6513940330749545,1.0,1.0,1.0,0.6856481340020871,0.6832102245240841,0.46481477193632514,0.897406368541996,0.8969792788487176,0.7526454569778374,0.4024390243902439,0.596982524693368,0.4444012645890097,1.9157335758209229
3,0.5,0.5,1.0,0.5,3,41,10,5,0.14292970765412794,0.2728274127612289,0.7795153350173194,0.7773960852479069,0.6541990161269685,1.0,1.0,1.0,0.7065257814840091,0.7042460209882231,0.4797956995045652,0.897406368541996,0.8969792788487176,0.7526454569778374,0.4024390243902439,0.5898755898755899,0.46022021952587455,1.1057441234588623
3,0.5,0.5,1.0,0.5,4,28,10,4,0.12501236567401153,0.28405726647086926,0.6739871888872092,0.6707990840584845,0.49028671264435647,0.9059896953135614,0.9056014712345598,0.78488266182146,0.579226805065281,0.5758971612024332,0.3383632799351874,0.7820038042783822,0.7812528432163193,0.5787657424083629,0.264,0.38115038115038113,0.5557752889177104,0.754570484161377
3,0.5,0.5,1.0,0.5,5,37,10,3,0.08210168306023224,0.2617570765817144,0.5146797073257746,0.5098014391310058,0.3082357664863967,0.7481612335885639,0.7473688711868739,0.49755280006294755,0.3893070567599701,0.3843295538401924,0.17878117661997095,0.5831226115288771,0.5820100450521393,0.3135555033859615,0.21818181818181817,0.3088803088803089,0.6432992860700423,0.7959721088409424
3,0.5,0.5,1.0,0.5,6,64,10,4,0.1253326145543538,0.2870027330236087,0.7006276560622083,0.6977025770768057,0.5058260089669313,0.9116055475593928,0.9112424542131328,0.8049349549879696,0.5941151583241017,0.5909062851696949,0.34701211007308214,0.7889606460971247,0.7882379262538328,0.5957957470317893,0.2682926829268293,0.38710585585585583,0.5565653896954484,1.3942070007324219
3,0.5,0.5,1.0,0.5,7,62,10,5,0.1417199722916782,0.281519443494978,0.791113514453743,0.7891120606941818,0.6536353059944,1.0,1.0,1.0,0.7098554006040275,0.7076090895912973,0.4718993237457126,0.8974063685419956,0.8969792788487173,0.7526454569778374,0.4024390243902439,0.596982524693368,0.4349714037084202,1.3825633525848389
3,0.5,0.5,1.0,0.5,8,110,10,3,0.08867013707079686,0.27871411525691286,0.5907983746133838,0.5867720264700689,0.40388035557709745,0.8021489417124285,0.8015540214626932,0.6413806962628472,0.49715013509652106,0.493144729915067,0.2731732340805041,0.651892823668452,0.6510099162702464,0.4514820116115285,0.27049180327868855,0.3916960438699569,0.6395481384233387,3.472607135772705
3,0.5,0.5,1.0,0.5,9,40,10,4,0.12624322686644596,0.2892444629068565,0.705408507464576,0.7025357216928823,0.5049089345464298,0.9083491277292126,0.907971490705844,0.7934094346634827,0.5994952772651296,0.5963355109434608,0.34634865054294595,0.7849276230002519,0.7841885630133323,0.586029113950917,0.27049180327868855,0.3916960438699569,0.5405463882596317,0.7967865467071533
3,0.5,0.5,1.0,0.75,0,51,10,4,0.11370961884009434,0.28160837906828234,0.6768530841546146,0.6737341025472907,0.472387930120334,0.9083491277292126,0.907971490705844,0.7934094346634827,0.5696841128872864,0.5663261724238837,0.3204126906573942,0.7849276230002519,0.7841885630133323,0.586029113950917,0.3113207547169811,0.41813965864598773,0.46720824789899823,1.148245096206665
3,0.5,0.5,1.0,0.75,1,34,10,3,0.08168572888870058,0.277725877189575,0.599838518219503,0.595955919208685,0.4122111687085978,0.7889606460971244,0.7883188157233192,0.6085417084158432,0.6076837886928343,0.6046052059936852,0.4261067746609949,0.8891543252970434,0.8888695855552406,0.8404468849639695,0.308411214953271,0.41813965864598773,0.5002905048439886,0.9166910648345947
3,0.5,0.5,1.0,0.75,2,1000,10,4,0.09218323027612112,0.24361039348835184,0.6181969478748415,0.6145392806902582,0.432739571295276,0.9083491277292126,0.907971490705844,0.7934094346634827,0.5464495223731182,0.5429385406212915,0.32280765851749205,0.7849276230002519,0.7841885630133323,0.586029113950917,0.336734693877551,0.5005005005005004,0.40957579591955273,22.782878398895264
3,0.5,0.5,1.0,0.75,3,24,10,4,0.1142800232219574,0.2815744452236971,0.6930304766660706,0.690066449916946,0.4866010319971871,0.9083491277292126,0.907971490705844,0.7934094346634827,0.5871269881441594,0.5839037709657997,0.3318847212035311,0.7849276230002518,0.7841885630133321,0.586029113950917,0.33962264150943394,0.4504504504504504,0.4468700497112016,0.4577827453613281
3,0.5,0.5,1.0,0.75,4,110,10,4,0.11464171455198538,0.2832229017677491,0.686035016811837,0.6829926952306947,0.48554092098731033,0.897406368541996,0.8969792788487176,0.7526454569778374,0.7003336664142282,0.6979853244882226,0.5175512158885617,1.0,1.0,1.0,0.3185840707964602,0.42229729729729726,0.4563593207020257,2.6115620136260986
3,0.5,0.5,1.0,0.75,5,121,10,4,0.09215061532374455,0.24703971275898137,0.614629019059917,0.6109355400881045,0.4244368570826219,0.9083491277292126,0.907971490705844,0.7934094346634827,0.5425621206822879,0.5390193685839569,0.31606124769764443,0.7849276230002519,0.7841885630133323,0.586029113950917,0.3673469387755102,0.5378512841199408,0.39886117718167863,3.418442964553833
3,0.5,0.5,1.0,0.75,6,86,10,5,0.12897016622386023,0.2656080391096667,0.7601167085246414,0.7578353715387037,0.6024838363483944,1.0,1.0,1.0,0.6611882842104178,0.6585859204180957,0.4253696476705653,0.897406368541996,0.8969792788487176,0.7526454569778374,0.44594594594594594,0.6272094879689816,0.34344765244616393,2.6115565299987793
3,0.5,0.5,1.0,0.75,7,48,10,3,0.08212630256597987,0.28196191172701435,0.5783579314228942,0.5742682813251104,0.39682242017573166,0.7916267295012033,0.7909944647108239,0.6144266258107057,0.6032483542727306,0.6001360710360886,0.4335145697475661,0.8919096298303802,0.8916326823937588,0.8472089812237649,0.308411214953271,0.41291291291291293,0.5028345495287957,1.4082965850830078
3,0.5,0.5,1.0,0.75,8,72,10,5,0.12294618683107578,0.2588876808819366,0.7468695405390702,0.7444620997589004,0.5822877184263645,1.0,1.0,1.0,0.6468791345609513,0.6441667191279762,0.40925238353886817,0.897406368541996,0.8969792788487176,0.7526454569778374,0.44594594594594594,0.6272094879689816,0.34191194699973565,2.1975553035736084
3,0.5,0.5,1.0,0.75,9,49,10,5,0.13461761956701113,0.2813108031123814,0.7832303774111926,0.7811687526251687,0.6269376311502493,1.0,1.0,1.0,0.7033897664568074,0.7011114242409189,0.4516585219265294,0.8974063685419956,0.8969792788487173,0.7526454569778374,0.44594594594594594,0.6272094879689816,0.3419119469997357,1.3716628551483154
3,0.5,0.5,1.0,1.0,0,30,10,5,0.12213382806688956,0.26019054448325957,0.7108069249971564,0.7080764520269393,0.5485198414635036,1.0,1.0,1.0,0.6243292491406288,0.6214658777627107,0.38681049653147914,0.897406368541996,0.8969792788487176,0.7526454569778374,0.48484848484848486,0.5841974587410544,0.36715045519698514,0.8278734683990479
3,0.5,0.5,1.0,1.0,1,27,10,3,0.06853082971932338,0.2652584678336526,0.5856708172231112,0.5817266300789997,0.39712825988383577,0.7916267295012033,0.7909944647108239,0.6144266258107057,0.5614653558172804,0.558093439076555,0.3546096794975189,0.8919096298303802,0.8916326823937588,0.8472089812237649,0.308411214953271,0.5493831775700935,0.6116623103979294,0.6761798858642578
3,0.5,0.5,1.0,1.0,2,88,10,5,0.12089755248178943,0.2605495938813985,0.7085497454310873,0.705798039533835,0.5413931293069926,1.0,1.0,1.0,0.6225664282006828,0.6196897083291958,0.3826145020500968,0.8974063685419956,0.8969792788487173,0.7526454569778374,0.48484848484848486,0.5841974587410544,0.3680350196067193,2.5510382652282715
3,0.5,0.5,1.0,1.0,3,24,10,5,0.12574317508482338,0.2701753294043192,0.725839108819767,0.7232505651526999,0.5626305136286612,1.0,1.0,1.0,0.6511860378783343,0.6485273695815009,0.4062930654490222,0.897406368541996,0.8969792788487176,0.7526454569778374,0.48484848484848486,0.5841974587410544,0.36715045519698514,0.6697878837585449
3,0.5,0.5,1.0,1.0,4,45,10,4,0.10247953964173788,0.2697188999599085,0.6383414287901998,0.6349112645923475,0.4495427634077303,0.9116055475593928,0.9112424542131328,0.8049349549879696,0.5352236467147324,0.5316639460992767,0.3047561575562628,0.7889606460971244,0.7882379262538325,0.5957957470317893,0.33,0.56446,0.49195283351278035,1.2771718502044678
3,0.5,0.5,1.0,1.0,5,1000,10,4,0.09164855836203319,0.2610706258916921,0.5950092950007405,0.5911641888590605,0.40947030423887204,0.9037907607564276,0.9033926442098374,0.7752391372397232,0.5006862357267148,0.4968577996481439,0.27683520028277914,0.7792775881454951,0.7785155100165547,0.5705119925521072,0.34285714285714286,0.5630285714285714,0.4929887908997344,22.563544988632202
3,0.5,0.5,1.0,1.0,6,31,10,5,0.1256528878385303,0.27002320226945675,0.725839108819767,0.7232505651526999,0.5626305136286612,1.0,1.0,1.0,0.6511860378783343,0.6485273695815009,0.4062930654490222,0.897406368541996,0.8969792788487176,0.7526454569778374,0.48484848484848486,0.5841974587410544,0.36715045519698514,0.8835077285766602
3,0.5,0.5,1.0,1.0,7,31,10,4,0.10177357609194214,0.27306922397363464,0.6391530090316547,0.6357274465331135,0.44295698048400756,0.897406368541996,0.8969792788487176,0.7526454569778374,0.6398297573943927,0.6370685604752786,0.40969725666580936,1.0,1.0,1.0,0.308411214953271,0.5493831775700935,0.5033433273268866,0.8796076774597168
3,0.5,0.5,1.0,1.0,8,40,10,5,0.11048265784967945,0.226810327820606,0.6834218717280595,0.6804327350876149,0.5031776396967017,1.0,1.0,1.0,0.6086329110252106,0.6056497927264034,0.36510630570945235,0.897406368541996,0.8969792788487176,0.7526454569778374,0.48484848484848486,0.5841974587410544,0.36612533978173994,1.1387770175933838
3,0.5,0.5,1.0,1.0,9,45,10,5,0.12130147475535132,0.2604667464596624,0.7097251742681948,0.7069845660948669,0.544690914423518,1.0,1.0,1.0,0.6231642635961849,0.620292100301247,0.3837713159651131,0.8974063685419956,0.8969792788487173,0.7526454569778374,0.48484848484848486,0.5841974587410544,0.3680350196067193,0.9715466499328613
3,0.5,0.75,0.0,0.0,0,17,4,4,0.3042848217540427,0.304460284679432,0.9075030477238635,0.9071224809899361,0.7887321917624809,0.9116055475593928,0.9112424542131328,0.8049349549879696,0.7900275203691858,0.7893107041629336,0.597632408039675,0.7889606460971244,0.7882379262538325,0.5957957470317893,0.6838709677419355,0.8099702756191306,0.026875295899380848,0.16780567169189453
3,0.5,0.75,0.0,0.0,1,45,10,3,0.18550271198289334,0.29231023462327804,0.6625393618091111,0.6586309483960875,0.5147339304538008,0.7852802150932446,0.7846251091678986,0.6010060305727019,0.5346425348736191,0.5302375398637624,0.3501655404687732,0.630488902126393,0.6295363171801378,0.41386322570661177,0,0.0,inf,1.2220008373260498
3,0.5,0.75,0.0,0.0,2,15,4,4,0.3075619917035833,0.3073762154095663,0.902462641840836,0.9020594281071008,0.7700580044778049,0.897406368541996,0.8969792788487176,0.7526454569778374,1.0,1.0,1.0,1.0,1.0,1.0,0.7018633540372671,0.8216448894414996,0.025655143757508353,0.0940093994140625
3,0.5,0.75,0.0,0.0,3,33,10,4,0.18925494848629965,0.23146891841026734,0.699822205941534,0.696354906840738,0.527832272039223,0.9059896953135614,0.9056014712345598,0.78488266182146,0.5819639573089852,0.5780184549249445,0.3626215128118258,0.7820038042783822,0.7812528432163193,0.5787657424083629,0,0.0,inf,0.638019323348999
3,0.5,0.75,0.0,0.0,4,15,4,4,0.30330959509333777,0.30324649544915616,0.908286786541069,0.9079097241974984,0.7915753497024844,0.9083491277292126,0.907971490705844,0.7934094346634827,0.7909887969767587,0.7902758452404195,0.6000696491729003,0.7849276230002519,0.7841885630133323,0.586029113950917,0.6883116883116883,0.8162008162008161,0.0256389840073597,0.13358283042907715
3,0.5,0.75,0.0,0.0,5,23,10,3,0.181700447962543,0.2951326196331727,0.654938936263132,0.6509433238825043,0.5013257476006117,0.7921997857472497,0.7915695648752535,0.6162892627615703,0.5263430952462629,0.5218605489171302,0.3381970715488902,0.6392779718964172,0.6383542378752756,0.4282009089578253,0,0.0,inf,0.4053683280944824
3,0.5,0.75,0.0,0.0,6,36,10,3,0.17660304136646277,0.2875582131166784,0.6615428259728938,0.6576200469763198,0.49616246000164366,0.7849276230002521,0.7842712471813089,0.5998687124749003,0.5354692290081347,0.5310685991720066,0.3335978046247526,0.6300407065822518,0.6290866490125593,0.41279146196657973,0,0.0,inf,0.7662062644958496
3,0.5,0.75,0.0,0.0,7,22,10,3,0.17883639518859684,0.2932389877065902,0.664819028953644,0.6609384452929846,0.5046494305461088,0.7926764584473263,0.7920479364188315,0.6178455857756018,0.5381167635494201,0.5337464058042817,0.3411862121263821,0.6398829605162114,0.6389611927460443,0.42965422834092154,0,0.0,inf,0.5668725967407227
3,0.5,0.75,0.0,0.0,8,15,4,4,0.3075619917035832,0.3073762154095663,0.902462641840836,0.9020594281071008,0.7700580044778049,0.897406368541996,0.8969792788487176,0.7526454569778374,0.9999999999999998,0.9999999999999998,1.0,1.0,1.0,1.0,0.7018633540372671,0.8216448894414996,0.025655143757508353,0.16405105590820312
3,0.5,0.75,0.0,0.0,9,116,10,3,0.18555507487235545,0.30502058664596804,0.6398562882673727,0.6355737563588,0.40991446051662955,0.7595386266093844,0.7587891678710779,0.523012647821584,0.5164058551377864,0.5116943909716204,0.25690324380686697,0.5976802337166612,0.5966178608565919,0.3387811841838666,0,0.0,inf,3.0261919498443604
3,0.5,0.75,0.0,0.25,0,46,10,3,0.1620702063257851,0.29292748044154193,0.6823024632375606,0.6788092701342393,0.5061105640691664,0.8021489417124285,0.8015540214626932,0.6413806962628472,0.5615988637641227,0.557669063900774,0.34358865287888113,0.651892823668452,0.6510099162702464,0.4514820116115285,0,0.0,inf,0.9353227615356445
3,0.5,0.75,0.0,0.25,1,29,4,4,0.3075619917035833,0.3073762154095663,0.902462641840836,0.9020594281071008,0.7700580044778049,0.897406368541996,0.8969792788487176,0.7526454569778374,1.0,1.0,1.0,1.0,1.0,1.0,0.7018633540372671,0.8216448894414996,0.02565514375750834,0.42401933670043945
3,0.5,0.75,0.0,0.25,2,76,2,2,0.30676087177327976,0.30676087177327976,0.5886439109427256,0.587918508065989,0.3721699660878811,0.5843445647456531,0.5836076786123202,0.3649394192885749,0.6730637408663831,0.6725695649254293,0.5349795162386692,0.6729934599358478,0.6724929101529477,0.5400412938889216,0.7891156462585034,0.8818945527806287,0.006635345743018436,1.8531932830810547
3,0.5,0.75,0.0,0.25,3,20,4,4,0.30756199170358334,0.3073762154095664,0.902462641840836,0.9020594281071008,0.7700580044778049,0.897406368541996,0.8969792788487176,0.7526454569778374,1.0,1.0,1.0,1.0,1.0,1.0,0.7018633540372671,0.8216448894414996,0.025655143757508346,0.17504191398620605
3,0.5,0.75,0.0,0.25,4,14,4,4,0.3042848217540427,0.30446028467943204,0.9075030477238635,0.9071224809899361,0.7887321917624809,0.9116055475593928,0.9112424542131328,0.8049349549879696,0.7900275203691858,0.7893107041629336,0.597632408039675,0.7889606460971247,0.7882379262538328,0.5957957470317893,0.6838709677419355,0.8099702756191306,0.02687529589938084,0.0999600887298584
3,0.5,0.75,0.0,0.25,5,111,2,2,0.3008090782574572,0.30080907825745745,0.5916192536088873,0.59090064872952,0.37797664007241627,0.5960908120545209,0.5953808212273226,0.38786077858471907,0.39012433863433876,0.38920475034961693,0.20644409204749883,0.3851413325894215,0.3842093114939668,0.20059074619948228,0.7777777777777778,0.878027905054932,0.007750823603480717,3.1681747436523438
3,0.5,0.75,0.0,0.25,6,23,10,3,0.16372742162344162,0.2942564562182668,0.679624298872769,0.6761016584360374,0.5073994164475483,0.8021489417124285,0.8015540214626932,0.6413806962628472,0.5681239110425493,0.5642526012874226,0.34942693321289836,0.6518928236684518,0.6510099162702462,0.4514820116115285,0,0.0,inf,0.512343168258667
3,0.5,0.75,0.0,0.25,7,29,10,3,0.14776877630498947,0.2730823438927486,0.637009260019562,0.6329985419520374,0.4782523751488852,0.7916267295012034,0.790994464710824,0.6144266258107057,0.5223370949692616,0.5180326081884411,0.3206691642078683,0.6385505741240013,0.637624474122608,0.42645992265876403,0,0.0,inf,0.6245400905609131
3,0.5,0.75,0.0,0.25,8,120,4,4,0.28785146092583686,0.28771988979018603,0.9069960203513316,0.9066131841674229,0.7868715044443074,0.9116055475593928,0.9112424542131328,0.8049349549879696,0.7894055587341606,0.7886862396567129,0.5960355563763461,0.7889606460971244,0.7882379262538325,0.5957957470317893,0.336734693877551,0.5005005005005004,0.10946976680738364,2.832780122756958
3,0.5,0.75,0.0,0.25,9,112,4,4,0.3042848217540426,0.30446028467943204,0.9075030477238635,0.9071224809899361,0.7887321917624809,0.9116055475593928,0.9112424542131328,0.8049349549879696,0.7900275203691858,0.7893107041629336,0.597632408039675,0.7889606460971244,0.7882379262538325,0.5957957470317893,0.6838709677419355,0.8099702756191306,0.02687529589938084,2.9656920433044434
3,0.5,0.75,0.0,0.5,0,112,4,4,0.30225652517010054,0.3021997676838216,0.9062134325366954,0.9058270894842647,0.7840181975146335,0.9059896953135614,0.9056014712345598,0.78488266182146,0.7884454500433647,0.7877222627828132,0.5935840403399594,0.7820038042783822,0.7812528432163193,0.5787657424083629,0.6815286624203821,0.8073400033199027,0.027917723004850688,2.4590725898742676
3,0.5,0.75,0.0,0.5,1,64,10,4,0.1546810549643603,0.25741012869461105,0.7047063985397957,0.7015829824373673,0.515454700101475,0.897406368541996,0.8969792788487176,0.7526454569778374,0.7227871768215625,0.7204022564530593,0.6232843526901157,1.0,1.0,1.0,0,0.0,inf,1.8935189247131348
3,0.5,0.75,0.0,0.5,2,88,10,3,0.1364152680332473,0.2901714918125283,0.6506233762259247,0.6469104583181201,0.47796831011478974,0.7889606460971246,0.7883188157233194,0.6085417084158432,0.5306773285494971,0.5266190194161519,0.32010769695660735,0.6351652836494971,0.6342280982950598,0.42094768363328244,0,0.0,inf,2.7230911254882812
3,0.5,0.75,0.0,0.5,3,21,10,3,0.14743345147980919,0.292375709059566,0.6767361009087051,0.6733120641260341,0.51347854141081,0.8019282820082536,0.8013325861275414,0.6406540834881669,0.5595206195488146,0.5557253753122755,0.35088786545318124,0.6516133272375468,0.6507295243611372,0.4508122830368131,0,0.0,inf,0.5630042552947998
3,0.5,0.75,0.0,0.5,4,115,4,4,0.30428482175404253,0.304460284679432,0.9075030477238635,0.9071224809899361,0.7887321917624809,0.9116055475593928,0.9112424542131328,0.8049349549879696,0.7900275203691857,0.7893107041629335,0.597632408039675,0.7889606460971247,0.7882379262538328,0.5957957470317893,0.6838709677419355,0.8099702756191306,0.026875295899380862,3.25473690032959
3,0.5,0.75,0.0,0.5,5,76,4,4,0.28430885921053173,0.284060810452507,0.9077861546703496,0.9074068545396609,0.7897360784811976,0.9083491277292126,0.907971490705844,0.7934094346634827,0.7903747757157538,0.7896593564483267,0.5984933525969508,0.7849276230002519,0.7841885630133323,0.586029113950917,0.336734693877551,0.5005005005005004,0.10900019011335879,2.093757152557373
3,0.5,0.75,0.0,0.5,6,47,2,2,0.3008090782574572,0.30080907825745745,0.5916192536088873,0.59090064872952,0.37797664007241627,0.5960908120545209,0.5953808212273226,0.38786077858471907,0.39012433863433876,0.38920475034961693,0.20644409204749883,0.3851413325894215,0.3842093114939668,0.20059074619948228,0.7777777777777778,0.878027905054932,0.007750823603480714,0.8947489261627197
3,0.5,0.75,0.0,0.5,7,55,10,3,0.1426446831305199,0.29393692712179803,0.6524719240341246,0.6487781048247918,0.48321098389865047,0.7926764584473263,0.7920479364188315,0.6178455857756018,0.5326692190116523,0.5286274748782435,0.324576181360025,0.6398829605162116,0.6389611927460445,0.42965422834092154,0,0.0,inf,1.5500028133392334
3,0.5,0.75,0.0,0.5,8,14,4,4,0.3075619917035833,0.3073762154095663,0.902462641840836,0.9020594281071008,0.7700580044778049,0.897406368541996,0.8969792788487176,0.7526454569778374,0.9999999999999998,0.9999999999999998,1.0,1.0,1.0,1.0,0.7018633540372671,0.8216448894414996,0.025655143757508353,0.1429135799407959
3,0.5,0.75,0.0,0.5,9,34,4,4,0.28999564489917873,0.28967696566936396,0.9041296431413824,0.9037339420232676,0.7760883163884392,0.9000920107272863,0.8996771460213145,0.7622414951112423,0.7858882559572732,0.7851547448691064,0.586753001857982,0.7746891130677099,0.7739081836339227,0.5593213086866492,0.336734693877551,0.5005005005005004,0.10876234100402507,0.7765090465545654
3,0.5,0.75,0.0,0.75,0,38,10,4,0.14734253556543392,0.2830462455505666,0.7566490286959721,0.7541920568316715,0.5859122508986623,0.9116055475593928,0.9112424542131328,0.8049349549879696,0.668346464707261,0.6656313369095453,0.42182772979259864,0.7889606460971247,0.7882379262538328,0.5957957470317893,0,0.0,inf,1.0727136135101318
3,0.5,0.75,0.0,0.75,1,48,10,4,0.14481642819341442,0.28290082184101767,0.7357647904709481,0.7330859613482532,0.5518184114840179,0.8974063685419958,0.8969792788487174,0.7526454569778374,0.6283572205326653,0.6253011684232943,0.384200873210999,0.7713552409379785,0.7705605424897544,0.5510101485183012,0,0.0,inf,0.9739069938659668
3,0.5,0.75,0.0,0.75,2,28,10,4,0.14841069486887265,0.2864607008411998,0.7495395495375258,0.7470141593741549,0.5820898508362049,0.9137594533047027,0.9134059329538328,0.8127690521941776,0.6439094636429389,0.640998462766191,0.40954575338423704,0.7916267295012033,0.7909147573609079,0.602400964174539,0,0.0,inf,0.7234461307525635
3,0.5,0.75,0.0,0.75,3,44,10,4,0.15503449968202798,0.2994205339629152,0.7533786722728135,0.7508988425361497,0.5845317595543204,0.9116055475593928,0.9112424542131328,0.8049349549879696,0.6690017973544551,0.6663039476876451,0.4249013306998348,0.7889606460971247,0.7882379262538328,0.5957957470317893,0,0.0,inf,1.3159265518188477
3,0.5,0.75,0.0,0.75,4,48,10,5,0.15356127147952425,0.23383896268620777,0.7575082189240272,0.7550668139990445,0.571783311772773,1.0,1.0,1.0,0.6527152723851494,0.6498808146315463,0.40094768285906207,0.897406368541996,0.8969792788487176,0.7526454569778374,0,0.0,inf,1.2056388854980469
3,0.5,0.75,0.0,0.75,5,30,10,3,0.10775679258873756,0.2681764440074482,0.5618524248873782,0.5572394899626819,0.3642790385424363,0.7303232410180941,0.7294623299636516,0.45744797462502,0.5392104537234309,0.5352639189536504,0.3269441844161647,0.8281626276133816,0.8276964442337125,0.6590455003918929,0,0.0,inf,0.4938924312591553
3,0.5,0.75,0.0,0.75,6,31,10,5,0.15066367912500545,0.22431314524989002,0.7510404909550399,0.7485210293810277,0.5510877132781413,1.0,1.0,1.0,0.6451297364681202,0.642217224721214,0.38362136275615966,0.8974063685419956,0.8969792788487173,0.7526454569778374,0,0.0,inf,0.584836483001709
3,0.5,0.75,0.0,0.75,7,26,10,4,0.14439666538350915,0.2827194258051685,0.7336230708427781,0.7309273455829175,0.5556824062912776,0.8974063685419958,0.8969792788487174,0.7526454569778374,0.6380629909836901,0.635092480634616,0.3907106512223947,0.7713552409379785,0.7705605424897544,0.5510101485183012,0,0.0,inf,0.49308323860168457
3,0.5,0.75,0.0,0.75,8,23,10,4,0.14891111302002816,0.28895104130497723,0.732022271440225,0.7293131125080986,0.5670576757263553,0.9037907607564276,0.9033926442098374,0.7752391372397232,0.627414315816862,0.6243597763685889,0.3974673456524998,0.7792775881454947,0.7785155100165544,0.5705119925521072,0,0.0,inf,0.3676142692565918
3,0.5,0.75,0.0,0.75,9,24,10,4,0.15340885359576184,0.2974299257292151,0.7460681988896205,0.7435088938227438,0.5880833633132208,0.897406368541996,0.8969792788487176,0.7526454569778374,0.7480620127424701,0.7460033789524632,0.6127411243902892,1.0,1.0,1.0,0,0.0,inf,0.4317970275878906
3,0.5,0.75,0.0,1.0,0,113,10,5,0.15840746267631395,0.2814502742077135,0.7855354657527721,0.7834629495982067,0.6567198413153214,1.0,1.0,1.0,0.6938391265766846,0.6914472664547605,0.4713176454135973,0.897406368541996,0.8969792788487176,0.7526454569778374,0,0.0,inf,3.423417091369629
3,0.5,0.75,0.0,1.0,1,112,10,4,0.12608688886415423,0.26844510538381505,0.6643241598608322,0.6610006493291554,0.488983152036461,0.9000920107272863,0.8996771460213145,0.7622414951112423,0.5534181128033743,0.5498373222119814,0.33262493733199217,0.7746891130677099,0.7739081836339227,0.5593213086866492,0,0.0,inf,2.78958797454834
3,0.5,0.75,0.0,1.0,2,50,10,5,0.1586600958882507,0.2854727808562003,0.7905918451718466,0.7885681922387291,0.656542213705291,1.0,1.0,1.0,0.6993051361811612,0.6969559788718231,0.4711744712975756,0.897406368541996,0.8969792788487176,0.7526454569778374,0,0.0,inf,0.9768385887145996
3,0.5,0.75,0.0,1.0,3,47,10,4,0.13308084962716854,0.279573793402269,0.7035906904630226,0.7006661023900769,0.5422368824039092,0.9137594533047027,0.9134059329538328,0.8127690521941776,0.6031674916908224,0.5999974518053445,0.3785714997215825,0.7916267295012032,0.7909147573609078,0.602400964174539,0,0.0,inf,0.9079241752624512
3,0.5,0.75,0.0,1.0,4,1000,10,3,0.10191857802565174,0.2691421611655754,0.6049509409426532,0.6010040253930612,0.42237839663931925,0.7889606460971246,0.7883188157233194,0.6085417084158432,0.4880701979688497,0.48392551852000315,0.2768915098810014,0.6351652836494971,0.6342280982950598,0.42094768363328244,0,0.0,inf,20.37077045440674
3,0.5,0.75,0.0,1.0,5,42,10,5,0.16265910853545865,0.28628817382950794,0.797168509686195,0.7952084115198225,0.6731651975439737,1.0,1.0,1.0,0.7081683830718507,0.70588846925059,0.4882241222804911,0.8974063685419956,0.8969792788487173,0.7526454569778374,0,0.0,inf,0.9719157218933105
3,0.5,0.75,0.0,1.0,6,1000,10,3,0.09000073207666495,0.263727713713237,0.5466477348385153,0.5421294873103969,0.3661111087961139,0.7852802150932446,0.7846251091678986,0.6010060305727019,0.4251991818631239,0.42055787274314205,0.2307551126591967,0.630488902126393,0.6295363171801378,0.41386322570661177,0,0.0,inf,21.202664375305176
3,0.5,0.75,0.0,1.0,7,27,10,4,0.12458199881243967,0.2754765404481052,0.6496600468277266,0.646226283339573,0.48844781754047595,0.897406368541996,0.8969792788487176,0.7526454569778374,0.6544190744243146,0.6516781252454349,0.47025238789227386,1.0,1.0,1.0,0,0.0,inf,0.7329423427581787
3,0.5,0.75,0.0,1.0,8,40,10,4,0.11988502278540367,0.2633636209388215,0.66576838725228,0.6624581580373918,0.48700055245536095,0.9037907607564276,0.9033926442098374,0.7752391372397232,0.5549464460210992,0.5513767267134809,0.3309617845607503,0.7792775881454951,0.7785155100165547,0.5705119925521072,0,0.0,inf,1.162646770477295
3,0.5,0.75,0.0,1.0,9,112,10,5,0.15535913112379424,0.2853051325862131,0.7839084588624092,0.7818202198375067,0.6392827309306657,1.0,1.0,1.0,0.6938341017310865,0.6914422023529124,0.46091365964935493,0.897406368541996,0.8969792788487176,0.7526454569778374,0,0.0,inf,3.1804068088531494
3,0.5,0.75,0.25,0.0,0,18,4,4,0.3033095950933377,0.30324649544915616,0.908286786541069,0.9079097241974984,0.7915753497024844,0.9083491277292126,0.907971490705844,0.7934094346634827,0.7909887969767587,0.7902758452404195,0.6000696491729003,0.7849276230002519,0.7841885630133323,0.586029113950917,0.6883116883116883,0.8162008162008161,0.025638984007359693,0.21198058128356934
3,0.5,0.75,0.25,0.0,1,25,4,4,0.3075619917035833,0.3073762154095663,0.902462641840836,0.9020594281071008,0.7700580044778049,0.897406368541996,0.8969792788487176,0.7526454569778374,0.9999999999999998,0.9999999999999998,1.0,1.0,1.0,1.0,0.7018633540372671,0.8216448894414996,0.025655143757508343,0.0939338207244873
3,0.5,0.75,0.25,0.0,2,70,10,3,0.16312660225395972,0.2929241649119923,0.6805545749022368,0.6770425518606714,0.5097266464136431,0.8021489417124285,0.8015540214626932,0.6413806962628472,0.5597051909696266,0.555758891582945,0.34676039814859433,0.651892823668452,0.6510099162702464,0.4514820116115285,0,0.0,inf,1.45487642288208
3,0.5,0.75,0.25,0.0,3,26,4,3,0.2557903597691071,0.2987326059316998,0.7399166322004304,0.7388142897063499,0.5875275084364275,0.7921997857472497,0.7915695648752535,0.6162892627615703,0.6002078175233414,0.598797811418634,0.4156658145685609,0.6392779718964172,0.6383542378752756,0.4282009089578253,0,0.0,inf,0.1911296844482422
3,0.5,0.75,0.25,0.0,4,29,10,3,0.16075520598730522,0.2912051110230053,0.6429228074117055,0.6389862470110714,0.4853660979701023,0.7852802150932446,0.7846251091678986,0.6010060305727019,0.5182643897347449,0.5139337464228398,0.32526218088973485,0.630488902126393,0.6295363171801378,0.41386322570661177,0,0.0,inf,0.790024995803833
3,0.5,0.75,0.25,0.0,5,34,2,2,0.3065022615582611,0.306502261558261,0.5864457028076931,0.5857152626526245,0.36794884669240996,0.581408430461704,0.5806647649710639,0.35946576657210166,0.6707000927129853,0.6702014414849433,0.5295124914864294,0.6698226521030716,0.6693160184610265,0.5327971294054453,0.773972602739726,0.8768458380861481,0.007680011431234847,0.8015255928039551
3,0.5,0.75,0.25,0.0,6,112,10,3,0.1583727365318522,0.2928582194467365,0.6454893913810993,0.6415773086237365,0.48355741478543335,0.789789857030486,0.789150994948784,0.6112350182388241,0.5209368885232907,0.5166256933864855,0.32358146597437143,0.636218386690312,0.6352846396218612,0.42347263580084515,0,0.0,inf,3.4455513954162598
3,0.5,0.75,0.25,0.0,7,74,10,3,0.14794045820873544,0.2719375368195355,0.633809880825216,0.6297649430795892,0.48047407579001633,0.7921997857472497,0.7915695648752535,0.6162892627615703,0.5167569892982988,0.512403541743885,0.32213086839556737,0.6392779718964172,0.6383542378752756,0.4282009089578253,0,0.0,inf,2.2770004272460938
3,0.5,0.75,0.25,0.0,8,23,4,4,0.30330959509333777,0.30324649544915616,0.908286786541069,0.9079097241974984,0.7915753497024844,0.9083491277292126,0.907971490705844,0.7934094346634827,0.7909887969767587,0.7902758452404195,0.6000696491729003,0.7849276230002518,0.7841885630133321,0.586029113950917,0.6883116883116883,0.8162008162008161,0.025638984007359707,0.18202805519104004
3,0.5,0.75,0.25,0.0,9,38,10,4,0.16222199826575187,0.23899316571841156,0.7059220186766823,0.7027033472815147,0.5259293939248517,0.9116055475593928,0.9112424542131328,0.8049349549879696,0.5879580554743788,0.584282920088969,0.3611001496410717,0.7889606460971247,0.7882379262538328,0.5957957470317893,0,0.0,inf,1.0718207359313965
3,0.5,0.75,0.25,0.25,0,34,10,3,0.14099016687752164,0.29099420550511396,0.6609426833944212,0.6573499496793257,0.4915321964032225,0.8021489417124285,0.8015540214626932,0.6413806962628472,0.5422784613598356,0.5383329736837287,0.33198334665771173,0.6518928236684518,0.6510099162702462,0.4514820116115285,0.32,0.54776,1.2427561248294399,0.8688726425170898
3,0.5,0.75,0.25,0.25,1,35,10,3,0.14014886751892508,0.2958638159092057,0.6260352805119271,0.6220612548385495,0.4543694751699579,0.7921997857472497,0.7915695648752535,0.6162892627615703,0.5039079391043999,0.4996183697397022,0.2997128279078856,0.6392779718964172,0.6383542378752756,0.4282009089578253,0.32,0.54776,1.2412332189829618,0.9860398769378662
3,0.5,0.75,0.25,0.25,2,32,4,4,0.29268590417882967,0.2924940346636298,0.9032922516795583,0.9028927793128343,0.7730668342239174,0.9037907607564276,0.9033926442098374,0.7752391372397232,0.7848603265332942,0.7841226529242772,0.5841432909559504,0.7792775881454951,0.7785155100165547,0.5705119925521072,0.336734693877551,0.5005005005005004,0.10923595705984931,0.886033296585083
3,0.5,0.75,0.25,0.25,3,31,4,4,0.3042848217540427,0.30446028467943204,0.9075030477238635,0.9071224809899361,0.7887321917624809,0.9116055475593928,0.9112424542131328,0.8049349549879696,0.7900275203691857,0.7893107041629335,0.597632408039675,0.7889606460971244,0.7882379262538325,0.5957957470317893,0.6838709677419355,0.8099702756191306,0.02687529589938084,0.5124983787536621
3,0.5,0.75,0.25,0.25,4,36,4,4,0.30225652517010054,0.30219976768382184,0.9062134325366954,0.9058270894842647,0.7840181975146335,0.9059896953135614,0.9056014712345598,0.78488266182146,0.7884454500433647,0.7877222627828132,0.5935840403399594,0.7820038042783822,0.7812528432163193,0.5787657424083629,0.6815286624203821,0.8073400033199027,0.027917723004850688,0.6584653854370117
3,0.5,0.75,0.25,0.25,5,23,10,3,0.14078346731769736,0.2916915690526292,0.6321563963672017,0.628244809665614,0.4590097027043611,0.7852802150932446,0.7846251091678986,0.6010060305727019,0.5104880633022435,0.5062523328812806,0.3036594689765554,0.630488902126393,0.6295363171801378,0.41386322570661177,0.32,0.54776,1.2410906161363695,0.38387203216552734
3,0.5,0.75,0.25,0.25,6,1000,10,4,0.14624663108375283,0.23748441868071996,0.6755924065387583,0.6721430037063241,0.4907256734395576,0.897406368541996,0.8969792788487176,0.7526454569778374,0.6886061464843557,0.6859119158117922,0.57581314379048,1.0,1.0,1.0,0.32,0.54776,1.2239259760468515,22.553656578063965
3,0.5,0.75,0.25,0.25,7,109,4,4,0.2869099494121842,0.28655480444348697,0.9019138104143678,0.901508118740358,0.76805910791063,0.8974063685419958,0.8969792788487174,0.7526454569778374,0.7831678689471552,0.7824233293215744,0.5798095882521743,0.7713552409379785,0.7705605424897544,0.5510101485183012,0.336734693877551,0.5005005005005004,0.10966176433674985,2.462742805480957
3,0.5,0.75,0.25,0.25,8,1000,10,4,0.15103567914146926,0.23694376236169148,0.656021670667745,0.6522949451053236,0.42196703001351354,0.897406368541996,0.8969792788487176,0.7526454569778374,0.6662326892775037,0.6632854756992411,0.5022823535514067,1.0,1.0,1.0,0.32,0.54776,1.1997259493669858,23.380552768707275
3,0.5,0.75,0.25,0.25,9,21,4,4,0.29268590417882967,0.2924940346636297,0.9032922516795583,0.9028927793128343,0.7730668342239174,0.9037907607564276,0.9033926442098374,0.7752391372397232,0.7848603265332942,0.7841226529242772,0.5841432909559504,0.7792775881454947,0.7785155100165544,0.5705119925521072,0.336734693877551,0.5005005005005004,0.10923595705984931,0.5083944797515869
3,0.5,0.75,0.25,0.5,0,39,4,4,0.30330959509333777,0.30324649544915605,0.908286786541069,0.9079097241974984,0.7915753497024844,0.9083491277292126,0.907971490705844,0.7934094346634827,0.7909887969767587,0.7902758452404195,0.6000696491729003,0.7849276230002519,0.7841885630133323,0.586029113950917,0.6883116883116883,0.8162008162008161,0.025638984007359707,0.5662353038787842
3,0.5,0.75,0.25,0.5,1,62,4,4,0.2869099494121843,0.2865548044434872,0.9019138104143678,0.901508118740358,0.76805910791063,0.8974063685419958,0.8969792788487174,0.7526454569778374,0.7831678689471552,0.7824233293215744,0.5798095882521743,0.7713552409379785,0.7705605424897544,0.5510101485183012,0.336734693877551,0.5005005005005004,0.10966176433674982,1.5268759727478027
3,0.5,0.75,0.25,0.5,2,49,4,4,0.30428482175404276,0.30446028467943204,0.9075030477238635,0.9071224809899361,0.7887321917624809,0.9116055475593928,0.9112424542131328,0.8049349549879696,0.7900275203691857,0.7893107041629335,0.597632408039675,0.7889606460971247,0.7882379262538328,0.5957957470317893,0.6838709677419355,0.8099702756191306,0.026875295899380834,1.361753225326538
3,0.5,0.75,0.25,0.5,3,85,4,4,0.2913748138964656,0.2912005202031929,0.9090437908389912,0.9086701087019787,0.7943429996270311,0.9137594533047027,0.9134059329538328,0.8127690521941776,0.7919171422000004,0.7912079172740434,0.6024389496913674,0.7916267295012033,0.7909147573609079,0.602400964174539,0.336734693877551,0.5005005005005004,0.10863798562446274,2.5021584033966064
3,0.5,0.75,0.25,0.5,4,50,4,4,0.3042848217540427,0.304460284679432,0.9075030477238635,0.9071224809899361,0.7887321917624809,0.9116055475593928,0.9112424542131328,0.8049349549879696,0.7900275203691857,0.7893107041629335,0.597632408039675,0.7889606460971247,0.7882379262538328,0.5957957470317893,0.6838709677419355,0.8099702756191306,0.02687529589938084,1.259615182876587
3,0.5,0.75,0.25,0.5,5,33,4,4,0.3042848217540426,0.30446028467943204,0.9075030477238635,0.9071224809899361,0.7887321917624809,0.9116055475593928,0.9112424542131328,0.8049349549879696,0.7900275203691858,0.7893107041629336,0.597632408039675,0.7889606460971244,0.7882379262538325,0.5957957470317893,0.6838709677419355,0.8099702756191306,0.026875295899380834,0.8104004859924316
3,0.5,0.75,0.25,0.5,6,31,5,5,0.29615108835549186,0.2959491323549751,1.0,1.0,1.0,1.0,1.0,1.0,0.902462641840836,0.9020594281071008,0.7700580044778049,0.897406368541996,0.8969792788487176,0.7526454569778374,0.336734693877551,0.5005005005005004,0.11415967122605028,0.7770788669586182
3,0.5,0.75,0.25,0.5,7,27,2,2,0.30676087177327976,0.30676087177327976,0.5886439109427256,0.587918508065989,0.3721699660878811,0.5843445647456531,0.5836076786123202,0.3649394192885749,0.6730637408663831,0.6725695649254293,0.5349795162386692,0.6729934599358478,0.6724929101529477,0.5400412938889216,0.7891156462585034,0.8818945527806287,0.006635345743018439,0.5987894535064697
3,0.5,0.75,0.25,0.5,8,35,5,5,0.2961510883554918,0.2959491323549751,1.0,1.0,1.0,1.0,1.0,1.0,0.902462641840836,0.9020594281071008,0.7700580044778049,0.897406368541996,0.8969792788487176,0.7526454569778374,0.336734693877551,0.5005005005005004,0.11415967122605032,0.5723588466644287
3,0.5,0.75,0.25,0.5,9,18,4,4,0.3033095950933377,0.30324649544915616,0.908286786541069,0.9079097241974984,0.7915753497024844,0.9083491277292126,0.907971490705844,0.7934094346634827,0.7909887969767587,0.7902758452404195,0.6000696491729003,0.7849276230002518,0.7841885630133321,0.586029113950917,0.6883116883116883,0.8162008162008161,0.025638984007359707,0.13209152221679688
3,0.5,0.75,0.25,0.75,0,70,10,4,0.1360088808058509,0.2835683985351338,0.7588837178055456,0.7564886327176634,0.5850411256441889,0.9116055475593928,0.9112424542131328,0.8049349549879696,0.6554948466256304,0.652722872664634,0.41190307453820796,0.7889606460971247,0.7882379262538328,0.5957957470317893,0.32,0.42147410568463195,0.9521618568512757,1.5296475887298584
3,0.5,0.75,0.25,0.75,1,64,5,5,0.2961510883554918,0.29594913235497505,1.0,1.0,1.0,1.0,1.0,1.0,0.9024626418408362,0.9020594281071009,0.7700580044778049,0.897406368541996,0.8969792788487176,0.7526454569778374,0.336734693877551,0.5005005005005004,0.11415967122605031,1.412313461303711
3,0.5,0.75,0.25,0.75,2,60,10,3,0.10810353699537331,0.2862789179359812,0.6451700244481907,0.6416061999499533,0.4726442036276998,0.7849276230002521,0.7842712471813089,0.5998687124749003,0.5310619980979853,0.527243908244222,0.31835157960784527,0.6300407065822516,0.6290866490125591,0.41279146196657973,0.32,0.42147410568463195,1.0084105000441201,1.3679370880126953
3,0.5,0.75,0.25,0.75,3,64,10,2,0.07945110421372022,0.304164376513073,0.5646655403278125,0.5601701611609644,0.3901910816028141,0.5843445647456531,0.5836076786123202,0.3649394192885749,0.5037862472111286,0.4996235296794652,0.28288892343473754,0.6729934599358478,0.6724929101529477,0.5400412938889216,0.20869565217391303,0.42147410568463195,1.2109751813693252,1.973060131072998
3,0.5,0.75,0.25,0.75,4,31,10,4,0.14676802019922083,0.2970723458311385,0.7637769389568193,0.7614452928735278,0.6048970938253666,0.9083491277292126,0.907971490705844,0.7934094346634827,0.6614698722229204,0.6587644921308845,0.42812609724218736,0.7849276230002518,0.7841885630133321,0.586029113950917,0.32,0.42147410568463195,0.8827713384574931,0.9177591800689697
3,0.5,0.75,0.25,0.75,5,46,10,4,0.13201550019243224,0.28016562787240074,0.7245687037757852,0.7218353965818176,0.5447256360100445,0.9083491277292126,0.907971490705844,0.7934094346634827,0.6318859151520018,0.6289270539128495,0.3830902889572377,0.7849276230002519,0.7841885630133323,0.586029113950917,0.32,0.42147410568463195,0.941702851776639,1.0206873416900635
3,0.5,0.75,0.25,0.75,6,49,10,5,0.14017038639363744,0.23117932720192752,0.7478457895285375,0.7453419806470667,0.536685000305194,1.0,1.0,1.0,0.6570432867741964,0.654284860498498,0.37642116003063786,0.897406368541996,0.8969792788487176,0.7526454569778374,0.32,0.42147410568463195,0.9446556671908073,1.0842697620391846
3,0.5,0.75,0.25,0.75,7,111,10,4,0.13626641705843517,0.28826251888743215,0.7225767613920603,0.7198135409373805,0.5385846393018251,0.9037907607564276,0.9033926442098374,0.7752391372397232,0.6158597766950188,0.6127598348387098,0.3733834234908379,0.7792775881454947,0.7785155100165544,0.5705119925521072,0.32,0.42147410568463195,0.9532780232339342,3.141322612762451
3,0.5,0.75,0.25,0.75,8,23,4,4,0.3008778449158349,0.3007616515061119,0.8810679193908433,0.8805796346459527,0.7780859007861038,0.9116055475593928,0.9112424542131328,0.8049349549879696,0.7610254694515646,0.76021156505032,0.5876117679913574,0.7889606460971247,0.7882379262538328,0.5957957470317893,0.726027397260274,0.828953953953954,0.018878648078962362,0.2287280559539795
3,0.5,0.75,0.25,0.75,9,1000,10,4,0.14468196896074298,0.29612414722111025,0.7496316013347545,0.7471617471682872,0.5888823975468168,0.9083491277292126,0.907971490705844,0.7934094346634827,0.6462160354368481,0.6433904963668383,0.4149582279565902,0.7849276230002519,0.7841885630133323,0.586029113950917,0.32,0.42147410568463195,0.8746280064037865,23.729562759399414
3,0.5,0.75,0.25,1.0,0,87,10,4,0.11493362192727552,0.26794855494261677,0.6860404377481707,0.6829736757612395,0.4982560999430623,0.9116055475593928,0.9112424542131328,0.8049349549879696,0.5868168186937098,0.5835512169741175,0.34610362859139393,0.7889606460971247,0.7882379262538328,0.5957957470317893,0.24242424242424243,0.364000364000364,1.234971526140062,2.1712324619293213
3,0.5,0.75,0.25,1.0,1,29,10,4,0.12150312970207366,0.2774203811568851,0.6797334119413704,0.6766360419008628,0.5159209655741378,0.9059896953135614,0.9056014712345598,0.78488266182146,0.5941161810498308,0.5909423329743159,0.36458900285280754,0.7820038042783822,0.7812528432163193,0.5787657424083629,0.24242424242424243,0.364000364000364,1.2007406829345961,0.8704380989074707
3,0.5,0.75,0.25,1.0,2,36,10,4,0.10401444340545375,0.26000020008369057,0.6322233235499147,0.6286336099425961,0.43366005239643846,0.9000920107272863,0.8996771460213145,0.7622414951112423,0.5298021286509865,0.526088879394637,0.2903921930083993,0.7746891130677099,0.7739081836339227,0.5593213086866492,0.24242424242424243,0.364000364000364,1.208433299411555,1.0470097064971924
3,0.5,0.75,0.25,1.0,3,112,10,4,0.12199861061299148,0.2721649889218825,0.7082348992039524,0.7053879187236736,0.5341892530779597,0.9137594533047027,0.9134059329538328,0.8127690521941776,0.6175450990972262,0.6145257632329872,0.37626602832958983,0.7916267295012033,0.7909147573609079,0.602400964174539,0.24242424242424243,0.364000364000364,1.221458391165863,3.518746852874756
3,0.5,0.75,0.25,1.0,4,1000,10,3,0.09148068311204291,0.28378036058312245,0.5511433677960532,0.5467061915317128,0.3710921271596023,0.7595386266093844,0.7587891678710779,0.523012647821584,0.46549911814235834,0.461220045985887,0.25131675921726293,0.5976802337166612,0.5966178608565919,0.3387811841838666,0.23225806451612904,0.36036036036036034,1.42399373737156,21.92596960067749
3,0.5,0.75,0.25,1.0,5,1000,10,4,0.11627160572628173,0.2696694381811095,0.6602745569409757,0.6569920209580947,0.49757657211979084,0.9059896953135614,0.9056014712345598,0.78488266182146,0.5754979978240362,0.5721818470246132,0.3609289295107594,0.7820038042783822,0.7812528432163193,0.5787657424083629,0.24242424242424243,0.364000364000364,1.1826732742981065,21.485666751861572
3,0.5,0.75,0.25,1.0,6,1000,10,5,0.1488353885380643,0.2855132069965252,0.7825063419858485,0.7804243191495366,0.6267608495811207,1.0,1.0,1.0,0.6916065297881713,0.6892212480379889,0.44720787293297704,0.897406368541996,0.8969792788487176,0.7526454569778374,0.24242424242424243,0.364000364000364,0.9982364906564138,23.86122703552246
3,0.5,0.75,0.25,1.0,7,1000,10,4,0.11818112470362979,0.28193073341341196,0.6784825330893668,0.6753770354430401,0.5081874344813799,0.9083491277292126,0.907971490705844,0.7934094346634827,0.5783380090198514,0.5750453040722622,0.35178568640887614,0.7849276230002519,0.7841885630133323,0.586029113950917,0.24242424242424243,0.364000364000364,1.180799701278302,22.07209587097168
3,0.5,0.75,0.25,1.0,8,34,10,4,0.11737135276309396,0.27048438969008165,0.6816792179919754,0.6785750434796853,0.5123070678718565,0.9083491277292126,0.907971490705844,0.7934094346634827,0.5808164751958288,0.5775093942238504,0.35465451104049034,0.7849276230002519,0.7841885630133323,0.586029113950917,0.24242424242424243,0.364000364000364,1.2165575354804556,0.9518427848815918
3,0.5,0.75,0.25,1.0,9,25,10,4,0.11589748006283955,0.27366107833521547,0.6510881435369961,0.6476803915449547,0.4602900862717756,0.9000920107272863,0.8996771460213145,0.7622414951112423,0.556810196380022,0.5533079033073209,0.3156318856066353,0.7746891130677099,0.7739081836339227,0.5593213086866492,0.24242424242424243,0.364000364000364,1.215639239122595,0.5502262115478516
3,0.5,0.75,0.5,0.0,0,65,4,4,0.30330959509333777,0.30324649544915605,0.908286786541069,0.9079097241974984,0.7915753497024844,0.9083491277292126,0.907971490705844,0.7934094346634827,0.7909887969767587,0.7902758452404195,0.6000696491729003,0.7849276230002519,0.7841885630133323,0.586029113950917,0.6883116883116883,0.8162008162008161,0.025638984007359707,1.4945290088653564
3,0.5,0.75,0.5,0.0,1,110,10,3,0.13625458573459123,0.28738560943399666,0.6250040065186011,0.6210183358725453,0.4473422310445167,0.7852802150932446,0.7846251091678986,0.6010060305727019,0.5027640918885042,0.498463837052556,0.2936622622139478,0.630488902126393,0.6295363171801378,0.41386322570661177,0,0.0,inf,2.483830451965332
3,0.5,0.75,0.5,0.0,2,27,10,4,0.14670533672153035,0.24642191096435082,0.6891834237529724,0.685895417195421,0.5062972069167313,0.897406368541996,0.8969792788487176,0.7526454569778374,0.7110838872969247,0.7085979566207217,0.6106102234034055,1.0,1.0,1.0,0,0.0,inf,0.5120136737823486
3,0.5,0.75,0.5,0.0,3,27,4,4,0.3042848217540426,0.30446028467943204,0.9075030477238635,0.9071224809899361,0.7887321917624809,0.9116055475593928,0.9112424542131328,0.8049349549879696,0.7900275203691858,0.7893107041629336,0.597632408039675,0.7889606460971247,0.7882379262538328,0.5957957470317893,0.6838709677419355,0.8099702756191306,0.02687529589938084,0.39674973487854004
3,0.5,0.75,0.5,0.0,4,25,4,4,0.3042848217540426,0.30446028467943204,0.9075030477238635,0.9071224809899361,0.7887321917624809,0.9116055475593928,0.9112424542131328,0.8049349549879696,0.7900275203691857,0.7893107041629335,0.597632408039675,0.7889606460971244,0.7882379262538325,0.5957957470317893,0.6838709677419355,0.8099702756191306,0.02687529589938084,0.42383456230163574
3,0.5,0.75,0.5,0.0,5,38,10,3,0.1424838931410013,0.2955180916314174,0.6635854360149136,0.6600217115954421,0.4854308432341408,0.8019282820082536,0.8013325861275414,0.6406540834881669,0.5451910687076789,0.541271887653529,0.32676468757601396,0.6516133272375468,0.6507295243611372,0.4508122830368131,0,0.0,inf,0.7190132141113281
3,0.5,0.75,0.5,0.0,6,44,4,4,0.30330959509333777,0.30324649544915616,0.908286786541069,0.9079097241974984,0.7915753497024844,0.9083491277292126,0.907971490705844,0.7934094346634827,0.7909887969767587,0.7902758452404195,0.6000696491729003,0.7849276230002519,0.7841885630133323,0.586029113950917,0.6883116883116883,0.8162008162008161,0.025638984007359707,0.8246278762817383
3,0.5,0.75,0.5,0.0,7,38,10,4,0.16067604951033604,0.28770528117122557,0.7393229683205328,0.736640676720265,0.6020717489958993,0.9037907607564276,0.9033926442098374,0.7752391372397232,0.6360282151324188,0.6329882081901793,0.4270978189512594,0.7792775881454951,0.7785155100165547,0.5705119925521072,0,0.0,inf,0.8054494857788086
3,0.5,0.75,0.5,0.0,8,118,10,4,0.1490291377813452,0.2569041791849697,0.6723135018766412,0.6688486139336516,0.495205470521786,0.9037907607564276,0.9033926442098374,0.7752391372397232,0.5549170477953674,0.5510892931740516,0.3352333598072582,0.7792775881454947,0.7785155100165544,0.5705119925521072,0,0.0,inf,3.1060752868652344
3,0.5,0.75,0.5,0.0,9,35,4,4,0.3042848217540427,0.304460284679432,0.9075030477238635,0.9071224809899361,0.7887321917624809,0.9116055475593928,0.9112424542131328,0.8049349549879696,0.7900275203691857,0.7893107041629335,0.597632408039675,0.7889606460971244,0.7882379262538325,0.5957957470317893,0.6838709677419355,0.8099702756191306,0.026875295899380862,0.6533317565917969
3,0.5,0.75,0.5,0.25,0,110,4,4,0.3022565251701006,0.30219976768382173,0.9062134325366954,0.9058270894842647,0.7840181975146335,0.9059896953135614,0.9056014712345598,0.78488266182146,0.7884454500433647,0.7877222627828132,0.5935840403399594,0.7820038042783822,0.7812528432163193,0.5787657424083629,0.6815286624203821,0.8073400033199027,0.027917723004850688,2.77374005317688
3,0.5,0.75,0.5,0.25,1,112,10,5,0.15161186454440082,0.23551974511649085,0.7542381854488444,0.7517728987461386,0.5767761798351743,1.0,1.0,1.0,0.6495689430127191,0.6467200630303501,0.40507957799572775,0.8974063685419956,0.8969792788487173,0.7526454569778374,0.1951219512195122,0.3906345369760004,0.8913019843727404,3.465322971343994
3,0.5,0.75,0.5,0.25,2,112,10,3,0.10858462594622585,0.27016719723963917,0.6357699132466486,0.632016774714524,0.47976257334261974,0.7916267295012034,0.790994464710824,0.6144266258107057,0.5384413262487499,0.5345791926658463,0.3296215130849102,0.6385505741240013,0.637624474122608,0.42645992265876403,0.21621621621621623,0.41780911346128735,0.9781517056035071,3.4462640285491943
3,0.5,0.75,0.5,0.25,3,47,10,4,0.13608893870109648,0.2581022117224975,0.7075046929839134,0.704499360336974,0.5107329515091283,0.897406368541996,0.8969792788487176,0.7526454569778374,0.7147794074776374,0.7124001594956724,0.5884140511087483,1.0,1.0,1.0,0.32,0.4582671391910057,0.861954701166957,1.2977609634399414
3,0.5,0.75,0.5,0.25,4,34,10,3,0.12400754985867014,0.28724774486379095,0.6520588565587438,0.6484614741044538,0.4647085334898952,0.7849276230002521,0.7842712471813089,0.5998687124749003,0.535267864236513,0.5313650033924406,0.3098846075955232,0.6300407065822516,0.6290866490125591,0.41279146196657973,0.32,0.4902862045719188,0.8589299731773297,0.7323715686798096
3,0.5,0.75,0.5,0.25,5,103,10,4,0.13755835370415517,0.2507808716985072,0.6931133759538328,0.6899539538660481,0.48561352979574757,0.9059896953135614,0.9056014712345598,0.78488266182146,0.5871934927520946,0.5837426335914537,0.32953293509502773,0.7820038042783822,0.7812528432163193,0.5787657424083629,0.32,0.4902862045719188,0.835369980836824,2.943955183029175
3,0.5,0.75,0.5,0.25,6,50,10,3,0.12221106924785237,0.2901279854673754,0.6500725353938277,0.646453785240589,0.4573646198575293,0.7889606460971246,0.7883188157233194,0.6085417084158432,0.5330816086921809,0.5291594159224462,0.30361755850733047,0.6351652836494971,0.6342280982950598,0.42094768363328244,0.32,0.4902862045719188,0.8594937979878104,0.996922492980957
3,0.5,0.75,0.5,0.25,7,15,4,4,0.3033095950933378,0.3032464954491562,0.908286786541069,0.9079097241974984,0.7915753497024844,0.9083491277292126,0.907971490705844,0.7934094346634827,0.7909887969767587,0.7902758452404195,0.6000696491729003,0.7849276230002518,0.7841885630133321,0.586029113950917,0.6883116883116883,0.8162008162008161,0.025638984007359693,0.11971616744995117
3,0.5,0.75,0.5,0.25,8,55,4,4,0.30756199170358317,0.3073762154095663,0.902462641840836,0.9020594281071008,0.7700580044778049,0.897406368541996,0.8969792788487176,0.7526454569778374,0.9999999999999998,0.9999999999999998,1.0,1.0,1.0,1.0,0.7018633540372671,0.8216448894414996,0.025655143757508343,1.0754849910736084
3,0.5,0.75,0.5,0.25,9,20,4,4,0.3022565251701005,0.30219976768382173,0.9062134325366954,0.9058270894842647,0.7840181975146335,0.9059896953135614,0.9056014712345598,0.78488266182146,0.7884454500433647,0.7877222627828132,0.5935840403399594,0.7820038042783822,0.7812528432163193,0.5787657424083629,0.6815286624203821,0.8073400033199027,0.027917723004850688,0.35710883140563965
3,0.5,0.75,0.5,0.5,0,113,5,5,0.2961510883554918,0.2959491323549751,1.0,1.0,1.0,1.0,1.0,1.0,0.902462641840836,0.9020594281071008,0.7700580044778049,0.8974063685419956,0.8969792788487173,0.7526454569778374,0.336734693877551,0.5005005005005004,0.11415967122605028,3.061410903930664
3,0.5,0.75,0.5,0.5,1,42,4,4,0.3042848217540426,0.30446028467943204,0.9075030477238635,0.9071224809899361,0.7887321917624809,0.9116055475593928,0.9112424542131328,0.8049349549879696,0.7900275203691858,0.7893107041629336,0.597632408039675,0.7889606460971247,0.7882379262538328,0.5957957470317893,0.6838709677419355,0.8099702756191306,0.026875295899380834,0.9713120460510254
3,0.5,0.75,0.5,0.5,2,1000,10,5,0.1383598116919466,0.24876574328438264,0.770074302104805,0.7678138705424624,0.5681363487453919,1.0,1.0,1.0,0.6687084511392242,0.666072274895613,0.39793138835064373,0.897406368541996,0.8969792788487176,0.7526454569778374,0.2073170731707317,0.36206419185142585,0.3813296553416009,22.322657585144043
3,0.5,0.75,0.5,0.5,3,79,10,3,0.11104904946941718,0.29223982016502453,0.6848868102062039,0.6817049745668119,0.5397074798570697,0.7889606460971244,0.7883188157233192,0.6085417084158432,0.6862736450881485,0.6837045815551307,0.5637723583068824,0.8891543252970434,0.8888695855552406,0.8404468849639695,0.5757575757575758,0.7309756097560977,0.24517146046613086,2.189345598220825
3,0.5,0.75,0.5,0.5,4,32,10,3,0.10674138290101114,0.29228217971834003,0.6195832239373984,0.6157437771949945,0.41495697629174927,0.7921997857472497,0.7915695648752535,0.6162892627615703,0.5027296325559015,0.4986595767205092,0.2695805342688556,0.6392779718964172,0.6383542378752756,0.4282009089578253,0.45794392523364486,0.666,0.25984822592366513,0.5637259483337402
3,0.5,0.75,0.5,0.5,5,65,10,3,0.11191510878112487,0.2941733047021219,0.6818432405940829,0.6786424331812908,0.491460306376827,0.8021489417124285,0.8015540214626932,0.6413806962628472,0.5735793858854958,0.5701012352643469,0.334498283929748,0.651892823668452,0.6510099162702464,0.4514820116115285,0.49056603773584906,0.6785660377358491,0.2618606939326071,1.3093595504760742
3,0.5,0.75,0.5,0.5,6,75,10,4,0.1327447840675784,0.28361156180104197,0.7384571301055309,0.7358681141328913,0.56090852384999,0.9137594533047027,0.9134059329538328,0.8127690521941776,0.6560595503751772,0.6533023875682492,0.4010016585147184,0.7916267295012032,0.7909147573609078,0.602400964174539,0.24242424242424243,0.44904717801914057,0.3488513552026415,1.5893301963806152
3,0.5,0.75,0.5,0.5,7,29,10,4,0.13394185519075047,0.28489536509291075,0.7477244382883921,0.7452363661646458,0.5931807557107374,0.9137594533047027,0.9134059329538328,0.8127690521941776,0.6441767541315834,0.641335659659699,0.4184818958980481,0.7916267295012033,0.7909147573609079,0.602400964174539,0.24242424242424243,0.44904717801914057,0.3500316263070622,0.5440478324890137
3,0.5,0.75,0.5,0.5,8,39,4,4,0.3075619917035833,0.3073762154095664,0.902462641840836,0.9020594281071008,0.7700580044778049,0.897406368541996,0.8969792788487176,0.7526454569778374,1.0,1.0,1.0,1.0,1.0,1.0,0.7018633540372671,0.8216448894414996,0.025655143757508346,0.6984763145446777
3,0.5,0.75,0.5,0.5,9,50,5,5,0.2961510883554918,0.29594913235497505,1.0,1.0,1.0,1.0,1.0,1.0,0.9024626418408362,0.9020594281071009,0.7700580044778049,0.897406368541996,0.8969792788487176,0.7526454569778374,0.336734693877551,0.5005005005005004,0.11415967122605031,0.8563573360443115
3,0.5,0.75,0.5,0.75,0,113,10,4,0.1180293250960084,0.2763295681892514,0.7144273845464865,0.711632100702816,0.5284174252851866,0.9083491277292126,0.907971490705844,0.7934094346634827,0.6088490052198553,0.6057506140542614,0.365408327402411,0.7849276230002519,0.7841885630133323,0.586029113950917,0.32,0.528000528000528,0.28060554100880364,2.56805157661438
3,0.5,0.75,0.5,0.75,1,109,5,5,0.29615108835549186,0.2959491323549751,1.0,1.0,1.0,1.0,1.0,1.0,0.902462641840836,0.9020594281071008,0.7700580044778049,0.897406368541996,0.8969792788487176,0.7526454569778374,0.336734693877551,0.5005005005005004,0.1141596712260503,2.3641295433044434
3,0.5,0.75,0.5,0.75,2,26,10,4,0.13638181419971282,0.29914938345558234,0.7566364777726845,0.75426423405862,0.5807569248642176,0.9083491277292126,0.907971490705844,0.7934094346634827,0.6707283638726623,0.6681317486655858,0.41444883312829656,0.7849276230002518,0.7841885630133321,0.586029113950917,0.5,0.6729375,0.2239799720728185,0.6214559078216553
3,0.5,0.75,0.5,0.75,3,59,10,4,0.13855482440350622,0.2959531905014662,0.7678507790901778,0.765587432029845,0.6123167448832025,0.9059896953135614,0.9056014712345598,0.78488266182146,0.6670760266701091,0.6644501036480884,0.43394618154703674,0.7820038042783822,0.7812528432163193,0.5787657424083629,0.5614035087719298,0.7309756097560977,0.2034755567648911,1.547590732574463
3,0.5,0.75,0.5,0.75,4,112,10,4,0.13469101886802312,0.3006620032078452,0.761369351904208,0.7590419689865651,0.5830326767042395,0.9116055475593928,0.9112424542131328,0.8049349549879696,0.6807998473527311,0.6782811727179978,0.42205511653116823,0.7889606460971247,0.7882379262538328,0.5957957470317893,0.5,0.6729375,0.22805573732357104,2.480482339859009
3,0.5,0.75,0.5,0.75,5,98,10,5,0.12267295710355258,0.23413677389722945,0.7366167548521934,0.7340410042067274,0.5046600586056256,1.0,1.0,1.0,0.65378922623881,0.651049467878349,0.35789119375019907,0.8974063685419956,0.8969792788487173,0.7526454569778374,0.26153846153846155,0.4219095128186037,0.3625686125810374,2.9707231521606445
3,0.5,0.75,0.5,0.75,6,28,10,4,0.13518091830660778,0.3001817455022567,0.7516831501777815,0.7492612969956741,0.575956414310341,0.9116055475593928,0.9112424542131328,0.8049349549879696,0.6653208071873365,0.6626799939335855,0.4105328273569277,0.7889606460971244,0.7882379262538325,0.5957957470317893,0.5,0.6729375,0.2280557373235711,0.6533679962158203
3,0.5,0.75,0.5,0.75,7,35,10,4,0.13631473908208633,0.29913415660297676,0.7566364777726845,0.75426423405862,0.5807569248642176,0.9083491277292126,0.907971490705844,0.7934094346634827,0.6707283638726623,0.6681317486655858,0.41444883312829656,0.7849276230002519,0.7841885630133323,0.586029113950917,0.5,0.6729375,0.2239799720728185,1.0453236103057861
3,0.5,0.75,0.5,0.75,8,113,10,4,0.1306583945808646,0.2917957495718285,0.7518980786224793,0.7494715707430046,0.5664225606790575,0.9116055475593928,0.9112424542131328,0.8049349549879696,0.6494820221139281,0.6467079418162509,0.3965285523757499,0.7889606460971247,0.7882379262538328,0.5957957470317893,0.40625,0.6052564192099076,0.2591587364767892,3.467664957046509
3,0.5,0.75,0.5,0.75,9,30,5,5,0.2961510883554918,0.2959491323549751,1.0,1.0,1.0,1.0,1.0,1.0,0.902462641840836,0.9020594281071008,0.7700580044778049,0.8974063685419956,0.8969792788487173,0.7526454569778374,0.336734693877551,0.5005005005005004,0.1141596712260503,0.6523425579071045
3,0.5,0.75,0.5,1.0,0,1000,10,3,0.08048504511645461,0.26619159128305026,0.6206628415570017,0.6170049186935344,0.4719979000384817,0.7916267295012033,0.7909944647108239,0.6144266258107057,0.5855015974623227,0.5822703645021727,0.3939192154347373,0.8919096298303802,0.8916326823937588,0.8472089812237649,0.336734693877551,0.5385820603211907,0.48601701432308986,20.723156213760376
3,0.5,0.75,0.5,1.0,1,60,10,4,0.11367352194364722,0.2692487971492406,0.6556390781463531,0.6523373708794251,0.5055826491033232,0.897406368541996,0.8969792788487176,0.7526454569778374,0.6447589613808307,0.6420065405320716,0.4449777811461342,1.0,1.0,1.0,0.4044943820224719,0.5247966413014956,0.41763061584035166,1.7475731372833252
3,0.5,0.75,0.5,1.0,2,69,10,4,0.10614463988766605,0.26573459097120317,0.6383569206547802,0.6348733709765388,0.44937200350568746,0.9000920107272863,0.8996771460213145,0.7622414951112423,0.5500372059663317,0.5465335311793167,0.3113555829010414,0.7746891130677099,0.7739081836339227,0.5593213086866492,0.33962264150943394,0.49364432926076757,0.44562989848987,1.515446424484253
3,0.5,0.75,0.5,1.0,3,34,10,4,0.11774467516362112,0.28536407272790243,0.6948089052649427,0.691890192681158,0.5322406572620075,0.9083491277292126,0.907971490705844,0.7934094346634827,0.598267626961119,0.5951634758515983,0.3742491581718072,0.7849276230002518,0.7841885630133321,0.586029113950917,0.48484848484848486,0.5940005940005939,0.3915100602445886,0.9101135730743408
3,0.5,0.75,0.5,1.0,4,37,10,4,0.10857146391286779,0.2755379359004257,0.6572288079295487,0.6539260804999306,0.47114243949516826,0.9037907607564276,0.9033926442098374,0.7752391372397232,0.5720182616375294,0.5686847011613053,0.33019981928679887,0.7792775881454951,0.7785155100165547,0.5705119925521072,0.33962264150943394,0.48917695976519504,0.4477840721557437,0.7280778884887695
3,0.5,0.75,0.5,1.0,5,32,10,4,0.10368604047751091,0.2664395644986914,0.6299881060577645,0.626408930027422,0.429816586319175,0.9000920107272863,0.8996771460213145,0.7622414951112423,0.5303890637608406,0.5267158576994563,0.2889350336614191,0.7746891130677099,0.7739081836339227,0.5593213086866492,0.2975206611570248,0.4467277194549922,0.4499247721628373,0.6958892345428467
3,0.5,0.75,0.5,1.0,6,40,10,4,0.10238621433736941,0.2607947617177622,0.6396498332159488,0.6361646845518306,0.43345652730170975,0.9000920107272863,0.8996771460213145,0.7622414951112423,0.5292410843185962,0.5255595408974711,0.28868595553297927,0.7746891130677099,0.7739081836339227,0.5593213086866492,0.2975206611570248,0.4467277194549922,0.4487647115585348,0.8616147041320801
3,0.5,0.75,0.5,1.0,7,46,10,5,0.14280186181610882,0.2851469770072718,0.7805560925350048,0.7784703188184975,0.6137582304508346,1.0,1.0,1.0,0.6903155269050066,0.6879383179288486,0.4369277318132138,0.897406368541996,0.8969792788487176,0.7526454569778374,0.40476190476190477,0.5373794847479058,0.4006688952784761,1.3180160522460938
3,0.5,0.75,0.5,1.0,8,57,10,4,0.10285048577910512,0.2614724259702948,0.6576748269855404,0.6543606265144544,0.4644843507255242,0.8974063685419958,0.8969792788487174,0.7526454569778374,0.5511429906607992,0.5476288794503885,0.31412258335299365,0.7713552409379785,0.7705605424897544,0.5510101485183012,0.29508196721311475,0.4376846482109639,0.4531760597778475,1.152825117111206
3,0.5,0.75,0.5,1.0,9,85,10,4,0.1161543318907705,0.2764299285635887,0.710809818613905,0.7080443962442126,0.5537767856277184,0.9116055475593928,0.9112424542131328,0.8049349549879696,0.6144242465489129,0.6114452430074163,0.388998782283786,0.7889606460971244,0.7882379262538325,0.5957957470317893,0.48484848484848486,0.6006006006006006,0.38857075839773453,1.7674832344055176
3,0.5,0.75,0.75,0.0,0,109,2,2,0.3065022615582611,0.306502261558261,0.5864457028076931,0.5857152626526245,0.36794884669240996,0.581408430461704,0.5806647649710639,0.35946576657210166,0.6707000927129853,0.6702014414849433,0.5295124914864294,0.6698226521030716,0.6693160184610265,0.5327971294054453,0.773972602739726,0.8768458380861481,0.007680011431234847,2.724975109100342
3,0.5,0.75,0.75,0.0,1,31,10,4,0.12798307148871602,0.26381965621337844,0.6864642455956846,0.6833047914823233,0.5097165824535891,0.9083491277292126,0.907971490705844,0.7934094346634827,0.6210566688110999,0.6179608627206502,0.3910296793914711,0.7849276230002519,0.7841885630133323,0.586029113950917,0,0.0,inf,0.8460657596588135
3,0.5,0.75,0.75,0.0,2,109,4,4,0.3042848217540427,0.30446028467943204,0.9075030477238635,0.9071224809899361,0.7887321917624809,0.9116055475593928,0.9112424542131328,0.8049349549879696,0.7900275203691857,0.7893107041629335,0.597632408039675,0.7889606460971247,0.7882379262538328,0.5957957470317893,0.6838709677419355,0.8099702756191306,0.026875295899380827,2.210209369659424
3,0.5,0.75,0.75,0.0,3,28,10,3,0.11311887604238922,0.29403496433427373,0.5982269881438231,0.5939661951170818,0.3481265046977403,0.7548712966501103,0.7541043224033086,0.5123044922655382,0.4734574063723311,0.468912119333977,0.20455197603667352,0.5917125005777004,0.5906296552873526,0.3282155413169091,0,0.0,inf,0.5362358093261719
3,0.5,0.75,0.75,0.0,4,114,10,4,0.13562347134184202,0.279253482365252,0.710469621296116,0.7075381788637432,0.5495140127786863,0.9037907607564276,0.9033926442098374,0.7752391372397232,0.6010625643446633,0.5977866835156844,0.38229128019025044,0.7792775881454947,0.7785155100165544,0.5705119925521072,0,0.0,inf,2.5940399169921875
3,0.5,0.75,0.75,0.0,5,47,10,3,0.11409634395780378,0.2898551638850095,0.6112138051512334,0.6071966703794648,0.40947444222383034,0.7852802150932446,0.7846251091678986,0.6010060305727019,0.4909649243837775,0.4866929363771053,0.2630141982319189,0.630488902126393,0.6295363171801378,0.41386322570661177,0,0.0,inf,0.8687031269073486
3,0.5,0.75,0.75,0.0,6,32,10,4,0.1330580743745049,0.2709496356462658,0.6894543372272467,0.6862960316233119,0.5192665851099685,0.9037907607564276,0.9033926442098374,0.7752391372397232,0.5863800792489158,0.582967207140013,0.35804181590535666,0.7792775881454951,0.7785155100165547,0.5705119925521072,0,0.0,inf,0.6209518909454346
3,0.5,0.75,0.75,0.0,7,34,10,5,0.16853397600693543,0.2909893404799883,0.836941861142308,0.8353449405422038,0.7254512325112561,1.0,1.0,1.0,0.7415506125507408,0.7395027847605694,0.5256698748339625,0.8974063685419956,0.8969792788487173,0.7526454569778374,0,0.0,inf,0.5492727756500244
3,0.5,0.75,0.75,0.0,8,53,10,4,0.1345861422876943,0.2773466512739894,0.7196298623336601,0.7168061775213417,0.5521214237701293,0.9137594533047027,0.9134059329538328,0.8127690521941776,0.6401920230034441,0.6372543058176934,0.40710663726835433,0.7916267295012032,0.7909147573609078,0.602400964174539,0,0.0,inf,0.8330447673797607
3,0.5,0.75,0.75,0.0,9,51,10,3,0.1186646351496145,0.29236627696391093,0.6100825896868965,0.6060565581975929,0.4168597416522677,0.7921997857472497,0.7915695648752535,0.6162892627615703,0.4898222739170269,0.48554389690541283,0.26937011490463175,0.6392779718964172,0.6383542378752756,0.4282009089578253,0,0.0,inf,1.1210193634033203
3,0.5,0.75,0.75,0.25,0,66,10,4,0.12581310687235295,0.271785327280997,0.703774184566023,0.7008233802916953,0.5245684924019844,0.9137594533047027,0.9134059329538328,0.8127690521941776,0.6146725742879865,0.6115626997895335,0.36894312635446336,0.7916267295012033,0.7909147573609079,0.602400964174539,0.2926829268292683,0.42147410568463195,0.9323390220249581,1.3412227630615234
3,0.5,0.75,0.75,0.25,1,27,10,3,0.10714762285426442,0.29081393606173206,0.628518401473273,0.6247626688768124,0.43403017883479567,0.7889606460971246,0.7883188157233194,0.6085417084158432,0.5122133214249011,0.5082134685575135,0.28534634416532195,0.6351652836494971,0.6342280982950598,0.42094768363328244,0.2595419847328244,0.42147410568463195,1.03873400740776,0.49370646476745605
3,0.5,0.75,0.75,0.25,2,46,4,4,0.30756199170358317,0.3073762154095663,0.902462641840836,0.9020594281071008,0.7700580044778049,0.897406368541996,0.8969792788487176,0.7526454569778374,1.0,1.0,1.0,1.0,1.0,1.0,0.7018633540372671,0.8216448894414996,0.025655143757508346,0.8409008979797363
3,0.5,0.75,0.75,0.25,3,110,4,4,0.3033095950933378,0.30324649544915616,0.908286786541069,0.9079097241974984,0.7915753497024844,0.9083491277292126,0.907971490705844,0.7934094346634827,0.7909887969767587,0.7902758452404195,0.6000696491729003,0.7849276230002518,0.7841885630133321,0.586029113950917,0.6883116883116883,0.8162008162008161,0.025638984007359707,2.646074056625366
3,0.5,0.75,0.75,0.25,4,105,10,5,0.1688265500161464,0.2821239291786139,0.80113845779659,0.7992094867321101,0.6779401101417307,1.0,1.0,1.0,0.7258780035551904,0.7237278228825054,0.49625783830552633,0.8974063685419956,0.8969792788487173,0.7526454569778374,0.2926829268292683,0.42147410568463195,0.8136166907461864,2.145677328109741
3,0.5,0.75,0.75,0.25,5,62,2,2,0.30676087177327976,0.30676087177327976,0.5886439109427256,0.587918508065989,0.3721699660878811,0.5843445647456531,0.5836076786123202,0.3649394192885749,0.6730637408663831,0.6725695649254293,0.5349795162386692,0.6729934599358478,0.6724929101529477,0.5400412938889216,0.7891156462585034,0.8818945527806287,0.006635345743018436,1.1834423542022705
3,0.5,0.75,0.75,0.25,6,21,4,4,0.3033095950933378,0.3032464954491562,0.908286786541069,0.9079097241974984,0.7915753497024844,0.9083491277292126,0.907971490705844,0.7934094346634827,0.7909887969767587,0.7902758452404195,0.6000696491729003,0.7849276230002518,0.7841885630133321,0.586029113950917,0.6883116883116883,0.8162008162008161,0.025638984007359693,0.33562684059143066
3,0.5,0.75,0.75,0.25,7,58,4,4,0.3033095950933378,0.3032464954491562,0.908286786541069,0.9079097241974984,0.7915753497024844,0.9083491277292126,0.907971490705844,0.7934094346634827,0.7909887969767587,0.7902758452404195,0.6000696491729003,0.7849276230002518,0.7841885630133321,0.586029113950917,0.6883116883116883,0.8162008162008161,0.025638984007359707,1.308675765991211
3,0.5,0.75,0.75,0.25,8,104,10,4,0.1241846472640967,0.27344630143058357,0.7341233124747788,0.7314887995895457,0.563725394304774,0.9116055475593928,0.9112424542131328,0.8049349549879696,0.6516492458386631,0.6488537521531942,0.40350501401251854,0.7889606460971247,0.7882379262538328,0.5957957470317893,0.2926829268292683,0.42147410568463195,0.9275393171528052,3.206486701965332
3,0.5,0.75,0.75,0.25,9,66,10,4,0.12005410314241355,0.269115630356678,0.6962468029067265,0.6932367086740276,0.5191242745993111,0.9083491277292126,0.907971490705844,0.7934094346634827,0.614999468652575,0.6119095735378561,0.3775336153510652,0.7849276230002518,0.7841885630133321,0.586029113950917,0.2926829268292683,0.42147410568463195,0.938984947039528,2.0022006034851074
3,0.5,0.75,0.75,0.5,0,111,4,4,0.30428482175404264,0.30446028467943204,0.9075030477238635,0.9071224809899361,0.7887321917624809,0.9116055475593928,0.9112424542131328,0.8049349549879696,0.7900275203691858,0.7893107041629336,0.597632408039675,0.7889606460971244,0.7882379262538325,0.5957957470317893,0.6838709677419355,0.8099702756191306,0.026875295899380834,3.292057752609253
3,0.5,0.75,0.75,0.5,1,30,4,4,0.30756199170358334,0.3073762154095662,0.902462641840836,0.9020594281071008,0.7700580044778049,0.897406368541996,0.8969792788487176,0.7526454569778374,1.0,1.0,1.0,1.0,1.0,1.0,0.7018633540372671,0.8216448894414996,0.025655143757508346,0.6823022365570068
3,0.5,0.75,0.75,0.5,2,32,10,4,0.11479880912156085,0.2723037934769396,0.7326952467392985,0.7300802126252787,0.5597092828697685,0.9116055475593928,0.9112424542131328,0.8049349549879696,0.6488332142221716,0.6460531745389597,0.3997880644951425,0.7889606460971244,0.7882379262538325,0.5957957470317893,0.36363636363636365,0.5802272727272727,0.25703038591477534,0.9067552089691162
3,0.5,0.75,0.75,0.5,3,63,10,3,0.09319847511171592,0.29050364130979844,0.6290141335249797,0.625338047530015,0.4445148865180381,0.7889606460971246,0.7883188157233194,0.6085417084158432,0.515034982747056,0.5111428033221314,0.29579355256897033,0.6351652836494971,0.6342280982950598,0.42094768363328244,0.4715447154471545,0.6795365853658537,0.19244154971796562,1.6262855529785156
3,0.5,0.75,0.75,0.5,4,34,10,4,0.10808078272880911,0.24190839367867573,0.6480484249246478,0.6445436495467531,0.44858704781344017,0.8974063685419958,0.8969792788487174,0.7526454569778374,0.5350260627528349,0.5312741668547752,0.2981070390118076,0.7713552409379785,0.7705605424897544,0.5510101485183012,0.36363636363636365,0.5802272727272727,0.2579503564612144,0.9504497051239014
3,0.5,0.75,0.75,0.5,5,48,10,3,0.09783024616883586,0.285467297363376,0.6189901341309356,0.6152197475304624,0.4551351850573129,0.7926764584473263,0.7920479364188315,0.6178455857756018,0.5103288391147713,0.5064044973039205,0.30581760426550575,0.6398829605162116,0.6389611927460445,0.42965422834092154,0.5188679245283019,0.6879905660377359,0.18236114909060908,1.1541757583618164
3,0.5,0.75,0.75,0.5,6,54,10,4,0.11362682754225886,0.2706158054020325,0.727698974808056,0.7250350623206299,0.5490132689466748,0.9116055475593928,0.9112424542131328,0.8049349549879696,0.6488332142221716,0.6460531745389597,0.3997880644951425,0.7889606460971244,0.7882379262538325,0.5957957470317893,0.36363636363636365,0.5802272727272727,0.2570303859147753,1.5933318138122559
3,0.5,0.75,0.75,0.5,7,38,10,3,0.09979958648988707,0.3003621592004219,0.6517624733889534,0.648310206074417,0.48334796256381973,0.7916267295012033,0.7909944647108239,0.6144266258107057,0.6562259897850792,0.6534655659180053,0.512494488381621,0.8919096298303802,0.8916326823937588,0.8472089812237649,0.5038759689922481,0.7098007098007098,0.18579283274662717,1.054802656173706
3,0.5,0.75,0.75,0.5,8,33,10,3,0.09344519632068315,0.2869337861075323,0.6279126903000625,0.624226978362015,0.4379899665158585,0.7849276230002521,0.7842712471813089,0.5998687124749003,0.5138821770758801,0.5099822064600462,0.2904358737878278,0.6300407065822516,0.6290866490125591,0.41279146196657973,0.47540983606557374,0.6823770491803279,0.19099720704816442,0.810204029083252
3,0.5,0.75,0.75,0.5,9,76,10,3,0.09850823885086289,0.30482582320368484,0.6017329310054638,0.5976830771843689,0.35916853904316753,0.7595386266093844,0.7587891678710779,0.523012647821584,0.4895490028667369,0.48533632217166495,0.22158292920386607,0.5976802337166612,0.5966178608565919,0.3387811841838666,0.64,0.7392007392007393,0.16004269619898787,2.3367950916290283
3,0.5,0.75,0.75,0.75,0,1000,10,3,0.08985428030390247,0.2938188947784636,0.6498686878390952,0.6464659157455862,0.46786426792964647,0.8019282820082536,0.8013325861275414,0.6406540834881669,0.5583705282736409,0.5548988663540113,0.3249280144716254,0.6516133272375468,0.6507295243611372,0.4508122830368131,0.5540540540540541,0.7328757328757328,0.06181178138769816,22.340272426605225
3,0.5,0.75,0.75,0.75,1,48,10,4,0.12287628610142076,0.29580289697516415,0.7316241869735566,0.7290266505199341,0.5321703231437722,0.9116055475593928,0.9112424542131328,0.8049349549879696,0.6286009367156655,0.6256941182265662,0.3687356420018056,0.7889606460971244,0.7882379262538325,0.5957957470317893,0.52,0.678939809374592,0.09059696090386803,1.1877076625823975
3,0.5,0.75,0.75,0.75,2,87,10,3,0.08761458585948348,0.2899440571675561,0.6032954999472518,0.5993397122863444,0.41021474520110046,0.7375733655715297,0.7367405406672015,0.4724246305454723,0.5302972891393855,0.5265014678163247,0.2960114086724445,0.8357447021357429,0.8353020509100346,0.6777225590952062,0.9230769230769231,0.9598450158506516,0.002290491622507566,2.3115181922912598
3,0.5,0.75,0.75,0.75,3,48,10,4,0.12601937267542557,0.30054691625365154,0.7398922648774793,0.7373804511181131,0.5525397621577268,0.9116055475593928,0.9112424542131328,0.8049349549879696,0.6562713329169128,0.6535876214422219,0.3939889858745029,0.7889606460971247,0.7882379262538328,0.5957957470317893,0.5918367346938775,0.741166698613507,0.05801875384201631,0.8704915046691895
3,0.5,0.75,0.75,0.75,4,25,10,4,0.12491397478127966,0.29509943735782423,0.7384012465987148,0.7358784779166448,0.5713406183169383,0.9116055475593928,0.9112424542131328,0.8049349549879696,0.6363201098490832,0.6334848121215859,0.40053413253554215,0.7889606460971244,0.7882379262538325,0.5957957470317893,0.6373626373626373,0.7953158638090144,0.03976755719833107,0.4848048686981201
3,0.5,0.75,0.75,0.75,5,39,10,3,0.07167091604436701,0.2530604440790027,0.5654857540784728,0.5612591940816974,0.4113609855052096,0.7921997857472497,0.7915695648752535,0.6162892627615703,0.490054995211209,0.4860425596685762,0.28717578385041453,0.6392779718964172,0.6383542378752756,0.4282009089578253,0.7323943661971831,0.8442253521126761,0.014781882341964616,0.7942354679107666
3,0.5,0.75,0.75,0.75,6,65,10,4,0.12683513325734522,0.29877317602298925,0.7398280360323306,0.7373133816463948,0.5537584919969495,0.9059896953135614,0.9056014712345598,0.78488266182146,0.656125285738069,0.6534378851204287,0.39495020085899696,0.7820038042783822,0.7812528432163193,0.5787657424083629,0.59,0.7382382382382382,0.060753041409484745,1.5727744102478027
3,0.5,0.75,0.75,0.75,7,53,10,5,0.14039371080918656,0.2903654211187921,0.8119925809342443,0.810205330959632,0.6372912304784196,1.0,1.0,1.0,0.7172435090256547,0.7150726575066706,0.4531239092331373,0.8974063685419956,0.8969792788487173,0.7526454569778374,0.32432432432432434,0.5148005148005148,0.14432961280839615,1.5401017665863037
3,0.5,0.75,0.75,0.75,8,28,10,3,0.08843136461901681,0.2921941143292894,0.6236246854138748,0.6199659317843702,0.4465202021384044,0.7926764584473263,0.7920479364188315,0.6178455857756018,0.5113557175461044,0.5075134655005606,0.29898796157710206,0.6398829605162116,0.6389611927460445,0.42965422834092154,0.5925925925925926,0.7546813829536342,0.043061250048724145,0.8092737197875977
3,0.5,0.75,0.75,0.75,9,39,10,5,0.14014927874207134,0.2898046514417583,0.8114857212351121,0.8096948523720374,0.6345162685422149,1.0,1.0,1.0,0.7374307738594287,0.7354163512353132,0.4614148604248303,0.8974063685419956,0.8969792788487173,0.7526454569778374,0.32432432432432434,0.5148005148005148,0.14600636216569024,1.0834603309631348
3,0.5,0.75,0.75,1.0,0,49,10,4,0.10344711441388718,0.26475985281186454,0.6483320388763824,0.6449912650866171,0.4681862259846174,0.9116055475593928,0.9112424542131328,0.8049349549879696,0.5477568692992006,0.5442872087092422,0.32104750173783986,0.7889606460971247,0.7882379262538328,0.5957957470317893,0.43902439024390244,0.6142506142506142,0.1545461993935356,1.4887070655822754
3,0.5,0.75,0.75,1.0,1,75,10,4,0.11033831882128495,0.2851814456660121,0.6881798395817404,0.685218240943197,0.5042527197903245,0.9116055475593928,0.9112424542131328,0.8049349549879696,0.5916641754301692,0.5885321047713904,0.3518205905454129,0.7889606460971244,0.7882379262538325,0.5957957470317893,0.5142857142857142,0.6591957811470006,0.14556274409952236,2.3953473567962646
3,0.5,0.75,0.75,1.0,2,37,10,5,0.13116160520932532,0.2755262487143803,0.7500263843297205,0.7476641045035906,0.5794217576240941,1.0,1.0,1.0,0.6580424103519763,0.6554335204104061,0.409812371618348,0.8974063685419956,0.8969792788487173,0.7526454569778374,0.5714285714285714,0.7065889418830594,0.1306349219417035,0.9830608367919922
3,0.5,0.75,0.75,1.0,3,95,10,4,0.10525674685250778,0.2751701208008675,0.6650350021685957,0.6618528169197455,0.4840008896629232,0.9059896953135614,0.9056014712345598,0.78488266182146,0.5786084530556413,0.57537541149411,0.3416685446774545,0.7820038042783822,0.7812528432163193,0.5787657424083629,0.5,0.6473539407671144,0.1473193332768351,2.7583260536193848
3,0.5,0.75,0.75,1.0,4,55,10,5,0.1303088781769263,0.27802747172700576,0.7546065132014796,0.7522879377889466,0.5743677124379581,1.0,1.0,1.0,0.6638564335570363,0.6612923978879668,0.4077679825969154,0.8974063685419956,0.8969792788487173,0.7526454569778374,0.5714285714285714,0.7065889418830594,0.13340759481428222,1.6309988498687744
3,0.5,0.75,0.75,1.0,5,100,10,5,0.13222557711983873,0.2784481041073235,0.7575882192135601,0.7552973996091289,0.5833873102388729,1.0,1.0,1.0,0.6662038947050986,0.6636572710067168,0.41296299090129723,0.8974063685419956,0.8969792788487173,0.7526454569778374,0.5714285714285714,0.7065889418830594,0.1306349219417035,2.744044303894043
3,0.5,0.75,0.75,1.0,6,116,10,4,0.09256885136168565,0.2610019114353192,0.6380318674145432,0.6345880895547125,0.4472962578684215,0.9083491277292126,0.907971490705844,0.7934094346634827,0.5582722004312356,0.5548777903195131,0.3163707050584986,0.7849276230002518,0.7841885630133321,0.586029113950917,0.48,0.5907546891153448,0.1473387390203737,3.2961103916168213
3,0.5,0.75,0.75,1.0,7,35,10,4,0.08974092558427803,0.25183045366447926,0.622825744574427,0.6192167306286155,0.42758435107763737,0.8974063685419958,0.8969792788487174,0.7526454569778374,0.5290176840715834,0.5253762526569067,0.2917336792480082,0.7713552409379785,0.7705605424897544,0.5510101485183012,0.3956043956043956,0.5005005005005004,0.17568939533665573,0.9649112224578857
3,0.5,0.75,0.75,1.0,8,26,10,5,0.12981909632965827,0.27236836786567414,0.7492307871498861,0.746861419736268,0.5743983450357064,1.0,1.0,1.0,0.6572003954620897,0.6545855888701354,0.40582127177145916,0.8974063685419956,0.8969792788487173,0.7526454569778374,0.5714285714285714,0.7065889418830594,0.13340759481428222,0.6320040225982666
3,0.5,0.75,0.75,1.0,9,31,10,5,0.13051950975090337,0.2784202133504574,0.7546713026744102,0.7523529178684418,0.5752571618278784,1.0,1.0,1.0,0.6630556682416363,0.6604850258444365,0.4065036131435905,0.897406368541996,0.8969792788487176,0.7526454569778374,0.5714285714285714,0.7065889418830594,0.13063492194170356,0.8517110347747803
3,0.5,0.75,1.0,0.0,0,1000,10,4,0.12454822634199336,0.2770970162104264,0.6729621186015783,0.6697333877137314,0.48364927579234157,0.9059896953135614,0.9056014712345598,0.78488266182146,0.5709310244714666,0.5675012009246024,0.33183262969097693,0.7820038042783822,0.7812528432163193,0.5787657424083629,0,0.0,inf,20.734031200408936
3,0.5,0.75,1.0,0.0,1,53,10,4,0.13262725936433975,0.2876097702288075,0.7003340349437446,0.6973673348357842,0.5121617978352152,0.897406368541996,0.8969792788487176,0.7526454569778374,0.7264803544474494,0.7242874105471079,0.5840562103304859,1.0,1.0,1.0,0,0.0,inf,1.3205904960632324
3,0.5,0.75,1.0,0.0,2,31,10,4,0.13196927598704325,0.2869991493610018,0.708429847979961,0.7055535680898688,0.5189736530003296,0.9083491277292126,0.907971490705844,0.7934094346634827,0.6015857350660421,0.5984036825173272,0.3575031555961647,0.7849276230002519,0.7841885630133323,0.586029113950917,0,0.0,inf,0.5044808387756348
3,0.5,0.75,1.0,0.0,3,33,10,4,0.12378889903304253,0.2779143277935822,0.6848640340965275,0.6817526409789949,0.48655930363937866,0.9116055475593928,0.9112424542131328,0.8049349549879696,0.575974827296997,0.5725851316588394,0.33078933481233136,0.7889606460971247,0.7882379262538328,0.5957957470317893,0,0.0,inf,0.5679187774658203
3,0.5,0.75,1.0,0.0,4,36,10,4,0.12121306271171098,0.2708817405544102,0.6771998146935565,0.6740040852605578,0.47867770675957655,0.897406368541996,0.8969792788487176,0.7526454569778374,0.7014252523567897,0.6990314291624173,0.5564092844701649,1.0,1.0,1.0,0,0.0,inf,0.7522387504577637
3,0.5,0.75,1.0,0.0,5,23,10,4,0.1308437631635189,0.28730670939751707,0.6943132264934047,0.691295818908757,0.5086706326241545,0.9083491277292126,0.907971490705844,0.7934094346634827,0.5862314822283533,0.5829245922427544,0.34899497349951397,0.7849276230002518,0.7841885630133321,0.586029113950917,0,0.0,inf,0.5801076889038086
3,0.5,0.75,1.0,0.0,6,28,10,4,0.13005277080338426,0.286172818801943,0.6917023484824659,0.6886547910983299,0.5046485596645177,0.9059896953135614,0.9056014712345598,0.78488266182146,0.5832418209498813,0.5799058774569983,0.3455929296002008,0.7820038042783822,0.7812528432163193,0.5787657424083629,0,0.0,inf,0.8074755668640137
3,0.5,0.75,1.0,0.0,7,67,10,3,0.09027743950421009,0.26603895572828234,0.5548434716864932,0.5503946473997561,0.36644208932956546,0.7926764584473263,0.7920479364188315,0.6178455857756018,0.4471652128342056,0.44268798705856155,0.2338243134398783,0.6398829605162114,0.6389611927460443,0.42965422834092154,0,0.0,inf,1.9598793983459473
3,0.5,0.75,1.0,0.0,8,111,10,4,0.13260211340289313,0.28858965054825697,0.7079384665008536,0.7050556278753372,0.5178452714094253,0.9116055475593928,0.9112424542131328,0.8049349549879696,0.600987435819453,0.5977985667479415,0.3565449939162314,0.7889606460971244,0.7882379262538325,0.5957957470317893,0,0.0,inf,2.675194501876831
3,0.5,0.75,1.0,0.0,9,181,10,4,0.12504748830426488,0.2712409022345804,0.6767270565381904,0.6735388650496643,0.49257742649449565,0.9059896953135614,0.9056014712345598,0.78488266182146,0.5820195453024221,0.5786821612628209,0.33989167020583966,0.7820038042783822,0.7812528432163193,0.5787657424083629,0,0.0,inf,3.5125811100006104
3,0.5,0.75,1.0,0.25,0,50,10,4,0.10204783665556964,0.25896539661504997,0.6936119127437967,0.6906398667601605,0.5427138561488152,0.9116055475593928,0.9112424542131328,0.8049349549879696,0.5873122073320101,0.5840747658689106,0.3773229602272093,0.7889606460971244,0.7882379262538325,0.5957957470317893,0.24242424242424243,0.364000364000364,1.1840978511559503,1.104130506515503
3,0.5,0.75,1.0,0.25,1,26,10,4,0.12300910243368163,0.28682405517688203,0.6937221129282376,0.6907295540363624,0.49542995951274227,0.897406368541996,0.8969792788487176,0.7526454569778374,0.713825609358777,0.7115630919422133,0.5454789549441776,1.0,1.0,1.0,0.22758620689655173,0.364000364000364,1.1750711964498586,0.7264208793640137
3,0.5,0.75,1.0,0.25,2,61,10,3,0.08535934682430736,0.27562752629343956,0.5892022446327332,0.5851701669958215,0.3988950660228215,0.8021489417124285,0.8015540214626932,0.6413806962628472,0.47945535235993386,0.47531992762804903,0.26071785843437506,0.6518928236684518,0.6510099162702462,0.4514820116115285,0.23741007194244604,0.364000364000364,1.37929082125348,1.3092877864837646
3,0.5,0.75,1.0,0.25,3,34,10,4,0.12396269414164031,0.28844354001892986,0.7018043962369354,0.6988992130558598,0.5006559572794669,0.9116055475593928,0.9112424542131328,0.8049349549879696,0.5956894944082318,0.5925028944289046,0.34290044276302284,0.7889606460971244,0.7882379262538325,0.5957957470317893,0.23741007194244604,0.364000364000364,1.1723129506922565,0.7333142757415771
3,0.5,0.75,1.0,0.25,4,117,10,4,0.12109218556415695,0.2812084675875057,0.6666049429527008,0.6633594006975237,0.480670937725925,0.9059896953135614,0.9056014712345598,0.78488266182146,0.57342696708575,0.5700677737175738,0.33161911711910314,0.7820038042783822,0.7812528432163193,0.5787657424083629,0.23404255319148937,0.364000364000364,1.1702898881081152,3.3257884979248047
3,0.5,0.75,1.0,0.25,5,36,10,4,0.12193445499503383,0.28803236213245076,0.6861275133941883,0.6830695975242612,0.48718390170668796,0.9116055475593928,0.9112424542131328,0.8049349549879696,0.5787311784139506,0.5754109203459776,0.33191317659463865,0.7889606460971244,0.7882379262538325,0.5957957470317893,0.23741007194244604,0.364000364000364,1.172312950692256,0.9167470932006836
3,0.5,0.75,1.0,0.25,6,113,10,4,0.12274280378887514,0.2828124091435886,0.6954085124210853,0.6924373193902115,0.4965784778557289,0.9059896953135614,0.9056014712345598,0.78488266182146,0.5886339274736685,0.5853873801688848,0.3394944472219015,0.7820038042783822,0.7812528432163193,0.5787657424083629,0.24113475177304963,0.364000364000364,1.1655051751356076,3.538015604019165
3,0.5,0.75,1.0,0.25,7,47,10,4,0.1222018776632833,0.2842734205378757,0.6959266554566903,0.6929632337060179,0.49769120992487464,0.9116055475593928,0.9112424542131328,0.8049349549879696,0.5892964563006696,0.5860583315400746,0.34046925265322,0.7889606460971247,0.7882379262538328,0.5957957470317893,0.23741007194244604,0.364000364000364,1.1702845225707814,1.3487472534179688
3,0.5,0.75,1.0,0.25,8,94,10,4,0.11576332029844545,0.27756997259076016,0.6788290472105579,0.6756997000282876,0.46790259408929985,0.9059896953135614,0.9056014712345598,0.78488266182146,0.5782661479668192,0.5749418513798347,0.31909694426548274,0.7820038042783822,0.7812528432163193,0.5787657424083629,0.23404255319148937,0.364000364000364,1.172372876440682,2.144735336303711
3,0.5,0.75,1.0,0.25,9,35,10,3,0.08817864217596354,0.27919632187551874,0.6066698244085104,0.6028101697076457,0.40616735997225134,0.8021489417124285,0.8015540214626932,0.6413806962628472,0.49839005838639555,0.49440614261130333,0.2667274212261526,0.651892823668452,0.6510099162702464,0.4514820116115285,0.2391304347826087,0.364000364000364,1.3790154606119196,0.9916443824768066
3,0.5,0.75,1.0,0.5,0,64,10,5,0.13449416874089637,0.26556196779039964,0.7624226700326423,0.7601579789786501,0.6133580601287535,1.0,1.0,1.0,0.6634431251160562,0.6608516076967526,0.4341238894911218,0.897406368541996,0.8969792788487176,0.7526454569778374,0.4024390243902439,0.6312044528605039,0.3388782239222369,1.9004147052764893
3,0.5,0.75,1.0,0.5,1,78,10,4,0.11316170285497693,0.2783957487505116,0.6875143979399346,0.684498139361573,0.4815485495827293,0.9116055475593928,0.9112424542131328,0.8049349549879696,0.5812000789131775,0.577931783554024,0.3278175173664675,0.7889606460971247,0.7882379262538328,0.5957957470317893,0.2682926829268293,0.4163827693239458,0.41724111094278404,1.863797664642334
3,0.5,0.75,1.0,0.5,2,111,10,5,0.12932101266707344,0.27070962165966567,0.7664098380694628,0.7641899607220319,0.6078060516370964,1.0,1.0,1.0,0.6680520452048403,0.665504363868612,0.42960252608970784,0.897406368541996,0.8969792788487176,0.7526454569778374,0.4024390243902439,0.6312044528605039,0.31515207016783264,2.4144127368927
3,0.5,0.75,1.0,0.5,3,46,10,4,0.11468577056388495,0.2882391297631099,0.6652786896515963,0.6620455703273905,0.4643807139638587,0.897406368541996,0.8969792788487176,0.7526454569778374,0.6994558913691322,0.6971087133561963,0.5009327214582585,1.0,1.0,1.0,0.2558139534883721,0.4078152226300374,0.41304525588996177,0.9047229290008545
3,0.5,0.75,1.0,0.5,4,111,10,5,0.12099671541631725,0.2591545808230933,0.7417269404455799,0.7392726182445108,0.54600090298818,1.0,1.0,1.0,0.6864299211705456,0.6840234188927771,0.4298193926166942,0.8974063685419956,0.8969792788487173,0.7526454569778374,0.4024390243902439,0.6312044528605039,0.31671439611891794,3.1562013626098633
3,0.5,0.75,1.0,0.5,5,24,10,4,0.10000287724048473,0.2662031508940849,0.6809317537036018,0.6778820627737665,0.5211762038728593,0.9137594533047027,0.9134059329538328,0.8127690521941776,0.5926533991989795,0.5895077762007682,0.36720701056416993,0.7916267295012033,0.7909147573609079,0.602400964174539,0.3787878787878788,0.5781182251770487,0.42041689898318313,0.6406505107879639
3,0.5,0.75,1.0,0.5,6,71,10,3,0.08268229629611988,0.2802456883275804,0.6126428252662433,0.6088901405594805,0.41769653011795527,0.8019282820082536,0.8013325861275414,0.6406540834881669,0.5064742819921991,0.50260772201893,0.2776086020666948,0.6516133272375468,0.6507295243611372,0.4508122830368131,0.264,0.4146405820045987,0.4730691114098743,2.329782247543335
3,0.5,0.75,1.0,0.5,7,84,10,4,0.11326805847511981,0.2805191272645548,0.6589301468462321,0.6556459346158475,0.4615235924924874,0.9083491277292126,0.907971490705844,0.7934094346634827,0.566547695438404,0.5631738256046883,0.31716940152642686,0.7849276230002519,0.7841885630133323,0.586029113950917,0.27049180327868855,0.4404404404404404,0.41595558767909036,1.9219813346862793
3,0.5,0.75,1.0,0.5,8,64,10,4,0.09032827129133278,0.24102716894337192,0.611065424076717,0.6073425830313507,0.4399588739898192,0.9083491277292126,0.907971490705844,0.7934094346634827,0.49951861811447784,0.4956478171942496,0.2950473326771145,0.7849276230002518,0.7841885630133321,0.586029113950917,0.3787878787878788,0.5056076484647912,0.4374889372605296,1.8741106986999512
3,0.5,0.75,1.0,0.5,9,30,10,4,0.1146847620762216,0.28059313784829026,0.6897643653493961,0.6867647028162708,0.4883109055111815,0.9059896953135614,0.9056014712345598,0.78488266182146,0.5834454995635662,0.5801887607487964,0.3331724691565034,0.7820038042783822,0.7812528432163193,0.5787657424083629,0.288,0.441257584114727,0.41096662708338516,0.5882842540740967
3,0.5,0.75,1.0,0.75,0,64,10,4,0.10740044643056582,0.27966827262198285,0.6656938215065564,0.6625067653257866,0.4740017513062554,0.9059896953135614,0.9056014712345598,0.78488266182146,0.5768841202594712,0.5736256603746924,0.3299723090923409,0.7820038042783822,0.7812528432163193,0.5787657424083629,0.3548387096774194,0.5005005005005004,0.17343992382558343,1.4193997383117676
3,0.5,0.75,1.0,0.75,1,44,10,5,0.12801878026476196,0.2806382404431904,0.7765813370997015,0.7744688295271844,0.6034415546383536,1.0,1.0,1.0,0.6980316037010973,0.6957264308862735,0.4343664744961424,0.897406368541996,0.8969792788487176,0.7526454569778374,0.44594594594594594,0.6650946248261684,0.13145202186081256,1.0213778018951416
3,0.5,0.75,1.0,0.75,2,44,10,5,0.13159671045030677,0.267889339698415,0.742980115239092,0.7405483552494897,0.577371853522807,1.0,1.0,1.0,0.6605066001357531,0.657913213351778,0.41227990463371683,0.897406368541996,0.8969792788487176,0.7526454569778374,0.5,0.6930583277888667,0.13610581308813754,1.0025432109832764
3,0.5,0.75,1.0,0.75,3,64,10,5,0.12297054416798531,0.270698354032724,0.7815013452016885,0.7794194887278822,0.6332397783970488,1.0,1.0,1.0,0.6840712988955137,0.6816397479161053,0.45007897387014173,0.8974063685419956,0.8969792788487173,0.7526454569778374,0.336734693877551,0.5005005005005004,0.18082028344316675,1.911109209060669
3,0.5,0.75,1.0,0.75,4,23,10,5,0.12004596987197852,0.2621042680216417,0.7492995370125254,0.7469291993817772,0.5693983573633221,1.0,1.0,1.0,0.6807411107203503,0.6783040873832332,0.41862299213605214,0.897406368541996,0.8969792788487176,0.7526454569778374,0.44594594594594594,0.6650946248261684,0.13325467482331965,0.5815651416778564
3,0.5,0.75,1.0,0.75,5,83,10,4,0.09094000383558583,0.25495047545641647,0.6478932142088609,0.6445503470793513,0.47351763473865055,0.9137594533047027,0.9134059329538328,0.8127690521941776,0.5401729310868746,0.5366474171559626,0.3224718838086135,0.7916267295012032,0.7909147573609078,0.602400964174539,0.4230769230769231,0.5630630630630631,0.17241745733076044,2.514760732650757
3,0.5,0.75,1.0,0.75,6,51,10,4,0.10531333135388009,0.27839650924800957,0.6650135807598855,0.6617936864433489,0.46268901657724637,0.897406368541996,0.8969792788487176,0.7526454569778374,0.6869887406949919,0.6845568869096614,0.48441882085017646,1.0,1.0,1.0,0.3185840707964602,0.45423574835339536,0.19867464303864665,1.511340856552124
3,0.5,0.75,1.0,0.75,7,65,10,4,0.09001199803148359,0.2485928722523191,0.6313101656543412,0.6277813934591151,0.4295039644105665,0.9137594533047027,0.9134059329538328,0.8127690521941776,0.5213670762655976,0.5176654225410371,0.2864451181445264,0.7916267295012032,0.7909147573609078,0.602400964174539,0.37894736842105264,0.49140049140049136,0.21343325148625916,2.011986494064331
3,0.5,0.75,1.0,0.75,8,53,10,4,0.09069106048045618,0.26012958395292624,0.6175755735068008,0.6139369484525329,0.4215092825780949,0.9000920107272863,0.8996771460213145,0.7622414951112423,0.5399095567803613,0.5363737782453459,0.295598860082631,0.7746891130677099,0.7739081836339227,0.5593213086866492,0.4235294117647059,0.5630630630630631,0.17122189137693594,1.5154051780700684
3,0.5,0.75,1.0,0.75,9,68,10,4,0.10643081595643558,0.2820685809211331,0.676715497367605,0.6736200753641102,0.46526285742813245,0.9116055475593928,0.9112424542131328,0.8049349549879696,0.5703763536206494,0.5670523128009718,0.3151705170230663,0.7889606460971244,0.7882379262538325,0.5957957470317893,0.308411214953271,0.4463923382842302,0.20036986977996238,2.095353364944458
3,0.5,0.75,1.0,1.0,0,35,10,5,0.11700832512022741,0.26066905066862556,0.7076241289699601,0.7048732025161328,0.5258414027810884,1.0,1.0,1.0,0.6453819326533035,0.6426890116946692,0.3903789872114529,0.897406368541996,0.8969792788487176,0.7526454569778374,0.7021276595744681,0.8030212765957447,0.07249817418639988,1.01064133644104
3,0.5,0.75,1.0,1.0,1,39,10,4,0.08016311889550273,0.25029739287574226,0.6150132038544037,0.6113869153634636,0.4262306841055604,0.8974063685419958,0.8969792788487174,0.7526454569778374,0.5055328902194374,0.5017735581601861,0.28548044672895384,0.7713552409379785,0.7705605424897544,0.5510101485183012,0.515625,0.6940937500000001,0.10694826503002425,1.0737075805664062
3,0.5,0.75,1.0,1.0,2,33,10,5,0.12021906723978529,0.2693115290293654,0.719952649509082,0.7173178029161105,0.5421345887327645,1.0,1.0,1.0,0.6457536792317983,0.6430636708814012,0.3905185574031032,0.8974063685419956,0.8969792788487173,0.7526454569778374,0.7021276595744681,0.8030212765957447,0.07353713531881893,0.9428310394287109
3,0.5,0.75,1.0,1.0,3,111,10,3,0.062217451517346964,0.2628154275709086,0.5337770013090383,0.5293770700746446,0.3440563797340832,0.789789857030486,0.789150994948784,0.6112350182388241,0.45122431055178563,0.44704351578211937,0.2382844522131618,0.636218386690312,0.6352846396218612,0.42347263580084515,0.4583333333333333,0.6540833333333335,0.17232486685857834,3.1072781085968018
3,0.5,0.75,1.0,1.0,4,1000,10,5,0.11513230358638418,0.2552537903655796,0.6966185676222688,0.6937640912765031,0.5172810520676718,1.0,1.0,1.0,0.6453991830603519,0.6427063930989424,0.3904400647492783,0.897406368541996,0.8969792788487176,0.7526454569778374,0.7021276595744681,0.8030212765957447,0.07249817418639988,21.826484203338623
3,0.5,0.75,1.0,1.0,5,42,10,5,0.11684475864806641,0.260449986190965,0.7076241289699601,0.7048732025161328,0.5258414027810884,1.0,1.0,1.0,0.6453819326533035,0.6426890116946692,0.3903789872114529,0.8974063685419956,0.8969792788487173,0.7526454569778374,0.7021276595744681,0.8030212765957447,0.07249817418639991,1.202526569366455
3,0.5,0.75,1.0,1.0,6,91,10,4,0.08253172648981942,0.24899392301406736,0.5787675126212869,0.5747915324325471,0.3871212552881584,0.9000920107272863,0.8996771460213145,0.7622414951112423,0.5067105086844981,0.502951771889217,0.2742655066805819,0.7746891130677099,0.7739081836339227,0.5593213086866492,0.38823529411764707,0.6051294117647059,0.15921703869205628,2.738473892211914
3,0.5,0.75,1.0,1.0,7,61,10,4,0.09427351940843204,0.260556278328398,0.6537626011503098,0.6504959819159832,0.46291589876877126,0.9059896953135614,0.9056014712345598,0.78488266182146,0.5603328535835731,0.5569843343097052,0.31897217303636305,0.7820038042783822,0.7812528432163193,0.5787657424083629,0.4074074074074074,0.6185185185185185,0.15159973061177745,1.6373684406280518
3,0.5,0.75,1.0,1.0,8,120,10,4,0.09421276161893487,0.26235267801028905,0.6337853096838499,0.6303297979908546,0.44816069752707144,0.9083491277292126,0.907971490705844,0.7934094346634827,0.5342784919175898,0.5307310899344511,0.30574193769470276,0.7849276230002519,0.7841885630133323,0.586029113950917,0.4125,0.622075,0.15488402985986138,3.424152374267578
3,0.5,0.75,1.0,1.0,9,50,10,3,0.059922029881732924,0.2520364381226214,0.5718385721572188,0.5677972353282683,0.37908052901451533,0.8021489417124285,0.8015540214626932,0.6413806962628472,0.48172627848463934,0.4777772247297994,0.256762633248038,0.6518928236684518,0.6510099162702462,0.4514820116115285,0.42857142857142855,0.6332987012987014,0.17391541593962584,1.0653886795043945
3,0.5,1.0,0.0,0.0,0,27,10,3,0.1388588738326488,0.2696070610231649,0.6121720121025379,0.6079179344085938,0.4411575442344779,0.789789857030486,0.789150994948784,0.6112350182388241,0.4853681712031934,0.48076706228436306,0.2870495017161846,0.636218386690312,0.6352846396218612,0.42347263580084515,0,0.0,inf,0.7557175159454346
3,0.5,1.0,0.0,0.0,1,29,10,2,0.10203501704804295,0.286433053872254,0.4471919708356555,0.4407579975421324,0.2569638797171048,0.5843445647456531,0.5836076786123202,0.3649394192885749,0.4496854890697348,0.44443922770501554,0.33672287232338843,0.6729934599358478,0.6724929101529477,0.5400412938889216,0,0.0,inf,0.6689920425415039
3,0.5,1.0,0.0,0.0,2,28,10,4,0.17350861339043866,0.27912150511647843,0.7283631768880879,0.7254953894417648,0.5775335678758711,0.897406368541996,0.8969792788487176,0.7526454569778374,0.7466099020077358,0.7444356562728193,0.664824658403071,1.0,1.0,1.0,0,0.0,inf,0.8192267417907715
3,0.5,1.0,0.0,0.0,3,46,10,4,0.13466182564150625,0.24134597756664528,0.6601463142981618,0.6565583511324697,0.517514121588656,0.9037907607564276,0.9033926442098374,0.7752391372397232,0.5422970754592857,0.5383697204453348,0.3548047791646839,0.7792775881454951,0.7785155100165547,0.5705119925521072,0,0.0,inf,1.029405117034912
3,0.5,1.0,0.0,0.0,4,26,10,4,0.16593928619589318,0.2823221927988064,0.7483240986622719,0.7456655817286539,0.6167111497526011,0.8974063685419958,0.8969792788487174,0.7526454569778374,0.6408853869673371,0.6378021175421116,0.43958362798772976,0.7713552409379785,0.7705605424897544,0.5510101485183012,0,0.0,inf,0.6339435577392578
3,0.5,1.0,0.0,0.0,5,38,10,3,0.13996468495249637,0.2815593131638619,0.6226863733451803,0.6185576103871864,0.4502543079917845,0.8019282820082536,0.8013325861275414,0.6406540834881669,0.5452506509666628,0.5411955798926085,0.33800681776515273,0.6516133272375468,0.6507295243611372,0.4508122830368131,0,0.0,inf,1.130340814590454
3,0.5,1.0,0.0,0.0,6,41,10,4,0.1657415495966315,0.2766009993686274,0.6998809100798788,0.6967130106116155,0.5657619483524053,0.9037907607564276,0.9033926442098374,0.7752391372397232,0.6007029245931974,0.5972773938138837,0.4045320065049917,0.7792775881454947,0.7785155100165544,0.5705119925521072,0,0.0,inf,1.128542184829712
3,0.5,1.0,0.0,0.0,7,29,10,5,0.19998899660498642,0.29271894728367526,0.8616716317325023,0.8602672820940208,0.798431265713639,1.0,1.0,1.0,0.7713128517564478,0.7694311578569147,0.5889903953746135,0.8974063685419956,0.8969792788487173,0.7526454569778374,0,0.0,inf,0.6956756114959717
3,0.5,1.0,0.0,0.0,8,36,10,4,0.18872656586513067,0.29957118323216997,0.7649760017156366,0.7624997835835987,0.6386099976750848,0.9116055475593928,0.9112424542131328,0.8049349549879696,0.6660605984238631,0.6632014826766537,0.4594450728479803,0.7889606460971247,0.7882379262538328,0.5957957470317893,0,0.0,inf,0.8497991561889648
3,0.5,1.0,0.0,0.0,9,19,10,4,0.17325838061227378,0.2795220207688075,0.735612993285527,0.7328217452870393,0.58406004588444,0.897406368541996,0.8969792788487176,0.7526454569778374,0.754497392602158,0.7523908264763501,0.670379046163929,1.0,1.0,1.0,0,0.0,inf,0.445202112197876
3,0.5,1.0,0.0,0.25,0,62,10,4,0.1710169719725084,0.29845218467806567,0.7497566638609007,0.7471935249751528,0.6070508611591106,0.9116055475593928,0.9112424542131328,0.8049349549879696,0.6584615203301717,0.6556229981709093,0.43478111661847985,0.7889606460971244,0.7882379262538325,0.5957957470317893,0,0.0,inf,1.3887102603912354
3,0.5,1.0,0.0,0.25,1,30,10,4,0.15580813531747828,0.2866361667709217,0.7152651441584879,0.7123499612420714,0.5620719725900694,0.9083491277292126,0.907971490705844,0.7934094346634827,0.6084217053703714,0.6051687972826442,0.39302925096618785,0.7849276230002519,0.7841885630133323,0.586029113950917,0,0.0,inf,0.508171796798706
3,0.5,1.0,0.0,0.25,2,35,10,3,0.12925235117259573,0.28607862498816267,0.6086187399433988,0.604482749111583,0.4459683586091325,0.7849276230002521,0.7842712471813089,0.5998687124749003,0.4856686589813501,0.4812481487731229,0.2931037225238809,0.6300407065822518,0.6290866490125593,0.41279146196657973,0,0.0,inf,0.6595311164855957
3,0.5,1.0,0.0,0.25,3,36,10,3,0.14146989263228796,0.2935451641850244,0.6491512873326111,0.6454457441732492,0.4762394000594275,0.7916267295012033,0.7909944647108239,0.6144266258107057,0.6602750693949793,0.6573570461994057,0.5321492438059184,0.8919096298303802,0.8916326823937588,0.8472089812237649,0,0.0,inf,0.5246801376342773
3,0.5,1.0,0.0,0.25,4,68,10,4,0.14299608136856992,0.26929833424048794,0.6982145055243452,0.6951200285377135,0.5466589616400656,0.9137594533047027,0.9134059329538328,0.8127690521941776,0.5929677002187942,0.5895808242405258,0.38184042457335166,0.7916267295012032,0.7909147573609078,0.602400964174539,0,0.0,inf,1.264772891998291
3,0.5,1.0,0.0,0.25,5,68,10,4,0.1581227685488552,0.28881123069454334,0.7045061592310163,0.7014724980241728,0.5476259755663337,0.897406368541996,0.8969792788487176,0.7526454569778374,0.7379854552658128,0.7358023819726439,0.623589643045177,1.0,1.0,1.0,0,0.0,inf,1.3684453964233398
3,0.5,1.0,0.0,0.25,6,28,10,4,0.15637058416474295,0.29234245444953616,0.7113828496372091,0.708427165059466,0.5528138373239703,0.9083491277292126,0.907971490705844,0.7934094346634827,0.6445483097934794,0.641594696432153,0.4256005444329724,0.7849276230002519,0.7841885630133323,0.586029113950917,0,0.0,inf,0.6704933643341064
3,0.5,1.0,0.0,0.25,7,55,10,4,0.1535261913398589,0.2882776180941493,0.706550887948319,0.7035464864121516,0.5546687767332525,0.9083491277292126,0.907971490705844,0.7934094346634827,0.5988349210818611,0.5955023739319717,0.38680622667968034,0.7849276230002518,0.7841885630133321,0.586029113950917,0,0.0,inf,1.183201551437378
3,0.5,1.0,0.0,0.25,8,119,10,4,0.15592750671538638,0.28463860295834403,0.7369571023809511,0.7342632969076237,0.6007292581406447,0.9137594533047027,0.9134059329538328,0.8127690521941776,0.634863566520667,0.6318294513157372,0.4258210969723362,0.7916267295012033,0.7909147573609079,0.602400964174539,0,0.0,inf,2.386829137802124
3,0.5,1.0,0.0,0.25,9,27,10,3,0.12044225668980774,0.2661491186396695,0.5832103572839097,0.5788079064592997,0.4153846041941022,0.7921997857472497,0.7915695648752535,0.6162892627615703,0.46116785228324725,0.45653909631316836,0.267108012072332,0.6392779718964172,0.6383542378752756,0.4282009089578253,0,0.0,inf,0.5294756889343262
3,0.5,1.0,0.0,0.5,0,43,10,2,0.08333780300016026,0.28863790644558096,0.4510327067277768,0.44520352980435773,0.2854157309837184,0.5879077429223252,0.5871790535706989,0.3717161405198315,0.43281107798708174,0.42790894949499114,0.29085333380009554,0.6768387497441452,0.676345545785955,0.5489778408135174,0,0.0,inf,0.9601881504058838
3,0.5,1.0,0.0,0.5,1,112,10,3,0.10872595511656578,0.2689532644759643,0.5982535777362546,0.5941291684986658,0.4155461633213297,0.789789857030486,0.789150994948784,0.6112350182388241,0.4799856497261485,0.4756517573343577,0.26924471560137503,0.636218386690312,0.6352846396218612,0.42347263580084515,0,0.0,inf,3.320610523223877
3,0.5,1.0,0.0,0.5,2,43,10,4,0.14170872307931892,0.2837706694194764,0.7348053953789594,0.732149004769147,0.5738400256665913,0.9137594533047027,0.9134059329538328,0.8127690521941776,0.6336240342462702,0.6306501476352135,0.40322569867734487,0.7916267295012033,0.7909147573609079,0.602400964174539,0,0.0,inf,0.8024559020996094
3,0.5,1.0,0.0,0.5,3,44,10,5,0.1407193945909565,0.22900787553785834,0.7568388160729635,0.7544084621400174,0.5929277989882152,1.0,1.0,1.0,0.652783445536637,0.6499717269228639,0.4183909306386666,0.897406368541996,0.8969792788487176,0.7526454569778374,0,0.0,inf,0.9461987018585205
3,0.5,1.0,0.0,0.5,4,115,10,3,0.1001038735828934,0.26145834815285607,0.5354479836500253,0.5306828340764794,0.3682175330330861,0.792676458447326,0.7920479364188314,0.6178455857756018,0.4216291147780472,0.41681327216753766,0.23102642304660234,0.6398829605162113,0.6389611927460442,0.42965422834092154,0,0.0,inf,3.547431230545044
3,0.5,1.0,0.0,0.5,5,48,10,4,0.13891557253967118,0.2731000727903828,0.7100610707414107,0.7071542288476055,0.5388658770112242,0.9059896953135614,0.9056014712345598,0.78488266182146,0.60174143626764,0.5985056455773188,0.37366215637766426,0.7820038042783822,0.7812528432163193,0.5787657424083629,0,0.0,inf,1.2967605590820312
3,0.5,1.0,0.0,0.5,6,20,10,5,0.17090870268748462,0.29281655993309424,0.8355372350338434,0.8339275617742565,0.7196763595811342,1.0,1.0,1.0,0.7465626864792518,0.744555915600185,0.5225383216060016,0.897406368541996,0.8969792788487176,0.7526454569778374,0,0.0,inf,0.5221538543701172
3,0.5,1.0,0.0,0.5,7,46,10,5,0.17047205161217108,0.29280173618965355,0.8421035093370659,0.8405581032455715,0.7231145727733932,1.0,1.0,1.0,0.7471965038756655,0.7451947516983679,0.5236968505061245,0.8974063685419956,0.8969792788487173,0.7526454569778374,0,0.0,inf,1.3592884540557861
3,0.5,1.0,0.0,0.5,8,34,10,5,0.13944786358229005,0.21603858676573048,0.7235848948402608,0.7208220510896195,0.5729282947541312,1.0,1.0,1.0,0.6193825928772422,0.6163002500943433,0.4022584927073569,0.897406368541996,0.8969792788487176,0.7526454569778374,0,0.0,inf,0.9052767753601074
3,0.5,1.0,0.0,0.5,9,42,10,4,0.1412667071159875,0.2890592690788103,0.6769760807107889,0.6737305576198444,0.5125138551406833,0.897406368541996,0.8969792788487176,0.7526454569778374,0.7195872190423918,0.7173036091252697,0.5801962693359026,1.0,1.0,1.0,0,0.0,inf,1.2272007465362549
3,0.5,1.0,0.0,0.75,0,20,10,4,0.1293587181208365,0.284321862026391,0.6924186324372293,0.6893948065528116,0.5034790578810132,0.9083491277292126,0.907971490705844,0.7934094346634827,0.6138028517529043,0.6107298307075276,0.36628986841369005,0.7849276230002519,0.7841885630133323,0.586029113950917,0,0.0,inf,0.47606492042541504
3,0.5,1.0,0.0,0.75,1,72,10,5,0.147163632733545,0.2665857226838512,0.7883262266421616,0.7862800073699613,0.6390937665038902,1.0,1.0,1.0,0.6901431619520454,0.6877216143169771,0.45513469684071106,0.8974063685419956,0.8969792788487173,0.7526454569778374,0,0.0,inf,2.181666851043701
3,0.5,1.0,0.0,0.75,2,111,10,5,0.15925141601429255,0.29121200954987925,0.8283890218037341,0.8267303547379025,0.6921145154200083,1.0,1.0,1.0,0.7347429600375809,0.7326703255792865,0.4978853566168167,0.897406368541996,0.8969792788487176,0.7526454569778374,0,0.0,inf,2.625462770462036
3,0.5,1.0,0.0,0.75,3,25,10,2,0.06358129750447838,0.26089196055399155,0.4748410554402904,0.46945598592188437,0.32098342139969915,0.5976802337166615,0.596973854438701,0.39109438552078163,0.44235988727981534,0.43771720183685636,0.27626936631181037,0.6873699192100856,0.6868966530904632,0.5743375335210144,0,0.0,inf,0.4395921230316162
3,0.5,1.0,0.0,0.75,4,20,10,5,0.15939153618601476,0.29303566208182813,0.8278903631624185,0.82622687642436,0.6908554518329261,1.0,1.0,1.0,0.7395897249250306,0.7375549615517728,0.49876861527517186,0.8974063685419956,0.8969792788487173,0.7526454569778374,0,0.0,inf,0.545259952545166
3,0.5,1.0,0.0,0.75,5,59,10,5,0.13344773794183326,0.23948721488973615,0.7470760678424617,0.7445903223110291,0.555803709498023,1.0,1.0,1.0,0.6438487344693483,0.6410157052750916,0.3878469264578157,0.8974063685419956,0.8969792788487173,0.7526454569778374,0,0.0,inf,1.7452080249786377
3,0.5,1.0,0.0,0.75,6,91,10,4,0.13720664305456554,0.2931046947901511,0.6833904299550126,0.6802651299409778,0.5209714631898588,0.897406368541996,0.8969792788487176,0.7526454569778374,0.718302884828214,0.7160515240175739,0.564964120824358,1.0,1.0,1.0,0,0.0,inf,2.4692978858947754
3,0.5,1.0,0.0,0.75,7,30,10,4,0.1298501252804544,0.2760031108298689,0.7123513556073344,0.7095213702673311,0.5270450901269019,0.9059896953135614,0.9056014712345598,0.78488266182146,0.6239692161891506,0.6209746785429517,0.3745827786140157,0.7820038042783822,0.7812528432163193,0.5787657424083629,0,0.0,inf,0.8417253494262695
3,0.5,1.0,0.0,0.75,8,111,10,4,0.12683934346469994,0.2821275718067104,0.688460642007858,0.6853857351841242,0.5115749296187302,0.9000920107272863,0.8996771460213145,0.7622414951112423,0.5949654215410041,0.5917287272771848,0.35562724625289804,0.7746891130677099,0.7739081836339227,0.5593213086866492,0,0.0,inf,2.9007351398468018
3,0.5,1.0,0.0,0.75,9,40,10,3,0.08781266673713341,0.2676383825362506,0.5627378543336612,0.5583673697098923,0.3638775857621931,0.7849276230002521,0.7842712471813089,0.5998687124749003,0.4447566621455232,0.4402594450925492,0.22884899150627352,0.6300407065822516,0.6290866490125591,0.41279146196657973,0,0.0,inf,1.051835060119629
3,0.5,1.0,0.0,1.0,0,35,10,4,0.10696883929947502,0.261098304057159,0.6596711747400897,0.6563911708631583,0.4626710844914453,0.9059896953135614,0.9056014712345598,0.78488266182146,0.620181763126278,0.6172227711722897,0.3717423235199503,0.7820038042783822,0.7812528432163193,0.5787657424083629,0,0.0,inf,0.9647378921508789
3,0.5,1.0,0.0,1.0,1,24,10,5,0.14928664759169968,0.28284639679499984,0.7763217186544247,0.7741804701820225,0.6305296578149886,1.0,1.0,1.0,0.6917787409747632,0.6893947662103388,0.4525006614254676,0.897406368541996,0.8969792788487176,0.7526454569778374,0,0.0,inf,0.67138671875
3,0.5,1.0,0.0,1.0,2,1000,10,4,0.1270131217888046,0.29013081518193445,0.7000448880872223,0.6971528259150918,0.5251654762453968,0.897406368541996,0.8969792788487176,0.7526454569778374,0.6894061887602841,0.6869854415089878,0.47132793002796963,1.0,1.0,1.0,0,0.0,inf,23.15191411972046
3,0.5,1.0,0.0,1.0,3,27,10,3,0.09454430848711194,0.28368496388051945,0.6353568659060207,0.6318008018324547,0.4481770348183966,0.7916267295012033,0.7909944647108239,0.6144266258107057,0.5990288722803134,0.5958653846432769,0.3721146795219478,0.8919096298303802,0.8916326823937588,0.8472089812237649,0,0.0,inf,0.7580320835113525
3,0.5,1.0,0.0,1.0,4,46,10,4,0.12782346206113387,0.29168188081839136,0.7064028673502657,0.7035734471107103,0.5367713843746756,0.9116055475593928,0.9112424542131328,0.8049349549879696,0.6200605021676654,0.6171007848156742,0.379164157384912,0.7889606460971244,0.7882379262538325,0.5957957470317893,0,0.0,inf,1.3344714641571045
3,0.5,1.0,0.0,1.0,5,25,10,5,0.1498074304898143,0.28318693949721413,0.777546826158352,0.7754173055101962,0.6336057638216056,1.0,1.0,1.0,0.6931022145599437,0.6907284763627126,0.45496581839859007,0.897406368541996,0.8969792788487176,0.7526454569778374,0,0.0,inf,0.6845102310180664
3,0.5,1.0,0.0,1.0,6,34,10,4,0.11137633046005628,0.2753173011714387,0.680816585458635,0.6777407896263202,0.48406803427527123,0.9083491277292126,0.907971490705844,0.7934094346634827,0.6300961076424584,0.6272147700311063,0.39184481456655756,0.7849276230002518,0.7841885630133321,0.586029113950917,0,0.0,inf,0.8217437267303467
3,0.5,1.0,0.0,1.0,7,159,10,5,0.14820423278986533,0.28264139917212355,0.7749959563427323,0.772842016488281,0.6272434762762124,1.0,1.0,1.0,0.6903465308265704,0.6879514784587987,0.4498671522688148,0.897406368541996,0.8969792788487176,0.7526454569778374,0,0.0,inf,3.1126484870910645
3,0.5,1.0,0.0,1.0,8,114,10,4,0.1272705791153111,0.2951299169861569,0.7027597021454471,0.6998938152599857,0.5253431117563565,0.897406368541996,0.8969792788487176,0.7526454569778374,0.6923405352492175,0.6899426580968748,0.47147110782118695,1.0,1.0,1.0,0,0.0,inf,3.296654462814331
3,0.5,1.0,0.0,1.0,9,24,10,5,0.1476879466369592,0.28261622447334017,0.7734508011914992,0.7712820697306062,0.6226518253590182,1.0,1.0,1.0,0.6886773123938152,0.6862693492533325,0.4461874545430808,0.897406368541996,0.8969792788487176,0.7526454569778374,0,0.0,inf,0.41448521614074707
3,0.5,1.0,0.25,0.0,0,36,10,3,0.1104191083320921,0.24582367253968243,0.59132776409645,0.5870188007059381,0.39757510344259267,0.8021489417124285,0.8015540214626932,0.6413806962628472,0.4671464241369974,0.46257792046665186,0.25195338538517786,0.651892823668452,0.6510099162702464,0.4514820116115285,0,0.0,inf,0.9905664920806885
3,0.5,1.0,0.25,0.0,1,61,10,4,0.13739233096900166,0.22449548539948086,0.6413400398607055,0.6375548054066903,0.46086503714282373,0.9116055475593928,0.9112424542131328,0.8049349549879696,0.5304923117345142,0.5264627743211582,0.30775516604571634,0.7889606460971247,0.7882379262538328,0.5957957470317893,0,0.0,inf,1.7851860523223877
3,0.5,1.0,0.25,0.0,2,35,10,5,0.15560253220463138,0.22726751841695825,0.7567896038921428,0.754301634230522,0.6100530709148126,1.0,1.0,1.0,0.6504710702105562,0.6475700882497246,0.4329782226864568,0.8974063685419956,0.8969792788487173,0.7526454569778374,0,0.0,inf,0.7812910079956055
3,0.5,1.0,0.25,0.0,3,24,10,3,0.13466479814457089,0.29374577512305844,0.6258114540509638,0.6218559969728223,0.45977214764186125,0.7889606460971244,0.7883188157233192,0.6085417084158432,0.6595242000056639,0.656596996730861,0.5460719735126889,0.8891543252970434,0.8888695855552406,0.8404468849639695,0,0.0,inf,0.4276900291442871
3,0.5,1.0,0.25,0.0,4,230,10,3,0.12020592249763958,0.27221983464938954,0.5958312051079531,0.5915593583899984,0.41712853827984914,0.7889606460971244,0.7883188157233192,0.6085417084158432,0.6194648260948993,0.6161936522929461,0.49372976775965893,0.8891543252970434,0.8888695855552406,0.8404468849639695,0,0.0,inf,5.522911548614502
3,0.5,1.0,0.25,0.0,5,39,10,3,0.1221994508148738,0.27056564991369,0.6035057990460195,0.5993176206720475,0.42463937938784646,0.792676458447326,0.7920479364188314,0.6178455857756018,0.48366874817980865,0.47923316383727654,0.2760286044289456,0.6398829605162115,0.6389611927460443,0.42965422834092154,0,0.0,inf,1.0878932476043701
3,0.5,1.0,0.25,0.0,6,28,10,4,0.15666880019547774,0.2923669668529922,0.7113828496372093,0.7084271650594662,0.5528138373239703,0.9083491277292126,0.907971490705844,0.7934094346634827,0.6445483097934794,0.641594696432153,0.4256005444329724,0.7849276230002518,0.7841885630133321,0.586029113950917,0,0.0,inf,0.7232353687286377
3,0.5,1.0,0.25,0.0,7,103,10,3,0.11259110807233909,0.25461057129717724,0.572748404167278,0.5682266495130888,0.4026940354313929,0.7916267295012034,0.790994464710824,0.6144266258107057,0.45321951006269234,0.44851255974106996,0.2564517023235801,0.6385505741240013,0.637624474122608,0.42645992265876403,0,0.0,inf,3.293675422668457
3,0.5,1.0,0.25,0.0,8,29,10,3,0.12530994399170028,0.28138877551966446,0.6000404155151766,0.5958161802570753,0.4286346252538803,0.7916267295012033,0.7909944647108239,0.6144266258107057,0.6059982685948622,0.6026140418638748,0.49108513522465613,0.8919096298303802,0.8916326823937588,0.8472089812237649,0,0.0,inf,0.6768004894256592
3,0.5,1.0,0.25,0.0,9,27,10,3,0.11968570774689966,0.2694787476864062,0.5713209004318411,0.5667908508676659,0.41389362857252526,0.7849276230002521,0.7842712471813089,0.5998687124749003,0.5919014787411492,0.5883940829194535,0.48645649216744835,0.884983406868874,0.884686800044098,0.830441303607371,0,0.0,inf,0.7808210849761963
3,0.5,1.0,0.25,0.25,0,49,10,4,0.10588064079704344,0.19947068502814513,0.5899338985210127,0.5857115870090932,0.39544891428637946,0.9083491277292126,0.907971490705844,0.7934094346634827,0.5095177019263732,0.5054168407306057,0.28152879216230253,0.7849276230002519,0.7841885630133323,0.586029113950917,0.12162162162162163,0.2329916123019571,2.295608857111319,1.2732200622558594
3,0.5,1.0,0.25,0.25,1,34,10,4,0.15285092393821023,0.2975022598912558,0.714798472443808,0.7119334569587827,0.5551506210903655,0.897406368541996,0.8969792788487176,0.7526454569778374,0.7490818150182273,0.7470387816557628,0.6104959196965919,1.0,1.0,1.0,0.24242424242424243,0.3877137810709516,1.6949964335223977,0.6192905902862549
3,0.5,1.0,0.25,0.25,2,27,10,5,0.1721839853912802,0.29291524683098397,0.8373061202984471,0.8357137599382896,0.7239158512715892,1.0,1.0,1.0,0.7484765584545177,0.7464849420232821,0.5259784431359582,0.8974063685419956,0.8969792788487173,0.7526454569778374,0.24242424242424243,0.4902862045719188,1.5147868210566373,0.5072722434997559
3,0.5,1.0,0.25,0.25,3,34,10,4,0.1518157937465073,0.2943047000940446,0.7243372815666133,0.7215755071544916,0.5635031251569291,0.9083491277292126,0.907971490705844,0.7934094346634827,0.6308470562643469,0.6278500084389912,0.39736577426477243,0.7849276230002518,0.7841885630133321,0.586029113950917,0.24242424242424243,0.4082743603701687,1.6947479790694713,0.7109158039093018
3,0.5,1.0,0.25,0.25,4,110,10,3,0.11638044047239586,0.29131560323695493,0.5875499136358446,0.5833199056095085,0.41303854052101274,0.7921997857472497,0.7915695648752535,0.6162892627615703,0.4662026338367968,0.46175873709182796,0.2671006201099995,0.6392779718964172,0.6383542378752756,0.4282009089578253,0.24242424242424243,0.3870585824548621,1.9945981111473583,3.473670721054077
3,0.5,1.0,0.25,0.25,5,75,10,3,0.10590175378375814,0.2768933946484136,0.5866807423363817,0.5824489590522092,0.40787154953339655,0.8021489417124285,0.8015540214626932,0.6413806962628472,0.5018954454021537,0.4977562337283597,0.29182982636800275,0.6518928236684518,0.6510099162702462,0.4514820116115285,0.24242424242424243,0.40000969720478075,1.995225097757979,1.96356201171875
3,0.5,1.0,0.25,0.25,6,40,10,3,0.1079554580896059,0.2713383669995406,0.5994538378844194,0.5953529860494684,0.4078975204817376,0.8021489417124285,0.8015540214626932,0.6413806962628472,0.5060584397525826,0.5019539886335631,0.28137070708490924,0.6518928236684518,0.6510099162702462,0.4514820116115285,0.24242424242424243,0.374251497005988,1.9966436360202278,0.8062946796417236
3,0.5,1.0,0.25,0.25,7,59,10,3,0.11452022441223242,0.2836057982011026,0.6028111392951695,0.59873443056526,0.42723116635248615,0.7889606460971246,0.7883188157233194,0.6085417084158432,0.48267572617926136,0.4783652964181523,0.278970903326645,0.6351652836494971,0.6342280982950598,0.42094768363328244,0.23741007194244604,0.3771083786625222,1.9973006843046943,1.20884108543396
3,0.5,1.0,0.25,0.25,8,37,10,4,0.1462397619188345,0.28339290139379136,0.7362660099569623,0.7336237455642761,0.551894645238154,0.9083491277292126,0.907971490705844,0.7934094346634827,0.6302238946256601,0.627221787528082,0.38446813963453197,0.7849276230002519,0.7841885630133323,0.586029113950917,0.24242424242424243,0.4082743603701687,1.6947479790694713,0.7809445858001709
3,0.5,1.0,0.25,0.25,9,42,10,4,0.15599100920351774,0.2986485554556356,0.7274721921698397,0.7247343786298965,0.5730435521689707,0.897406368541996,0.8969792788487176,0.7526454569778374,0.7498244721384494,0.7477873940650943,0.6123975098136835,1.0,1.0,1.0,0.24242424242424243,0.39705535166226685,1.6914367050103887,0.7709653377532959
3,0.5,1.0,0.25,0.5,0,45,10,4,0.13719073777751015,0.2869612088732257,0.7192633080152894,0.7164969893857804,0.537610929300785,0.9059896953135614,0.9056014712345598,0.78488266182146,0.6134563154478393,0.6103728574880481,0.3728892590976301,0.7820038042783822,0.7812528432163193,0.5787657424083629,0.24242424242424243,0.42147410568463195,1.2249085338030228,0.9328651428222656
3,0.5,1.0,0.25,0.5,1,45,10,4,0.1398050248266915,0.2971046998814436,0.6974424277773201,0.6944549680998324,0.5242416683310815,0.897406368541996,0.8969792788487176,0.7526454569778374,0.7322626172171254,0.7301221582000385,0.5659185548698834,1.0,1.0,1.0,0.24242424242424243,0.4113909585409334,1.2378247572433327,1.3015236854553223
3,0.5,1.0,0.25,0.5,2,113,10,4,0.12427816986394846,0.2749723444836851,0.6961671805387387,0.6931740217178843,0.5328893951573207,0.9083491277292126,0.907971490705844,0.7934094346634827,0.5884818510009523,0.5852000580399875,0.3690331247772175,0.7849276230002518,0.7841885630133321,0.586029113950917,0.24242424242424243,0.40000969720478075,1.342149273432283,3.245540142059326
3,0.5,1.0,0.25,0.5,3,26,10,5,0.16043639563676299,0.2929479317148516,0.8278903631624186,0.8262268764243601,0.6908554518329261,1.0,1.0,1.0,0.7395897249250306,0.7375549615517728,0.49876861527517186,0.8974063685419956,0.8969792788487173,0.7526454569778374,0.24242424242424243,0.42147410568463195,1.1044398290833053,0.6796045303344727
3,0.5,1.0,0.25,0.5,4,1000,10,4,0.12984725249837006,0.2862751837698218,0.6766716718914193,0.6734872703478121,0.5033387000452801,0.9116055475593928,0.9112424542131328,0.8049349549879696,0.5714774398469813,0.5680609781266077,0.34538108547714025,0.7889606460971244,0.7882379262538325,0.5957957470317893,0.24242424242424243,0.40163575288447495,1.2391837923524534,21.671396732330322
3,0.5,1.0,0.25,0.5,5,33,10,4,0.1419247843004534,0.2909429841791931,0.7495003207638367,0.7470339241624867,0.5669853168369328,0.9083491277292126,0.907971490705844,0.7934094346634827,0.6462775719409849,0.6434583570991609,0.3969862057064659,0.7849276230002518,0.7841885630133321,0.586029113950917,0.24242424242424243,0.42147410568463195,1.2223213175800807,0.9093706607818604
3,0.5,1.0,0.25,0.5,6,32,10,3,0.10514038244697385,0.28809764351862865,0.5986804090893596,0.5946569216098646,0.42504266212763686,0.789789857030486,0.789150994948784,0.6112350182388241,0.48087721552331014,0.47665872480088833,0.2789051607848909,0.636218386690312,0.6352846396218612,0.42347263580084515,0.24242424242424243,0.3967967679099632,1.457517109403724,0.5579285621643066
3,0.5,1.0,0.25,0.5,7,43,10,4,0.13660264068777433,0.28833062742124654,0.7219654616157888,0.7192275840970022,0.5434303115825299,0.9083491277292126,0.907971490705844,0.7934094346634827,0.6164561472112216,0.6133988065291701,0.37768441375375245,0.7849276230002518,0.7841885630133321,0.586029113950917,0.24242424242424243,0.403275082488085,1.2368264573885515,1.2148911952972412
3,0.5,1.0,0.25,0.5,8,39,10,3,0.10400487550309223,0.2880318956448251,0.594976030218652,0.5909188774166415,0.41571153016186396,0.792676458447326,0.7920479364188314,0.6178455857756018,0.479433073209801,0.4752067436840594,0.27153075595818793,0.6398829605162113,0.6389611927460442,0.42965422834092154,0.24242424242424243,0.403275082488085,1.4425644604339092,1.1427381038665771
3,0.5,1.0,0.25,0.5,9,47,10,4,0.1432854473026591,0.29763856498834473,0.7220114636459568,0.7192665991328641,0.5541816870671112,0.897406368541996,0.8969792788487176,0.7526454569778374,0.7334172487527318,0.7312860205776592,0.5680655482621882,1.0,1.0,1.0,0.24242424242424243,0.4113909585409334,1.2378247572433327,1.3371503353118896
3,0.5,1.0,0.25,0.75,0,26,10,3,0.08269528284836485,0.2625689476973954,0.5630342396597017,0.5587516920937543,0.3831618235993727,0.8021489417124285,0.8015540214626932,0.6413806962628472,0.476164738461195,0.47200989596644055,0.26852833879505356,0.6518928236684518,0.6510099162702462,0.4514820116115285,0.24242424242424243,0.3696003696003696,1.3962318909714795,0.7403934001922607
3,0.5,1.0,0.25,0.75,1,69,10,4,0.13192194332622542,0.2941332730859517,0.7324141108639552,0.7298152460455613,0.570702693953332,0.897406368541996,0.8969792788487176,0.7526454569778374,0.7215402289411788,0.7193528894107611,0.5194438550007936,1.0,1.0,1.0,0.24242424242424243,0.3696003696003696,1.2184165724198333,1.660029411315918
3,0.5,1.0,0.25,0.75,2,33,10,4,0.12273214328394806,0.2880502630057652,0.6947461734085623,0.691785904123805,0.500556793422922,0.9116055475593928,0.9112424542131328,0.8049349549879696,0.6261296821173482,0.6231976008509473,0.3733302944529706,0.7889606460971244,0.7882379262538325,0.5957957470317893,0.24242424242424243,0.3696003696003696,1.2269351245338538,0.7113330364227295
3,0.5,1.0,0.25,0.75,3,32,10,3,0.0920148588080781,0.28825519423164075,0.5812084762310101,0.5771018474453945,0.3901825016510009,0.7921997857472497,0.7915695648752535,0.6162892627615703,0.4645071972126261,0.46025745028993265,0.25234540021664464,0.6392779718964172,0.6383542378752756,0.4282009089578253,0.24242424242424243,0.3696003696003696,1.4258318952274447,0.7007081508636475
3,0.5,1.0,0.25,0.75,4,34,10,5,0.15057783945196448,0.29313843897391134,0.8267353858679586,0.8250771249044735,0.6652621174010284,1.0,1.0,1.0,0.7325593268981825,0.7304913032728182,0.475755141051708,0.897406368541996,0.8969792788487176,0.7526454569778374,0.24242424242424243,0.3696003696003696,1.1090766811646575,0.9185054302215576
3,0.5,1.0,0.25,0.75,5,31,10,4,0.1145014892809928,0.27491403419142596,0.6870075986813708,0.6839568939824325,0.49730463580539463,0.8974063685419958,0.8969792788487174,0.7526454569778374,0.5994625173946002,0.5963041920411797,0.3477025057345776,0.7713552409379785,0.7705605424897544,0.5510101485183012,0.24242424242424243,0.3696003696003696,1.2857796666472314,0.7276382446289062
3,0.5,1.0,0.25,0.75,6,28,10,3,0.09478128409988619,0.2906852316340745,0.6316959068966496,0.6280826555246581,0.4543296736777078,0.7889606460971244,0.7883188157233192,0.6085417084158432,0.6203607326021442,0.61734633738384,0.4257683767820198,0.8891543252970434,0.8888695855552406,0.8404468849639695,0.24242424242424243,0.3696003696003696,1.4257834521243615,0.5122034549713135
3,0.5,1.0,0.25,0.75,7,47,10,4,0.12893768951962425,0.29248704218882127,0.7036549195640124,0.7007810448968236,0.5219134336737664,0.9116055475593928,0.9112424542131328,0.8049349549879696,0.6170586457326104,0.6140554247833345,0.3673297176526393,0.7889606460971244,0.7882379262538325,0.5957957470317893,0.24242424242424243,0.3696003696003696,1.2269351245338536,1.0789391994476318
3,0.5,1.0,0.25,0.75,8,213,10,4,0.13113143854261697,0.2973918627330526,0.7042248912425835,0.7013528859545852,0.532572039616198,0.897406368541996,0.8969792788487176,0.7526454569778374,0.7224654072686132,0.7202858585296673,0.5189742245599241,1.0,1.0,1.0,0.24242424242424243,0.3696003696003696,1.2117445449465793,4.829485177993774
3,0.5,1.0,0.25,0.75,9,42,10,4,0.11087868878089109,0.27762806583220273,0.681030634828457,0.6779343673563213,0.4925894627789815,0.9000920107272863,0.8996771460213145,0.7622414951112423,0.5736346969528158,0.5702874544441746,0.33662474846973867,0.7746891130677099,0.7739081836339227,0.5593213086866492,0.24242424242424243,0.3696003696003696,1.328715165822627,0.8190970420837402
3,0.5,1.0,0.25,1.0,0,1000,10,5,0.14310976408953427,0.28305304652008784,0.7732097445248244,0.7710541188010758,0.6149892669942416,1.0,1.0,1.0,0.6893856401662071,0.6870012628528118,0.4404868785652494,0.897406368541996,0.8969792788487176,0.7526454569778374,0.24242424242424243,0.32464897329762193,1.1437155251024655,23.49463176727295
3,0.5,1.0,0.25,1.0,1,47,10,4,0.11825741242480295,0.2890770265150575,0.6914175087209662,0.6884743518127509,0.5172477244107159,0.9083491277292126,0.907971490705844,0.7934094346634827,0.6146687825374809,0.6116999901057527,0.37180478983735243,0.7849276230002519,0.7841885630133323,0.586029113950917,0.24242424242424243,0.32464897329762193,1.345373408228007,1.2619245052337646
3,0.5,1.0,0.25,1.0,2,61,10,4,0.11530540298155859,0.2857526568608341,0.6792380103000469,0.6761781448372444,0.5067573555469223,0.9059896953135614,0.9056014712345598,0.78488266182146,0.5918196007443558,0.5886741670271591,0.3557602658208588,0.7820038042783822,0.7812528432163193,0.5787657424083629,0.24242424242424243,0.32464897329762193,1.3465089133152979,1.7186918258666992
3,0.5,1.0,0.25,1.0,3,113,10,4,0.11306538326071022,0.2860538712100113,0.6806396945519032,0.6775935613465666,0.4949823032577572,0.9059896953135614,0.9056014712345598,0.78488266182146,0.6031421125275904,0.6000843178041818,0.3541597285594464,0.7820038042783822,0.7812528432163193,0.5787657424083629,0.24242424242424243,0.32464897329762193,1.3452895086296437,2.891637086868286
3,0.5,1.0,0.25,1.0,4,111,10,4,0.1163497050126289,0.28637636269496064,0.693194379344678,0.6902683326283625,0.5160665451023428,0.9116055475593928,0.9112424542131328,0.8049349549879696,0.6158422902799022,0.6128827158408925,0.36985082814508236,0.7889606460971247,0.7882379262538328,0.5957957470317893,0.24242424242424243,0.32464897329762193,1.3459471159758487,2.3132433891296387
3,0.5,1.0,0.25,1.0,5,43,10,4,0.1125166385050164,0.28004188481567455,0.6763278575504135,0.6732404683008406,0.49997692768752566,0.9083491277292126,0.907971490705844,0.7934094346634827,0.588683427552707,0.5855140873791689,0.3503410516432641,0.7849276230002518,0.7841885630133321,0.586029113950917,0.24242424242424243,0.32464897329762193,1.3463780416575617,0.6882929801940918
3,0.5,1.0,0.25,1.0,6,43,10,4,0.11305441043001231,0.2786507087211487,0.6749033612104354,0.6718025135175113,0.4982678044034139,0.9059896953135614,0.9056014712345598,0.78488266182146,0.6099340875844087,0.6069286251092579,0.36875873493793015,0.7820038042783822,0.7812528432163193,0.5787657424083629,0.24242424242424243,0.32464897329762193,1.3452895086296437,1.1902284622192383
3,0.5,1.0,0.25,1.0,7,34,10,4,0.11681504255921524,0.28170737574260163,0.6690860986158683,0.6659282921504436,0.4996435912383271,0.897406368541996,0.8969792788487176,0.7526454569778374,0.6628633174317307,0.6602643769024509,0.4385226221046966,1.0,1.0,1.0,0.24242424242424243,0.32464897329762193,1.3457014083365588,0.9728569984436035
3,0.5,1.0,0.25,1.0,8,37,10,4,0.10659962745942968,0.275231132937831,0.6830177432167646,0.6799759117980277,0.4838936674084964,0.9137594533047027,0.9134059329538328,0.8127690521941776,0.589767047571829,0.5865856320425776,0.3338408089226514,0.7916267295012032,0.7909147573609078,0.602400964174539,0.24242424242424243,0.32464897329762193,1.4614611446352097,1.0575520992279053
3,0.5,1.0,0.25,1.0,9,1000,10,5,0.1417240850993892,0.28215358183263817,0.7738676830640692,0.7717183110007209,0.6115002707730749,1.0,1.0,1.0,0.6870101863296582,0.6846075742564794,0.43548944305767356,0.8974063685419956,0.8969792788487173,0.7526454569778374,0.24242424242424243,0.32464897329762193,1.1437155251024655,21.87350034713745
3,0.5,1.0,0.5,0.0,0,1000,10,4,0.14480793835221503,0.28795235915395484,0.6929563838521433,0.6898720542072204,0.5246923598876031,0.897406368541996,0.8969792788487176,0.7526454569778374,0.72551256578246,0.723277705919416,0.5822310937194181,1.0,1.0,1.0,0,0.0,inf,21.043717622756958
3,0.5,1.0,0.5,0.0,1,32,10,4,0.1517465800222463,0.2921815598322604,0.7287590223795261,0.7260410139356835,0.5701277266444172,0.9116055475593928,0.9112424542131328,0.8049349549879696,0.6220660112037187,0.6189970266780642,0.39956690449340426,0.7889606460971247,0.7882379262538328,0.5957957470317893,0,0.0,inf,0.8474605083465576
3,0.5,1.0,0.5,0.0,2,37,10,4,0.15098071001825794,0.29509258637679914,0.7133803260621888,0.7105078463520358,0.5541236520371543,0.9116055475593928,0.9112424542131328,0.8049349549879696,0.6248185655242192,0.6217715089791196,0.39287457601032333,0.7889606460971244,0.7882379262538325,0.5957957470317893,0,0.0,inf,0.9309263229370117
3,0.5,1.0,0.5,0.0,3,72,10,5,0.17091870773042733,0.292680139891475,0.8361230371498963,0.834519097406962,0.7211040921779197,1.0,1.0,1.0,0.7471965038756653,0.7451947516983678,0.5236968505061245,0.897406368541996,0.8969792788487176,0.7526454569778374,0,0.0,inf,2.1284475326538086
3,0.5,1.0,0.5,0.0,4,18,10,4,0.1176021028321258,0.2433891851421071,0.6705192946646367,0.6672162060892854,0.4775304553805131,0.9116055475593928,0.9112424542131328,0.8049349549879696,0.6129918862677786,0.6098476915635838,0.3767447037017618,0.7889606460971244,0.7882379262538325,0.5957957470317893,0,0.0,inf,0.4797067642211914
3,0.5,1.0,0.5,0.0,5,35,10,4,0.13663296989186685,0.2790368010638466,0.7139145822269815,0.7110411966573087,0.5586565156009878,0.9037907607564276,0.9033926442098374,0.7752391372397232,0.6070373272293296,0.6038383464834999,0.39007549277044434,0.7792775881454947,0.7785155100165544,0.5705119925521072,0,0.0,inf,0.9898197650909424
3,0.5,1.0,0.5,0.0,6,111,10,3,0.11503040613964505,0.2858912263131199,0.6206464551562686,0.6167547411982711,0.43276036477685803,0.792676458447326,0.7920479364188314,0.6178455857756018,0.5021057844786968,0.4979594723268327,0.28368332642676564,0.6398829605162113,0.6389611927460442,0.42965422834092154,0,0.0,inf,3.4092864990234375
3,0.5,1.0,0.5,0.0,7,42,10,3,0.11857290175687653,0.28906025213662795,0.6346093171116377,0.6308619411927936,0.43942672350731027,0.7916267295012033,0.7909944647108239,0.6144266258107057,0.6396363063514219,0.6366362558702432,0.48182393720762273,0.8919096298303802,0.8916326823937588,0.8472089812237649,0,0.0,inf,0.9032838344573975
3,0.5,1.0,0.5,0.0,8,1000,10,3,0.08832829297545443,0.21375307068907562,0.4978608007853156,0.49252731916525455,0.2824843837598762,0.7595386266093844,0.7587891678710779,0.523012647821584,0.3640731702470175,0.35857522052184443,0.14907094253849318,0.5976802337166612,0.5966178608565919,0.3387811841838666,0,0.0,inf,21.24663543701172
3,0.5,1.0,0.5,0.0,9,1000,10,4,0.14108880298633375,0.2844195509189745,0.6906584684783705,0.687559200825676,0.527808996909712,0.9083491277292126,0.907971490705844,0.7934094346634827,0.5844018032757484,0.5810275945589064,0.3648723407082715,0.7849276230002519,0.7841885630133323,0.586029113950917,0,0.0,inf,21.692437171936035
3,0.5,1.0,0.5,0.25,0,47,10,3,0.09388351721737748,0.27180228766781783,0.5651435028803875,0.5607841496953617,0.39416433132900786,0.7849276230002521,0.7842712471813089,0.5998687124749003,0.5799081743051868,0.5764947330570647,0.43163519020726476,0.884983406868874,0.884686800044098,0.830441303607371,0.24242424242424243,0.42147410568463195,1.3819344776664542,1.1087088584899902
3,0.5,1.0,0.5,0.25,1,33,10,5,0.13451288207027562,0.24036744544110095,0.751056490741945,0.7486150297868521,0.5714876947999674,1.0,1.0,1.0,0.64838364720608,0.6455930446711015,0.4006681999979163,0.8974063685419956,0.8969792788487173,0.7526454569778374,0.18888888888888888,0.36206419185142585,1.3579109364417037,0.9177467823028564
3,0.5,1.0,0.5,0.25,2,52,10,5,0.10672854518432436,0.2001657332401871,0.6750041577632232,0.6717999409976423,0.4675074494701316,1.0,1.0,1.0,0.5688515520263099,0.5654102353855452,0.3168072041339892,0.8974063685419956,0.8969792788487173,0.7526454569778374,0.18888888888888888,0.3646503646503646,1.352593308113206,1.2237462997436523
3,0.5,1.0,0.5,0.25,3,40,10,4,0.1380117964014183,0.29017415751824227,0.7238518362480273,0.7211329070477037,0.5380033749747971,0.9083491277292126,0.907971490705844,0.7934094346634827,0.618511928085735,0.615471417366013,0.37323618687457605,0.7849276230002518,0.7841885630133321,0.586029113950917,0.24242424242424243,0.42147410568463195,1.1742719473920786,0.7420394420623779
3,0.5,1.0,0.5,0.25,4,30,10,3,0.09932018255445316,0.2688117963506362,0.6258662846654823,0.6221253903363934,0.44013863128447606,0.8019282820082536,0.8013325861275414,0.6406540834881669,0.5106696366887777,0.5067047025503112,0.2917553714739049,0.6516133272375468,0.6507295243611372,0.4508122830368131,0.24242424242424243,0.42147410568463195,1.3850329301383821,0.4883236885070801
3,0.5,1.0,0.5,0.25,5,35,10,3,0.09147386114130523,0.2692461937936981,0.5552440547849362,0.5507006651983058,0.32554721842328915,0.7303232410180941,0.7294623299636516,0.45744797462502,0.5308276257744163,0.5269370219888553,0.3176029299099046,0.8281626276133816,0.8276964442337125,0.6590455003918929,0.19170984455958548,0.3010283780265556,1.3487008901401607,0.6230885982513428
3,0.5,1.0,0.5,0.25,6,1000,10,4,0.11249257296466275,0.23443871501811142,0.6448999013447388,0.6413598499372398,0.4464793960148996,0.9059896953135614,0.9056014712345598,0.78488266182146,0.5316494468036853,0.5278666260179453,0.2973258397143664,0.7820038042783822,0.7812528432163193,0.5787657424083629,0.23404255319148937,0.3967967679099632,1.3982390093995165,21.053422689437866
3,0.5,1.0,0.5,0.25,7,39,10,4,0.13230171282654385,0.28339281832372404,0.7018414726189185,0.6988974492004779,0.508601149349695,0.897406368541996,0.8969792788487176,0.7526454569778374,0.7163743279316339,0.7141068480565939,0.5465259821210117,1.0,1.0,1.0,0.24242424242424243,0.4113909585409334,1.1731308841359227,0.9701271057128906
3,0.5,1.0,0.5,0.25,8,114,10,4,0.12860199263581784,0.281342131762322,0.7009318015129349,0.6979863335470528,0.5118439536928437,0.9116055475593928,0.9112424542131328,0.8049349549879696,0.5936683052932747,0.5904287636452354,0.35179240379876664,0.7889606460971244,0.7882379262538325,0.5957957470317893,0.23741007194244604,0.40163575288447495,1.1860626464535864,2.780860424041748
3,0.5,1.0,0.5,0.25,9,112,10,4,0.13089532392976297,0.28328194113723637,0.6853207090039337,0.6822208265793226,0.5123995754173513,0.9116055475593928,0.9112424542131328,0.8049349549879696,0.5809068857861893,0.5775648345987204,0.3528458794943699,0.7889606460971244,0.7882379262538325,0.5957957470317893,0.23741007194244604,0.40163575288447495,1.1862776584203905,2.317613363265991
3,0.5,1.0,0.5,0.5,0,30,10,4,0.12820051043795236,0.2888796058062501,0.7244069592137902,0.7217302848665693,0.5288367241702601,0.9083491277292126,0.907971490705844,0.7934094346634827,0.6204840961500051,0.617502898911385,0.3660235570154635,0.7849276230002518,0.7841885630133321,0.586029113950917,0.29508196721311475,0.4645880652488127,0.5561035038922358,0.5559871196746826
3,0.5,1.0,0.5,0.5,1,38,10,4,0.12885087080208968,0.2894788161266349,0.7239348329908137,0.7212531482261815,0.5316626448940074,0.9116055475593928,0.9112424542131328,0.8049349549879696,0.6199563951406142,0.6169705441586,0.3683128068809155,0.7889606460971244,0.7882379262538325,0.5957957470317893,0.2926829268292683,0.46259412505461184,0.5582459705958104,0.9101302623748779
3,0.5,1.0,0.5,0.5,2,83,10,3,0.08833471129939915,0.27647292498283316,0.5960089679581638,0.5920436685964982,0.40077128461586364,0.8021489417124285,0.8015540214626932,0.6413806962628472,0.48040975965141175,0.47628195947978325,0.2608514902327395,0.6518928236684518,0.6510099162702462,0.4514820116115285,0.308411214953271,0.47139763027137216,0.6662489584656598,2.2612619400024414
3,0.5,1.0,0.5,0.5,3,33,10,5,0.14956232073242687,0.2915625415527088,0.8169703086734658,0.8152185892366612,0.6575412678573603,1.0,1.0,1.0,0.722010422701123,0.7198608281507075,0.46957049680517265,0.897406368541996,0.8969792788487176,0.7526454569778374,0.2073170731707317,0.3867503867503867,0.6167756980798399,0.9544553756713867
3,0.5,1.0,0.5,0.5,4,48,10,3,0.08315989199790232,0.25306198385925405,0.5592974932738713,0.5548905443745189,0.33540803512578954,0.7548712966501103,0.7541043224033087,0.5123044922655382,0.4383425649336626,0.43379014634490415,0.2028244684586535,0.5917125005777004,0.5906296552873526,0.3282155413169091,0.22289156626506024,0.33068191974260436,0.6540338721892149,1.1203243732452393
3,0.5,1.0,0.5,0.5,5,45,10,4,0.12259069640485334,0.2750835804393865,0.6896888249931866,0.6866712850927312,0.502972020407436,0.9116055475593928,0.9112424542131328,0.8049349549879696,0.5828063244910422,0.5795248878432203,0.3449642275842002,0.7889606460971244,0.7882379262538325,0.5957957470317893,0.2926829268292683,0.46259412505461184,0.5724353913798125,1.206491470336914
3,0.5,1.0,0.5,0.5,6,37,10,3,0.09192339761765797,0.2769686049096551,0.6344438613379939,0.6308556397258115,0.43824456339724455,0.8021489417124285,0.8015540214626932,0.6413806962628472,0.5220035360781905,0.5182059737945806,0.2915363493005555,0.6518928236684518,0.6510099162702462,0.4514820116115285,0.3113207547169811,0.46940018268547645,0.6645706593085043,0.7851309776306152
3,0.5,1.0,0.5,0.5,7,62,10,3,0.08811939987254123,0.27621992012908,0.6190717183927023,0.6153233290329794,0.42683626449207784,0.7889606460971246,0.7883188157233194,0.6085417084158432,0.5103041782414899,0.5064033045931968,0.2834882612095099,0.6351652836494971,0.6342280982950598,0.42094768363328244,0.2682926829268293,0.42957563134600363,0.6783838202502701,1.3269102573394775
3,0.5,1.0,0.5,0.5,8,34,10,3,0.09205865096779449,0.2798044707984419,0.6537871875069265,0.6503893009755958,0.47181527528304285,0.8021489417124285,0.8015540214626932,0.6413806962628472,0.5429555569614222,0.5393249886830157,0.3190492117744786,0.651892823668452,0.6510099162702464,0.4514820116115285,0.30327868852459017,0.4754439618616843,0.6592044194180796,0.5857746601104736
3,0.5,1.0,0.5,0.5,9,50,10,3,0.0886429815649714,0.28464984269817695,0.5729758526254979,0.5687774034943043,0.37001827677836624,0.7921997857472497,0.7915695648752535,0.6162892627615703,0.4552771410076884,0.45094183993358367,0.23541325231479956,0.6392779718964172,0.6383542378752756,0.4282009089578253,0.2764227642276423,0.4406770873836742,0.6682883084506479,1.3238320350646973
3,0.5,1.0,0.5,0.75,0,28,10,4,0.10712704286560114,0.27619805780040396,0.6851233060264743,0.6820975818372478,0.4914504539814774,0.9137594533047027,0.9134059329538328,0.8127690521941776,0.5973308074569261,0.5942035003031904,0.3426655898727762,0.7916267295012032,0.7909147573609078,0.602400964174539,0.3157894736842105,0.48533381866715203,0.5104261382996684,0.8175480365753174
3,0.5,1.0,0.5,0.75,1,57,10,5,0.14285669906318554,0.29283567707574804,0.814927094845289,0.8131690409517668,0.6399620798385667,1.0,1.0,1.0,0.7274579863913408,0.7253672082810475,0.45776110238046086,0.897406368541996,0.8969792788487176,0.7526454569778374,0.22972972972972974,0.41170202460525035,0.5273990465753352,1.7307608127593994
3,0.5,1.0,0.5,0.75,2,1000,10,3,0.08073450112106212,0.2810988898917186,0.6029335294266627,0.5990993404937963,0.41543766533701587,0.8021489417124285,0.8015540214626932,0.6413806962628472,0.5184160817712896,0.5146563340863104,0.2902626711724719,0.6518928236684518,0.6510099162702462,0.4514820116115285,0.3333333333333333,0.5300403976735524,0.5305834142084932,21.322306156158447
3,0.5,1.0,0.5,0.75,3,112,10,5,0.14255488323973797,0.2933936604594461,0.8213877973580801,0.8196911152963665,0.6431522219551423,1.0,1.0,1.0,0.7274579863913408,0.7253672082810475,0.45776110238046086,0.8974063685419956,0.8969792788487173,0.7526454569778374,0.22972972972972974,0.41170202460525035,0.5273990465753352,2.715869188308716
3,0.5,1.0,0.5,0.75,4,30,10,5,0.1411255657357261,0.2907105768577478,0.8138477175069382,0.8120794103376558,0.63696942271016,1.0,1.0,1.0,0.7205709284403853,0.7184273169712365,0.452868593873838,0.8974063685419956,0.8969792788487173,0.7526454569778374,0.22972972972972974,0.41170202460525035,0.5273990465753352,0.5361273288726807
3,0.5,1.0,0.5,0.75,5,27,10,5,0.14255663797833684,0.292745897443757,0.814927094845289,0.8131690409517668,0.6399620798385667,1.0,1.0,1.0,0.7274579863913408,0.7253672082810475,0.45776110238046086,0.8974063685419956,0.8969792788487173,0.7526454569778374,0.22972972972972974,0.41170202460525035,0.5273990465753353,0.5620760917663574
3,0.5,1.0,0.5,0.75,6,51,10,3,0.08310375458021314,0.28089914582251996,0.6192129316841507,0.615535363016747,0.4380390497043828,0.8019282820082536,0.8013325861275414,0.6406540834881669,0.5329788982931936,0.5293322264663901,0.30544090683973324,0.6516133272375468,0.6507295243611372,0.4508122830368131,0.336734693877551,0.5225398260083606,0.5355874525092367,1.043414831161499
3,0.5,1.0,0.5,0.75,7,32,10,5,0.14233426019397133,0.292701924214523,0.8146562708830294,0.8128956443648384,0.639202522191763,1.0,1.0,1.0,0.7271655790418373,0.7250725577585464,0.45715559390191846,0.897406368541996,0.8969792788487176,0.7526454569778374,0.22972972972972974,0.41170202460525035,0.5273990465753351,0.6076300144195557
3,0.5,1.0,0.5,0.75,8,50,10,4,0.10486538987105552,0.2690687368838078,0.7160844685214564,0.7133541794010346,0.5368748455906193,0.9116055475593928,0.9112424542131328,0.8049349549879696,0.630544029340835,0.62767232473903,0.37841830163441437,0.7889606460971244,0.7882379262538325,0.5957957470317893,0.32,0.48533381866715203,0.5117681259009224,0.9357995986938477
3,0.5,1.0,0.5,0.75,9,50,10,5,0.14274541638042587,0.2930264732921788,0.8211169733958206,0.8194177187094382,0.6423926643083386,1.0,1.0,1.0,0.7271655790418373,0.7250725577585464,0.45715559390191846,0.8974063685419956,0.8969792788487173,0.7526454569778374,0.22972972972972974,0.41170202460525035,0.5273990465753351,0.9947514533996582
3,0.5,1.0,0.5,1.0,0,42,10,3,0.07184534476009652,0.2785453997377643,0.5844477704099076,0.5804947086720751,0.3995616141952895,0.7926764584473263,0.7920479364188315,0.6178455857756018,0.49477786286668346,0.4908960881325907,0.27978389662909553,0.6398829605162116,0.6389611927460445,0.42965422834092154,0.3142857142857143,0.555,0.5912196242669056,1.1369178295135498
3,0.5,1.0,0.5,1.0,1,112,10,3,0.0569926480507261,0.24675628647907397,0.5592824098293362,0.5550743995019858,0.34990747168632025,0.7916267295012034,0.790994464710824,0.6144266258107057,0.463232773803075,0.45909228052061796,0.2308037046482109,0.6385505741240013,0.637624474122608,0.42645992265876403,0.3364485981308411,0.5572653061224491,0.7025485576867694,2.385530948638916
3,0.5,1.0,0.5,1.0,2,1000,10,5,0.13580137592302366,0.28136154101848426,0.7653076770670337,0.763088124669888,0.5927144131381754,1.0,1.0,1.0,0.6790316025607591,0.6765808690497525,0.42256918139207794,0.8974063685419956,0.8969792788487173,0.7526454569778374,0.4722222222222222,0.5859518054640006,0.46562130596023404,24.047680854797363
3,0.5,1.0,0.5,1.0,3,30,10,5,0.13469377737714852,0.28087445995657323,0.7637344203914432,0.7614999892561181,0.5881114521437357,1.0,1.0,1.0,0.6773334952600815,0.67486979596023,0.41891020901434284,0.897406368541996,0.8969792788487176,0.7526454569778374,0.4722222222222222,0.5859518054640006,0.46562130596023393,0.8460147380828857
3,0.5,1.0,0.5,1.0,4,65,10,4,0.10961490019297103,0.28705709757090137,0.6832712005873876,0.6802728826044236,0.4958039988375178,0.9083491277292126,0.907971490705844,0.7934094346634827,0.6123244559144853,0.6093613027237691,0.3593234320615698,0.7849276230002518,0.7841885630133321,0.586029113950917,0.48484848484848486,0.5859518054640006,0.4643333688228726,1.9370582103729248
3,0.5,1.0,0.5,1.0,5,37,10,3,0.057453182791221157,0.24723120042394345,0.567545915562247,0.5634168059146965,0.37192645652912637,0.7916267295012034,0.790994464710824,0.6144266258107057,0.47327210135515274,0.4692090490308263,0.24927004219887633,0.6385505741240013,0.637624474122608,0.42645992265876403,0.3364485981308411,0.5572653061224491,0.7025485576867696,1.0542514324188232
3,0.5,1.0,0.5,1.0,6,37,10,4,0.0953377855941461,0.2667775889482387,0.6249649974870828,0.6213918345873747,0.42745417198652297,0.9000920107272863,0.8996771460213145,0.7622414951112423,0.5302810889644448,0.5266660941137239,0.2900650356902376,0.7746891130677099,0.7739081836339227,0.5593213086866492,0.2975206611570248,0.5311487603305786,0.587670012421279,1.0669381618499756
3,0.5,1.0,0.5,1.0,7,84,10,4,0.09343643325474124,0.26508337546764293,0.6334856241657242,0.629993350040807,0.43123505747290525,0.9037907607564276,0.9033926442098374,0.7752391372397232,0.5436812155063063,0.5401690338293764,0.2968487143923776,0.7792775881454951,0.7785155100165547,0.5705119925521072,0.2975206611570248,0.533900826446281,0.584700682753383,2.563995361328125
3,0.5,1.0,0.5,1.0,8,111,10,4,0.10176636803523638,0.2597420564459863,0.6546457772391238,0.6513743856247762,0.4687451763058812,0.897406368541996,0.8969792788487176,0.7526454569778374,0.6441081734328568,0.6413860955746202,0.39962638398472294,1.0,1.0,1.0,0.4444444444444444,0.5859518054640006,0.4694897421623346,3.4937775135040283
3,0.5,1.0,0.5,1.0,9,74,10,4,0.09622790216326199,0.2756291180435762,0.6372798781814767,0.6338307505783721,0.43071068001649954,0.9000920107272863,0.8996771460213145,0.7622414951112423,0.5468859278549733,0.5434059722934262,0.29537395310989784,0.7746891130677099,0.7739081836339227,0.5593213086866492,0.33962264150943394,0.559188679245283,0.5791974461005294,2.204662322998047
3,0.5,1.0,0.75,0.0,0,27,10,3,0.08828565574685743,0.27022535367503636,0.5500979052706112,0.5455204861534564,0.3149796772263612,0.7595386266093844,0.7587891678710779,0.523012647821584,0.4263022292551202,0.42156557143168366,0.18314100844684522,0.5976802337166612,0.5966178608565919,0.3387811841838666,0,0.0,inf,0.725806713104248
3,0.5,1.0,0.75,0.0,1,113,10,4,0.09925264044412599,0.2369142056676958,0.6196617156850297,0.6159229516557272,0.42891193417352547,0.9083491277292126,0.907971490705844,0.7934094346634827,0.5059126012344063,0.5019814643585362,0.28406592190855273,0.7849276230002518,0.7841885630133321,0.586029113950917,0,0.0,inf,3.570176601409912
3,0.5,1.0,0.75,0.0,2,30,10,4,0.13426060947523571,0.2762804714732799,0.7006995212149013,0.6977517034966376,0.5276213989443103,0.9116055475593928,0.9112424542131328,0.8049349549879696,0.5934130452134062,0.5901713885881738,0.3647152662769128,0.7889606460971244,0.7882379262538325,0.5957957470317893,0,0.0,inf,0.7952792644500732
3,0.5,1.0,0.75,0.0,3,30,10,4,0.10287901060204908,0.2250554873726681,0.6316156262605163,0.6279317861741452,0.41200523950709295,0.9083491277292126,0.907971490705844,0.7934094346634827,0.5168867256426796,0.5129716711624631,0.2683996700886152,0.7849276230002519,0.7841885630133323,0.586029113950917,0,0.0,inf,0.8260490894317627
3,0.5,1.0,0.75,0.0,4,53,10,4,0.13748672726023556,0.293789257390756,0.729739914368294,0.7270778340041512,0.5478115704908595,0.9116055475593928,0.9112424542131328,0.8049349549879696,0.6248411348646139,0.6218497140430711,0.38126838113501715,0.7889606460971244,0.7882379262538325,0.5957957470317893,0,0.0,inf,1.5946271419525146
3,0.5,1.0,0.75,0.0,5,44,10,4,0.13447047525878558,0.2933415530766401,0.7176529370785948,0.714872593022923,0.5385781069559624,0.9083491277292126,0.907971490705844,0.7934094346634827,0.6133487280441255,0.6102666172113687,0.3737666292249545,0.7849276230002518,0.7841885630133321,0.586029113950917,0,0.0,inf,1.3192543983459473
3,0.5,1.0,0.75,0.0,6,84,10,5,0.15461044242818955,0.28706978267375344,0.8105850352245556,0.8087534121964656,0.681922594247873,1.0,1.0,1.0,0.7203023979926035,0.7181158090613488,0.4910734275207364,0.8974063685419956,0.8969792788487173,0.7526454569778374,0,0.0,inf,2.5904653072357178
3,0.5,1.0,0.75,0.0,7,34,10,5,0.15372411579497408,0.28534115790155984,0.8090770187222539,0.8072307542593459,0.6656315248938913,1.0,1.0,1.0,0.712541324256008,0.7102939846442489,0.47654669477079165,0.897406368541996,0.8969792788487176,0.7526454569778374,0,0.0,inf,0.9733405113220215
3,0.5,1.0,0.75,0.0,8,32,10,5,0.1258110468180748,0.23177758914251145,0.7229457923958462,0.720230492899683,0.547438546441068,1.0,1.0,1.0,0.6180366473693383,0.6150074183154279,0.3810663803984279,0.897406368541996,0.8969792788487176,0.7526454569778374,0,0.0,inf,0.9131388664245605
3,0.5,1.0,0.75,0.0,9,35,10,5,0.15525634094847168,0.2866942110247604,0.811555321377139,0.8097330226101855,0.68443688494787,1.0,1.0,1.0,0.7213484011056437,0.7191699148433852,0.49310291543568413,0.8974063685419956,0.8969792788487173,0.7526454569778374,0,0.0,inf,0.9630157947540283
3,0.5,1.0,0.75,0.25,0,52,10,4,0.10601755801681151,0.2632893925753805,0.6546935654914807,0.6513252820730755,0.4884051516127723,0.9037907607564276,0.9033926442098374,0.7752391372397232,0.5517927191323951,0.5482555537401325,0.33392981007011063,0.7792775881454951,0.7785155100165547,0.5705119925521072,0.24242424242424243,0.3696003696003696,1.237684128049944,1.4351861476898193
3,0.5,1.0,0.75,0.25,1,32,10,4,0.1263220583067789,0.2930675160137215,0.6996317721086611,0.696705368797094,0.5016487268519302,0.897406368541996,0.8969792788487176,0.7526454569778374,0.7191150879515835,0.7169012712219086,0.5275071931629801,1.0,1.0,1.0,0.24242424242424243,0.3696003696003696,1.1587115087063884,0.9154188632965088
3,0.5,1.0,0.75,0.25,2,59,10,4,0.12576539077947374,0.28848695372662403,0.7148834837309618,0.712114313425031,0.5120429583789857,0.9083491277292126,0.907971490705844,0.7934094346634827,0.6101847408945155,0.6071226395116006,0.35238508409902475,0.7849276230002519,0.7841885630133323,0.586029113950917,0.24242424242424243,0.3696003696003696,1.1510292540317764,1.8230769634246826
3,0.5,1.0,0.75,0.25,3,32,10,4,0.1272769820547908,0.28970909679617923,0.7069233017808975,0.7040732868616439,0.5241185716328123,0.9059896953135614,0.9056014712345598,0.78488266182146,0.6049573571844409,0.6018500699615679,0.36250728960576145,0.7820038042783822,0.7812528432163193,0.5787657424083629,0.23404255319148937,0.3696003696003696,1.1758593715708938,0.8642969131469727
3,0.5,1.0,0.75,0.25,4,37,10,3,0.0881676791554282,0.2844143117608884,0.594722519351497,0.5907380483818128,0.39550715174378837,0.7926764584473263,0.7920479364188315,0.6178455857756018,0.4809008633720585,0.4767696818181483,0.25648153036850424,0.6398829605162116,0.6389611927460445,0.42965422834092154,0.2391304347826087,0.3696003696003696,1.3738905047110899,1.0962729454040527
3,0.5,1.0,0.75,0.25,5,42,10,4,0.1265977311116002,0.2869546313830268,0.7161962302239079,0.7134383098213883,0.5282782218427798,0.9116055475593928,0.9112424542131328,0.8049349549879696,0.6115479466181452,0.6084947799771336,0.36555917037491725,0.7889606460971244,0.7882379262538325,0.5957957470317893,0.23741007194244604,0.3696003696003696,1.1742822223566622,1.2238116264343262
3,0.5,1.0,0.75,0.25,6,27,10,3,0.08688377643458352,0.2791301146382456,0.5905624815286994,0.5865312594224525,0.389551065031853,0.789789857030486,0.789150994948784,0.6112350182388241,0.47595826264295654,0.47178122619870744,0.2512941688073924,0.636218386690312,0.6352846396218612,0.42347263580084515,0.24242424242424243,0.3696003696003696,1.4473812590424633,0.7007131576538086
3,0.5,1.0,0.75,0.25,7,55,10,4,0.12326505001965861,0.28790316581096004,0.7051613324721423,0.7022966223169166,0.5138661917531024,0.9083491277292126,0.907971490705844,0.7934094346634827,0.6029884746832598,0.5998685518839214,0.35416627563937453,0.7849276230002519,0.7841885630133323,0.586029113950917,0.2391304347826087,0.3696003696003696,1.1731259096699358,1.1050446033477783
3,0.5,1.0,0.75,0.25,8,55,10,4,0.1065167355723744,0.26754631458123546,0.651952493609918,0.648563972854699,0.47288342401270206,0.9000920107272863,0.8996771460213145,0.7622414951112423,0.5503429218237526,0.5468016114681264,0.32178392422615276,0.7746891130677099,0.7739081836339227,0.5593213086866492,0.24242424242424243,0.3696003696003696,1.250376133163242,1.3610258102416992
3,0.5,1.0,0.75,0.25,9,45,10,4,0.12392673796799247,0.27349338748573965,0.6983835768090468,0.6954537130455616,0.5128912838746464,0.9083491277292126,0.907971490705844,0.7934094346634827,0.5923240420818491,0.5891211237458699,0.35306579402366356,0.7849276230002518,0.7841885630133321,0.586029113950917,0.24242424242424243,0.3696003696003696,1.148714989756812,1.3149237632751465
3,0.5,1.0,0.75,0.5,0,31,10,4,0.11656942065373163,0.28444321271629974,0.705764711283084,0.7029341815332916,0.4985366446917547,0.9059896953135614,0.9056014712345598,0.78488266182146,0.6012937087784677,0.5981934754532251,0.34179141339250624,0.7820038042783822,0.7812528432163193,0.5787657424083629,0.296,0.5012599235917305,0.4092030042682009,0.7964437007904053
3,0.5,1.0,0.75,0.5,1,45,10,5,0.13824345147965367,0.286758886417863,0.7955365427453628,0.7935932441995525,0.6268962705591359,1.0,1.0,1.0,0.7060796639018175,0.7038235828560149,0.44682051138074325,0.8974063685419956,0.8969792788487173,0.7526454569778374,0.2926829268292683,0.5185041156264177,0.40155917638369243,1.3199787139892578
3,0.5,1.0,0.75,0.5,2,33,10,3,0.07773707425187323,0.26510641978330646,0.5814905414203105,0.5773639298458014,0.3540302371282609,0.7548712966501103,0.7541043224033086,0.5123044922655382,0.46404893173791073,0.4597696808461084,0.2205093331852333,0.5917125005777004,0.5906296552873526,0.3282155413169091,0.22289156626506024,0.35620078171631014,0.481240444199292,0.9215035438537598
3,0.5,1.0,0.75,0.5,3,64,10,4,0.11582397849376685,0.2777621851501067,0.6912541891359905,0.6882859133398078,0.4952340312985123,0.9083491277292126,0.907971490705844,0.7934094346634827,0.5856797095250967,0.5824602135185059,0.3391694401692763,0.7849276230002518,0.7841885630133321,0.586029113950917,0.30327868852459017,0.510499737851486,0.4061701496005183,1.9634473323822021
3,0.5,1.0,0.75,0.5,4,111,10,4,0.11943781253508816,0.2884359018365926,0.7189242706067672,0.7162219901295703,0.5173429969962835,0.9116055475593928,0.9112424542131328,0.8049349549879696,0.6155809563784016,0.6125937807662524,0.35699458519115895,0.7889606460971247,0.7882379262538328,0.5957957470317893,0.2926829268292683,0.4967024476392836,0.41059664370506044,3.1479296684265137
3,0.5,1.0,0.75,0.5,5,68,10,3,0.08197741981806214,0.2839158051275348,0.6402594871877799,0.6367667625328916,0.4665468989410211,0.7889606460971244,0.7883188157233192,0.6085417084158432,0.6511655057465617,0.6484262028241162,0.4715494908593434,0.8891543252970434,0.8888695855552406,0.8404468849639695,0.2868217054263566,0.4795603597998807,0.49784237383420493,1.37974214553833
3,0.5,1.0,0.75,0.5,6,36,10,3,0.07555975171988748,0.27456721985585536,0.5828532693880647,0.5788066912303902,0.3774312108228668,0.7889606460971246,0.7883188157233194,0.6085417084158432,0.467503010596951,0.46332534908738987,0.2430693942698574,0.6351652836494971,0.6342280982950598,0.42094768363328244,0.2682926829268293,0.4616934355587889,0.5095388731329581,0.9756438732147217
3,0.5,1.0,0.75,0.5,7,114,10,3,0.07134847621742664,0.24761229434530208,0.5189111301499766,0.514169247219812,0.3067862215203564,0.7481612335885639,0.7473688711868739,0.49755280006294755,0.4244715150186448,0.4198781109814119,0.19591346267657875,0.5831226115288771,0.5820100450521393,0.3135555033859615,0.22424242424242424,0.35734981649604014,0.4785595565701851,3.2453818321228027
3,0.5,1.0,0.75,0.5,8,30,10,4,0.11812103778061733,0.287027513098445,0.7049573274020907,0.7021110268194051,0.5003397309178664,0.897406368541996,0.8969792788487176,0.7526454569778374,0.7104510401015457,0.7081927905225869,0.49836574362199615,1.0,1.0,1.0,0.27906976744186046,0.4686279614683676,0.4247169663929551,0.8524436950683594
3,0.5,1.0,0.75,0.5,9,93,10,3,0.08034075536568286,0.26272760763858144,0.5699236451374929,0.5657522430657858,0.398493662730066,0.789789857030486,0.789150994948784,0.6112350182388241,0.46692121113651924,0.4627396339008616,0.2636032798809041,0.636218386690312,0.6352846396218612,0.42347263580084515,0.3394495412844037,0.48912076836426155,0.4930829026427169,2.89634370803833
3,0.5,1.0,0.75,0.75,0,54,10,4,0.11401362485174958,0.29040044214085253,0.710676657216451,0.7079164964822366,0.5319559282943332,0.897406368541996,0.8969792788487176,0.7526454569778374,0.6992863754207261,0.6969688127680945,0.4570280561723534,1.0,1.0,1.0,0.3673469387755102,0.5416303072247465,0.19531351389878476,1.4563167095184326
3,0.5,1.0,0.75,0.75,1,118,10,4,0.08448405312754569,0.24199950926773792,0.6253969005555672,0.6218245745579901,0.4339472317101231,0.9083491277292126,0.907971490705844,0.7934094346634827,0.5366021412909889,0.5330322717566677,0.29944294668879057,0.7849276230002519,0.7841885630133323,0.586029113950917,0.37373737373737376,0.5457066163240022,0.19612222287210507,2.5205769538879395
3,0.5,1.0,0.75,0.75,2,64,10,4,0.09047880471695637,0.2619748136963719,0.6877036273898457,0.6847289415801203,0.47745477480733683,0.9137594533047027,0.9134059329538328,0.8127690521941776,0.5828098429918132,0.5795999647963852,0.3254004588037119,0.7916267295012033,0.7909147573609079,0.602400964174539,0.32432432432432434,0.546000546000546,0.2816997017395588,1.467524528503418
3,0.5,1.0,0.75,0.75,3,22,10,5,0.13292301096011255,0.28752280631091404,0.795178102511752,0.7932429053159883,0.6081725168665431,1.0,1.0,1.0,0.7234520387479014,0.7213426400103374,0.44356326353358294,0.897406368541996,0.8969792788487176,0.7526454569778374,0.32432432432432434,0.5501684890997868,0.2297421822238851,0.37117552757263184
3,0.5,1.0,0.75,0.75,4,40,10,3,0.0728819050538555,0.27568277220264115,0.5910400466742269,0.5871265522073851,0.3964619621736325,0.792676458447326,0.7920479364188314,0.6178455857756018,0.47789659989308025,0.4738596070151047,0.26004282434154535,0.6398829605162115,0.6389611927460443,0.42965422834092154,0.3523809523809524,0.5511365329043405,0.27594534269897975,1.1025240421295166
3,0.5,1.0,0.75,0.75,5,62,10,3,0.07022443895309571,0.27359733594999863,0.583252421647236,0.5792640399561979,0.3927854633365374,0.7849276230002521,0.7842712471813089,0.5998687124749003,0.5846235222466615,0.5814114490270444,0.38012996467605403,0.884983406868874,0.884686800044098,0.830441303607371,0.37755102040816324,0.5538922155688623,0.22746648685824628,1.8173563480377197
3,0.5,1.0,0.75,0.75,6,41,10,4,0.10795534698930463,0.27910959781503747,0.7021825049305008,0.6993403443194399,0.5068186344972901,0.9116055475593928,0.9112424542131328,0.8049349549879696,0.598245480664716,0.5951480781055076,0.3487965916131934,0.7889606460971247,0.7882379262538328,0.5957957470317893,0.34579439252336447,0.5484081342265963,0.2458974291850477,0.811331033706665
3,0.5,1.0,0.75,0.75,7,44,10,4,0.10511013175810106,0.2705749949786942,0.6838480445720294,0.6808329851706785,0.47270672973899514,0.9116055475593928,0.9112424542131328,0.8049349549879696,0.5785145377021422,0.5752673968770755,0.3214943077212201,0.7889606460971247,0.7882379262538328,0.5957957470317893,0.33962264150943394,0.5389221556886227,0.23488993850430417,1.1831421852111816
3,0.5,1.0,0.75,0.75,8,68,10,5,0.13292061338727443,0.28696359789809706,0.7975998536523984,0.7956864276741659,0.6123541454393602,1.0,1.0,1.0,0.7022159280226513,0.6999431420806307,0.43310181418392746,0.8974063685419956,0.8969792788487173,0.7526454569778374,0.32432432432432434,0.5501684890997868,0.2294628617149,1.5524532794952393
3,0.5,1.0,0.75,0.75,9,23,10,3,0.07398256487850109,0.27464449157693005,0.6247391754384556,0.6211528999843221,0.43837533581223426,0.8019282820082536,0.8013325861275414,0.6406540834881669,0.5276702570405448,0.5240232742068561,0.2982679751157961,0.6516133272375468,0.6507295243611372,0.4508122830368131,0.37,0.5651961383355737,0.2327624296085395,0.4654257297515869
3,0.5,1.0,0.75,1.0,0,50,10,4,0.10141749911218505,0.27511762464718426,0.6892976868321179,0.6863698410982539,0.49751407724130037,0.9083491277292126,0.907971490705844,0.7934094346634827,0.6228538736659294,0.6199851949964651,0.3644708305752364,0.7849276230002518,0.7841885630133321,0.586029113950917,0.6206896551724138,0.7521206896551724,0.12789002124328447,0.9985356330871582
3,0.5,1.0,0.75,1.0,1,38,10,5,0.12625480341248238,0.2758417644704503,0.7442201157024279,0.7418118061889891,0.5575619854377225,1.0,1.0,1.0,0.678557223048362,0.6761143853965556,0.40687231068181473,0.897406368541996,0.8969792788487176,0.7526454569778374,0.66,0.7749685169040007,0.1273135683893396,0.918107271194458
3,0.5,1.0,0.75,1.0,2,1000,10,4,0.0984900486417973,0.2724477591021738,0.6659497187700416,0.6628018577810996,0.46767287082039005,0.9083491277292126,0.907971490705844,0.7934094346634827,0.5995601540260539,0.5965142968255175,0.343736580128615,0.7849276230002519,0.7841885630133323,0.586029113950917,0.6206896551724138,0.7521206896551724,0.12789002124328447,25.120954751968384
3,0.5,1.0,0.75,1.0,3,34,10,5,0.1261174330791419,0.27573381244141115,0.74447489686906,0.7420680905406416,0.5590235945855704,1.0,1.0,1.0,0.6563866100741504,0.6537742481402813,0.3942935310493469,0.897406368541996,0.8969792788487176,0.7526454569778374,0.5892857142857143,0.7433035714285715,0.13326048729545253,1.030716896057129
3,0.5,1.0,0.75,1.0,4,112,10,5,0.12591107171419924,0.27431572773230534,0.7383819153332706,0.7359177188449829,0.5567605586940058,1.0,1.0,1.0,0.6503648082298104,0.6477066648264973,0.3937810322491026,0.897406368541996,0.8969792788487176,0.7526454569778374,0.5892857142857143,0.7433035714285715,0.13326048729545248,3.069532871246338
3,0.5,1.0,0.75,1.0,5,32,10,5,0.12357188502958966,0.27374474441664076,0.7383123874858385,0.7358475817035894,0.5466951714281569,1.0,1.0,1.0,0.649057754455511,0.6463897264483691,0.38564458339835805,0.897406368541996,0.8969792788487176,0.7526454569778374,0.5892857142857143,0.7492500000000001,0.13183146543439578,0.8621971607208252
3,0.5,1.0,0.75,1.0,6,45,10,4,0.08349885783224385,0.2520845033537281,0.6157049737586544,0.612064836779419,0.4187555001524419,0.9037907607564276,0.9033926442098374,0.7752391372397232,0.5260989089556324,0.5224742850202778,0.28721611115233003,0.7792775881454947,0.7785155100165544,0.5705119925521072,0.34285714285714286,0.5645142857142857,0.2153673578174496,1.0473322868347168
3,0.5,1.0,0.75,1.0,7,42,10,4,0.08759600759539325,0.2564761125049575,0.6218927479656757,0.6183228249266605,0.42057750864325044,0.9037907607564276,0.9033926442098374,0.7752391372397232,0.5405576025445457,0.5370557320441613,0.29682903169369623,0.7792775881454947,0.7785155100165544,0.5705119925521072,0.4444444444444444,0.629,0.17188264142308124,0.9588840007781982
3,0.5,1.0,0.75,1.0,8,94,10,4,0.10076562056231743,0.2738225452332976,0.7051090922957592,0.7023290468662217,0.5247687553528015,0.9059896953135614,0.9056014712345598,0.78488266182146,0.6130321609650455,0.6100874276310496,0.36701749235379894,0.7820038042783822,0.7812528432163193,0.5787657424083629,0.559322033898305,0.7224406779661018,0.1520802130884606,2.691685438156128
3,0.5,1.0,0.75,1.0,9,43,10,4,0.10546916371575749,0.28340741487309185,0.7122943226397446,0.7095832660595522,0.5234020170683376,0.9116055475593928,0.9112424542131328,0.8049349549879696,0.6495717045744999,0.6469063380297837,0.38792682284454916,0.7889606460971244,0.7882379262538325,0.5957957470317893,0.6206896551724138,0.7463793103448276,0.12799125987594345,1.096421480178833
3,0.5,1.0,1.0,0.0,0,1000,10,4,0.11835545132700558,0.2832711525808797,0.688856791807515,0.685842846111675,0.5021790854412964,0.9116055475593928,0.9112424542131328,0.8049349549879696,0.582319021545685,0.5790473117989443,0.34449731524807553,0.7889606460971244,0.7882379262538325,0.5957957470317893,0,0.0,inf,21.291379928588867
3,0.5,1.0,1.0,0.0,1,25,10,4,0.1199903559266152,0.29272689757970205,0.6925765386697275,0.6895941615927175,0.4954234710320977,0.897406368541996,0.8969792788487176,0.7526454569778374,0.7041526451147697,0.7018315306612442,0.5130642160742651,1.0,1.0,1.0,0,0.0,inf,0.5242104530334473
3,0.5,1.0,1.0,0.0,2,28,10,4,0.09183200577762546,0.24957031687386955,0.614177581832148,0.6104535974818351,0.42413409778135935,0.9000920107272863,0.8996771460213145,0.7622414951112423,0.5019894979908816,0.49810354009625807,0.2817550908449068,0.7746891130677099,0.7739081836339227,0.5593213086866492,0,0.0,inf,0.5716745853424072
3,0.5,1.0,1.0,0.0,3,25,10,4,0.1152191071334377,0.280230502960164,0.6870301806063396,0.6839991213445776,0.4967627093286212,0.9059896953135614,0.9056014712345598,0.78488266182146,0.5803654256854095,0.5770790904477336,0.34012357794562403,0.7820038042783822,0.7812528432163193,0.5787657424083629,0,0.0,inf,0.6887898445129395
3,0.5,1.0,1.0,0.0,4,41,10,4,0.12040302288223691,0.29290474645740544,0.6925765386697275,0.6895941615927175,0.4954234710320977,0.897406368541996,0.8969792788487176,0.7526454569778374,0.7041526451147697,0.7018315306612442,0.5130642160742651,1.0,1.0,1.0,0,0.0,inf,0.9280509948730469
3,0.5,1.0,1.0,0.0,5,1000,10,3,0.08668307396314417,0.28446621757191143,0.5983287687135823,0.5944031232269054,0.39918784388676765,0.7916267295012033,0.7909944647108239,0.6144266258107057,0.6081328700254867,0.6050340144864689,0.4285976740365159,0.8919096298303802,0.8916326823937588,0.8472089812237649,0,0.0,inf,21.25194263458252
3,0.5,1.0,1.0,0.0,6,36,10,5,0.12972474583468677,0.25879600501641775,0.7403963760563519,0.737911978366601,0.5785097719675256,1.0,1.0,1.0,0.6863018144503645,0.683876266700574,0.45827258494915935,0.897406368541996,0.8969792788487176,0.7526454569778374,0,0.0,inf,1.0657448768615723
3,0.5,1.0,1.0,0.0,7,42,10,5,0.12190896768603005,0.24882869428559612,0.7300137541856382,0.7274298587631467,0.5496512657232512,1.0,1.0,1.0,0.6280688189940328,0.6251928447413989,0.3831414562030244,0.897406368541996,0.8969792788487176,0.7526454569778374,0,0.0,inf,1.186790943145752
3,0.5,1.0,1.0,0.0,8,1000,10,4,0.09923750077379959,0.25493215975273537,0.6359092585414746,0.6323946179224054,0.45569093639060465,0.9037907607564276,0.9033926442098374,0.7752391372397232,0.5254671335037607,0.521763905115194,0.30720624360099413,0.7792775881454951,0.7785155100165547,0.5705119925521072,0,0.0,inf,21.382306814193726
3,0.5,1.0,1.0,0.0,9,30,10,4,0.11653776924098296,0.28264844807427153,0.6932475067177725,0.6902766611978018,0.5019407700453306,0.9059896953135614,0.9056014712345598,0.78488266182146,0.5870878430458137,0.5838541538921502,0.344318234940852,0.7820038042783822,0.7812528432163193,0.5787657424083629,0,0.0,inf,0.7832920551300049
3,0.5,1.0,1.0,0.25,0,53,10,5,0.12883818174763442,0.26611895579722133,0.7495750474634603,0.7471969627265315,0.5960183317937244,1.0,1.0,1.0,0.6592862504454978,0.65667338270549,0.42212270356614673,0.897406368541996,0.8969792788487176,0.7526454569778374,0.24242424242424243,0.32464897329762193,1.0973196335792212,1.4554510116577148
3,0.5,1.0,1.0,0.25,1,33,10,4,0.11019643238245481,0.28017938055274105,0.6915974073639283,0.6886417068665747,0.4828727695231782,0.9083491277292126,0.907971490705844,0.7934094346634827,0.5863816787981498,0.5831783822522739,0.3293980426008777,0.7849276230002519,0.7841885630133323,0.586029113950917,0.2391304347826087,0.32464897329762193,1.3671676932279733,0.7502913475036621
3,0.5,1.0,1.0,0.25,2,111,10,3,0.07764462056959537,0.2752356073588481,0.6226865080461285,0.6190482100884321,0.41642640874670867,0.7889606460971244,0.7883188157233192,0.6085417084158432,0.6211881828532596,0.6182352315250355,0.42169943156035533,0.8891543252970434,0.8888695855552406,0.8404468849639695,0.22758620689655173,0.32464897329762193,1.6303479445725906,3.1625828742980957
3,0.5,1.0,1.0,0.25,3,75,10,3,0.07726946570913802,0.29274642259392064,0.5033977366600747,0.49856944448974466,0.3054679695530234,0.7303232410180941,0.7294623299636516,0.45744797462502,0.5094260239099068,0.505567744298802,0.2975988781337051,0.8281626276133816,0.8276964442337125,0.6590455003918929,0.18652849740932642,0.32464897329762193,1.6209505550949,2.281770706176758
3,0.5,1.0,1.0,0.25,4,32,10,4,0.11354111767454468,0.28557789656453936,0.6877235090015577,0.6847265128215558,0.48369958653413103,0.897406368541996,0.8969792788487176,0.7526454569778374,0.6912027554883059,0.6888076811803278,0.47642779717125666,1.0,1.0,1.0,0.22758620689655173,0.32464897329762193,1.3701952135439026,0.8558516502380371
3,0.5,1.0,1.0,0.25,5,111,10,4,0.10720003272517305,0.27585587840456793,0.6699646251470862,0.6667995832778982,0.46711214614304647,0.9059896953135614,0.9056014712345598,0.78488266182146,0.5629391746346544,0.5595520132431014,0.3166688643159954,0.7820038042783822,0.7812528432163193,0.5787657424083629,0.23404255319148937,0.32464897329762193,1.3658899127078028,3.532752513885498
3,0.5,1.0,1.0,0.25,6,69,10,3,0.08000662821659763,0.28187051885453135,0.5795509574369665,0.5754980576365956,0.37587278728230833,0.7916267295012033,0.7909944647108239,0.6144266258107057,0.5865593006222688,0.5833375462840187,0.3926721155159852,0.8919096298303802,0.8916326823937588,0.8472089812237649,0.22758620689655173,0.32464897329762193,1.626404305462683,2.063633441925049
3,0.5,1.0,1.0,0.25,7,27,10,5,0.131598881670138,0.2782427841647864,0.7713516684044558,0.7691791395858103,0.6171682568443306,1.0,1.0,1.0,0.6923706281173715,0.690010037485115,0.44488291615533865,0.8974063685419956,0.8969792788487173,0.7526454569778374,0.24242424242424243,0.32464897329762193,1.1020255886952903,0.7109644412994385
3,0.5,1.0,1.0,0.25,8,22,10,4,0.11202111345129162,0.28086663972886117,0.6923972342907195,0.689449136145226,0.4877552392723014,0.9083491277292126,0.907971490705844,0.7934094346634827,0.5872435681979042,0.5840468734874209,0.33332244702239266,0.7849276230002519,0.7841885630133323,0.586029113950917,0.2391304347826087,0.32464897329762193,1.366521118256635,0.60888671875
3,0.5,1.0,1.0,0.25,9,58,10,4,0.10936105329265379,0.27822834208915004,0.6843024968038138,0.6812749552378247,0.4767603367709681,0.9059896953135614,0.9056014712345598,0.78488266182146,0.5784307879154503,0.5751636843999465,0.3244314763543798,0.7820038042783822,0.7812528432163193,0.5787657424083629,0.23404255319148937,0.32464897329762193,1.3658899127078028,1.7180273532867432
3,0.5,1.0,1.0,0.5,0,112,10,4,0.10569269707534575,0.27871691445153857,0.6893701898854255,0.6864145736254571,0.4786233268028008,0.9083491277292126,0.907971490705844,0.7934094346634827,0.5847186227173902,0.5815270966856187,0.3263811074551436,0.7849276230002519,0.7841885630133323,0.586029113950917,0.27049180327868855,0.5161411411411411,0.5173557605531698,3.3396825790405273
3,0.5,1.0,1.0,0.5,1,114,10,3,0.06837688258955538,0.268231002699521,0.5596304079465012,0.5554265167927344,0.36079517727502797,0.7849276230002521,0.7842712471813089,0.5998687124749003,0.5588607214957344,0.5554585407985552,0.35788290160331515,0.884983406868874,0.884686800044098,0.830441303607371,0.2558139534883721,0.4979854226085382,0.6355776428737253,2.888404607772827
3,0.5,1.0,1.0,0.5,2,112,10,5,0.1206670144199863,0.262528083171057,0.7461886525298985,0.7437892817661351,0.5744402435757816,1.0,1.0,1.0,0.6467270431553924,0.6440308333559879,0.40297298667130466,0.897406368541996,0.8969792788487176,0.7526454569778374,0.4024390243902439,0.5859518054640006,0.38957984555759706,2.464843273162842
3,0.5,1.0,1.0,0.5,3,32,10,5,0.11884785912796139,0.261794916116712,0.7421974613388876,0.7397603045119441,0.5468379567244724,1.0,1.0,1.0,0.6424169757826697,0.6396878044673114,0.3810348702986337,0.8974063685419956,0.8969792788487173,0.7526454569778374,0.4024390243902439,0.5859518054640006,0.3888357671470113,0.6468312740325928
3,0.5,1.0,1.0,0.5,4,61,10,5,0.12166722884574324,0.2623089415224439,0.7495115485610059,0.747142396546438,0.5770856821573811,1.0,1.0,1.0,0.6502638808641037,0.6475932294861745,0.40507797123112504,0.897406368541996,0.8969792788487176,0.7526454569778374,0.4024390243902439,0.5859518054640006,0.39950739891425835,1.3573415279388428
3,0.5,1.0,1.0,0.5,5,36,10,3,0.07080315411636942,0.2711611367136178,0.5756207359669369,0.5715743181540635,0.36317633195201227,0.792676458447326,0.7920479364188314,0.6178455857756018,0.46165207578432793,0.45750549681705155,0.23383181667389283,0.6398829605162113,0.6389611927460442,0.42965422834092154,0.27049180327868855,0.5131475409836066,0.6335169449828871,0.7055494785308838
3,0.5,1.0,1.0,0.5,6,36,10,4,0.08986571005719804,0.2586428344075006,0.6624775881631413,0.65927996548899,0.49310447346021047,0.9137594533047027,0.9134059329538328,0.8127690521941776,0.5703423067505572,0.5670555627728443,0.34235051326637683,0.7916267295012032,0.7909147573609078,0.602400964174539,0.4444444444444444,0.5859518054640006,0.47108188417402097,0.7706136703491211
3,0.5,1.0,1.0,0.5,7,27,10,4,0.10122676470647368,0.275440984742931,0.663981894156639,0.660783192689945,0.4506515436288736,0.9059896953135614,0.9056014712345598,0.78488266182146,0.5572513811726755,0.553847033569808,0.30396781830110875,0.7820038042783822,0.7812528432163193,0.5787657424083629,0.264,0.5082005082005082,0.5212017294391487,0.5177462100982666
3,0.5,1.0,1.0,0.5,8,37,10,5,0.12281369211977344,0.2651190784191354,0.7326840751531056,0.730159171248743,0.5644248434856529,1.0,1.0,1.0,0.6449100670802166,0.6422024318381555,0.39832662409852065,0.897406368541996,0.8969792788487176,0.7526454569778374,0.48484848484848486,0.5859518054640006,0.37634684314760425,0.7767550945281982
3,0.5,1.0,1.0,0.5,9,40,10,5,0.1265469029493579,0.2778942424182097,0.7651851128292446,0.7629652715960733,0.5959586845696508,1.0,1.0,1.0,0.6876128648973252,0.6852286409530393,0.42958377740355935,0.8974063685419956,0.8969792788487173,0.7526454569778374,0.4024390243902439,0.5859518054640006,0.3888357671470114,1.188760757446289
3,0.5,1.0,1.0,0.75,0,73,10,4,0.08054226159535448,0.24865376497660577,0.6130840510929646,0.6094362461800015,0.4224162928388314,0.9083491277292126,0.907971490705844,0.7934094346634827,0.5201299918919661,0.5164780698508108,0.28822246540567725,0.7849276230002518,0.7841885630133321,0.586029113950917,0.5373134328358209,0.695820895522388,0.13124376293813184,2.223142147064209
3,0.5,1.0,1.0,0.75,1,55,10,4,0.09624739884407017,0.27197298810234954,0.6624637482377259,0.6592675064590993,0.44385123639732926,0.9083491277292126,0.907971490705844,0.7934094346634827,0.5561703009706038,0.552776795446426,0.2989734855039194,0.7849276230002519,0.7841885630133323,0.586029113950917,0.3113207547169811,0.5529056603773586,0.2306550448516767,1.352257251739502
3,0.5,1.0,1.0,0.75,2,43,10,4,0.09913012174612723,0.27496303715623005,0.6732637140906236,0.6701728356638674,0.4699369622367972,0.9059896953135614,0.9056014712345598,0.78488266182146,0.5799175130321534,0.5767090106582596,0.32331924985139704,0.7820038042783822,0.7812528432163193,0.5787657424083629,0.33,0.5661,0.20970810144045327,0.7546854019165039
3,0.5,1.0,1.0,0.75,3,1000,10,5,0.12293145165786808,0.2776474735375293,0.7606210280301092,0.7583650827817107,0.5803515923533016,1.0,1.0,1.0,0.6842200979490491,0.681817954462678,0.4188464903795996,0.8974063685419956,0.8969792788487173,0.7526454569778374,0.44594594594594594,0.63,0.1340065674084886,22.587850332260132
3,0.5,1.0,1.0,0.75,4,61,10,3,0.06715202557990112,0.27466580900069826,0.6221186282851678,0.6185441224053837,0.42135175762500127,0.7889606460971244,0.7883188157233192,0.6085417084158432,0.6130115911530678,0.6100560347306866,0.3692473990209058,0.8891543252970434,0.8888695855552406,0.8404468849639695,0.3402061855670103,0.5733092783505155,0.2190035149661106,1.3331422805786133
3,0.5,1.0,1.0,0.75,5,1000,10,5,0.12267382893217711,0.277356815606457,0.7606210280301092,0.7583650827817107,0.5803515923533016,1.0,1.0,1.0,0.6842200979490491,0.681817954462678,0.4188464903795996,0.8974063685419956,0.8969792788487173,0.7526454569778374,0.44594594594594594,0.63,0.13400656740848865,21.94960594177246
3,0.5,1.0,1.0,0.75,6,79,10,3,0.0655623221058691,0.2802712384175146,0.5460194436519655,0.5417097081861425,0.3419856873135655,0.7548712966501103,0.7541043224033087,0.5123044922655382,0.45869864120823367,0.454548708634547,0.234037566468457,0.5917125005777004,0.5906296552873526,0.3282155413169091,0.3076923076923077,0.5407692307692308,0.2598736844706551,2.427952289581299
3,0.5,1.0,1.0,0.75,7,51,10,4,0.10014277949820584,0.28092649287988286,0.6528723449554461,0.649585511887918,0.4464496733324372,0.897406368541996,0.8969792788487176,0.7526454569778374,0.6712045928663497,0.6686908270404907,0.4247061122811324,1.0,1.0,1.0,0.3113207547169811,0.5497641509433963,0.2382063567260036,1.434354543685913
3,0.5,1.0,1.0,0.75,8,72,10,4,0.09673992298445529,0.2732232337181226,0.6625872267823171,0.6593921542626394,0.44417093649274436,0.9083491277292126,0.907971490705844,0.7934094346634827,0.5563035923035591,0.5529111059200014,0.29922811103131064,0.7849276230002518,0.7841885630133321,0.586029113950917,0.3113207547169811,0.5529056603773586,0.2306550448516767,1.7072484493255615
3,0.5,1.0,1.0,0.75,9,47,10,4,0.09915202294932407,0.2793156799012422,0.6533330830261386,0.6500486628944492,0.4432598730215244,0.897406368541996,0.8969792788487176,0.7526454569778374,0.6697380907896773,0.667211508877897,0.42502910110913994,1.0,1.0,1.0,0.30275229357798167,0.5468532110091744,0.24333321004082326,1.0225179195404053
3,0.5,1.0,1.0,1.0,0,34,10,4,0.08357747912340104,0.26126790857925514,0.6160953786999932,0.6124874542953056,0.4343352845995927,0.9037907607564276,0.9033926442098374,0.7752391372397232,0.541858022896433,0.5383832398302708,0.3100389029125797,0.7792775881454951,0.7785155100165547,0.5705119925521072,0.8918918918918919,0.9348971613122555,0.0020195694303613925,0.6104459762573242
3,0.5,1.0,1.0,1.0,1,41,10,5,0.11680071451747921,0.2662697334103637,0.7103209002129166,0.7075986173638985,0.5252069578389954,1.0,1.0,1.0,0.6388502312515969,0.6361112074803917,0.38061679503139617,0.897406368541996,0.8969792788487176,0.7526454569778374,0.9166666666666666,0.9435,0.0026369552925842453,0.8345310688018799
3,0.5,1.0,1.0,1.0,2,120,10,4,0.09693773156852745,0.27447851613825175,0.6919832284396806,0.6890883311819647,0.5056314853063559,0.897406368541996,0.8969792788487176,0.7526454569778374,0.6249102393370093,0.6220651945757012,0.36968250094055743,1.0,1.0,1.0,0.972972972972973,0.983945945945946,7.53943977568612e-05,2.714637041091919
3,0.5,1.0,1.0,1.0,3,113,10,5,0.11019064419270157,0.2512320530138255,0.6892344844213255,0.6863140157168862,0.5026735031236185,1.0,1.0,1.0,0.6010684515749037,0.5980428570526725,0.35105789173760277,0.897406368541996,0.8969792788487176,0.7526454569778374,0.8918918918918919,0.9297837837837838,0.0031624266976108656,3.0723166465759277
3,0.5,1.0,1.0,1.0,4,41,10,4,0.09693773156852742,0.27447851613825175,0.6919832284396806,0.6890883311819647,0.5056314853063559,0.897406368541996,0.8969792788487176,0.7526454569778374,0.6249102393370093,0.6220651945757012,0.36968250094055743,1.0,1.0,1.0,0.972972972972973,0.983945945945946,7.53943977568612e-05,0.9309227466583252
3,0.5,1.0,1.0,1.0,5,42,10,4,0.09492970187038566,0.26435259338044514,0.6560149740294647,0.6527822390659149,0.46935306906753016,0.9116055475593928,0.9112424542131328,0.8049349549879696,0.5814248624704107,0.5782502019844722,0.33677169861109874,0.7889606460971247,0.7882379262538328,0.5957957470317893,0.9166666666666666,0.9438009438009437,0.0014773681080189173,0.806438684463501
3,0.5,1.0,1.0,1.0,6,56,10,4,0.09968942308588072,0.2804887337346117,0.7038405535016834,0.7010570973763186,0.5208516199245106,0.897406368541996,0.8969792788487176,0.7526454569778374,0.6332780232162075,0.6304964478485912,0.377386150510997,1.0,1.0,1.0,0.972972972972973,0.983945945945946,7.53943977568612e-05,1.1474149227142334
3,0.5,1.0,1.0,1.0,7,46,10,5,0.1168950017877354,0.2664124479380923,0.710064401273936,0.7073396850492106,0.5251903908646072,1.0,1.0,1.0,0.6385729165782839,0.6358317650997812,0.38060334280396324,0.897406368541996,0.8969792788487176,0.7526454569778374,0.9166666666666666,0.9435,0.0023427943844476673,1.2012419700622559
3,0.5,1.0,1.0,1.0,8,40,10,4,0.07275628026895038,0.23357248385504362,0.6508060913552155,0.6475244038621346,0.4601736096647144,0.9116055475593928,0.9112424542131328,0.8049349549879696,0.5828018948563561,0.5796376783980522,0.33963323493496717,0.7889606460971244,0.7882379262538325,0.5957957470317893,0.8918918918918919,0.9297837837837838,0.002297000421182144,1.081747055053711
3,0.5,1.0,1.0,1.0,9,51,10,4,0.09655747237438952,0.2741576879307431,0.7015233299546304,0.6987180953914945,0.5162005940158156,0.9059896953135614,0.9056014712345598,0.78488266182146,0.631341878986927,0.6285456180224899,0.37506282762467397,0.7820038042783822,0.7812528432163193,0.5787657424083629,0.972972972972973,0.983945945945946,7.53943977568612e-05,1.3782334327697754
3,0.8,0.0,0.0,0.0,0,20,3,3,0.29582723972303326,0.2956706898560769,0.7904764725728854,0.7898414931742513,0.6114464079728974,0.7852802150932446,0.7846251091678986,0.6010060305727019,0.3853655540302216,0.3841240709865136,0.15803176243484104,0.37493597278931157,0.3736622250862697,0.14532804951821357,0.5670731707317073,0.6861898753790645,0.05587857397774584,0.07015657424926758
3,0.8,0.0,0.0,0.0,1,20,3,3,0.2987750648280686,0.2987518965320957,0.7894563009729061,0.7888176692314446,0.6090757458430014,0.789789857030486,0.789150994948784,0.6112350182388241,0.6686248613917531,0.66795475092094,0.5016119889373588,0.6668307613228104,0.6661552998165207,0.4990750972068573,0.5696969696969697,0.6884933714202007,0.05577466908327253,0.06218123435974121
3,0.8,0.0,0.0,0.0,2,26,2,2,0.30254059460160804,0.3025405946016079,0.5933918153386777,0.5926772493795246,0.3814880303054271,0.5976802337166613,0.5969738544387009,0.39109438552078163,0.35018950663915355,0.3493839445111943,0.189828214412545,0.3422002806825873,0.34138587962167677,0.174960691641255,0.5748502994011976,0.6946705741886464,0.039004223156157244,0.07847380638122559
3,0.8,0.0,0.0,0.0,3,14,4,4,0.30428482175404264,0.30446028467943204,0.9075030477238635,0.9071224809899361,0.7887321917624809,0.9116055475593928,0.9112424542131328,0.8049349549879696,0.8265696202747513,0.8261092144636513,0.6445372756707703,0.821834912015689,0.8213629372496289,0.6293450096268156,0.15,0.20951183741881416,0.3469629899063995,0.047466278076171875
3,0.8,0.0,0.0,0.0,4,15,3,3,0.3000960427427212,0.30006657630309463,0.7919954100813235,0.791365859225642,0.6149134768877957,0.792676458447326,0.7920479364188314,0.6178455857756018,0.6723511680709454,0.6716905000555259,0.5078006074885633,0.6710761095271226,0.6704114396498689,0.5060781026638148,0.5696969696969697,0.6884933714202007,0.0558470624302172,0.05491209030151367
3,0.8,0.0,0.0,0.0,5,23,3,3,0.3129016539548131,0.31276217198390466,0.7503978476511641,0.7496157526369165,0.4999303752085892,0.7595386266093844,0.7587891678710779,0.523012647821584,0.5987797319636469,0.5979324936729498,0.3494156212123094,0.60003105193931,0.5991924558208825,0.34859032320172656,0.15,0.20951183741881416,0.32644761045679765,0.07948064804077148
3,0.8,0.0,0.0,0.0,6,25,4,4,0.3042848217540426,0.304460284679432,0.9075030477238635,0.9071224809899361,0.7887321917624809,0.9116055475593928,0.9112424542131328,0.8049349549879696,0.8265696202747513,0.8261092144636513,0.6445372756707703,0.8218349120156891,0.821362937249629,0.6293450096268156,0.15,0.20951183741881416,0.3469629899063995,0.0767066478729248
3,0.8,0.0,0.0,0.0,7,25,3,3,0.2938321050902911,0.2936534650303343,0.7903227834399137,0.7896872559207784,0.6109458131619562,0.7849276230002521,0.7842712471813089,0.5998687124749003,0.38509166071712936,0.3838494109267403,0.15752150986229166,0.37430486447919226,0.373029329116335,0.14414618051325584,0.5748502994011976,0.6946705741886464,0.05448519582489578,0.0789957046508789
3,0.8,0.0,0.0,0.0,8,68,3,3,0.2987750648280684,0.29875189653209566,0.7894563009729061,0.7888176692314446,0.6090757458430014,0.789789857030486,0.789150994948784,0.6112350182388241,0.6686248613917531,0.66795475092094,0.5016119889373588,0.6668307613228103,0.6661552998165206,0.4990750972068573,0.5696969696969697,0.6884933714202007,0.05577466908327253,0.18880367279052734
3,0.8,0.0,0.0,0.0,9,16,3,3,0.29728791127725185,0.2973073712175688,0.7964599900015984,0.7958463173618422,0.6257449183498832,0.8019282820082536,0.8013325861275414,0.6406540834881669,0.3960108404152614,0.39479911886199737,0.17246448557582922,0.4045942902943182,0.40340372512137557,0.185435262866209,0.15,0.20951183741881416,0.3206791654325413,0.05422782897949219
3,0.8,0.0,0.0,0.25,0,28,3,3,0.31989001230886466,0.3198814607267488,0.7382712632211267,0.7374429749388643,0.4728567797325691,0.7375733655715295,0.7367405406672014,0.4724246305454723,1.0,1.0,1.0,1.0,1.0,1.0,0.6410256410256411,0.7807807807807807,0.039214732689545326,0.23435711860656738
3,0.8,0.0,0.0,0.25,1,33,4,4,0.3075619917035833,0.30737621540956644,0.902462641840836,0.9020594281071008,0.7700580044778049,0.897406368541996,0.8969792788487176,0.7526454569778374,0.8315072837959879,0.8310572568623775,0.6618054094433068,0.8357447021357429,0.8353020509100346,0.6777225590952062,0.572289156626506,0.6907634026278094,0.07674113302431128,0.18269896507263184
3,0.8,0.0,0.0,0.25,2,28,3,3,0.2987750648280684,0.29875189653209566,0.7894563009729061,0.7888176692314446,0.6090757458430014,0.789789857030486,0.789150994948784,0.6112350182388241,0.6686248613917531,0.66795475092094,0.5016119889373588,0.6668307613228104,0.6661552998165207,0.4990750972068573,0.5696969696969697,0.6884933714202007,0.05577466908327253,0.27074408531188965
3,0.8,0.0,0.0,0.25,3,32,2,2,0.30676087177327976,0.30676087177327976,0.5886439109427256,0.587918508065989,0.3721699660878811,0.5843445647456531,0.5836076786123202,0.3649394192885749,0.35909302384762254,0.35829465429702717,0.20757393653979087,0.3673307667621875,0.36653677469947066,0.2249150250260693,0.73125,0.8220937500000001,0.016289380704928684,0.8162984848022461
3,0.8,0.0,0.0,0.25,4,24,3,3,0.2897082987869886,0.2894555534699713,0.765681080376171,0.7649764396192177,0.6114316942407694,0.8021489417124285,0.8015540214626932,0.6413806962628472,0.40302233943490673,0.40182876742445794,0.18280601063142107,0.40498555723662083,0.40379607055457095,0.18615098045841807,0.27,0.35718537921181087,0.17430279273691293,0.2112736701965332
3,0.8,0.0,0.0,0.25,5,25,3,3,0.293832105090291,0.29365346503033424,0.7903227834399137,0.7896872559207784,0.6109458131619562,0.7849276230002521,0.7842712471813089,0.5998687124749003,0.38509166071712936,0.3838494109267403,0.15752150986229166,0.37430486447919226,0.373029329116335,0.14414618051325584,0.5748502994011976,0.6946705741886464,0.05448519582489578,0.5505938529968262
3,0.8,0.0,0.0,0.25,6,19,4,3,0.2803239610218772,0.2905191849756236,0.768597285353864,0.7675575919735486,0.61354076799622,0.8021489417124285,0.8015540214626932,0.6413806962628472,0.6415351419039859,0.6404771089902705,0.45585395207051277,0.6640652098143663,0.6633936463526338,0.47901294122685556,0,0.0,inf,0.23459529876708984
3,0.8,0.0,0.0,0.25,7,13,3,3,0.31989001230886505,0.31988146072674895,0.7382712632211267,0.7374429749388643,0.4728567797325691,0.7375733655715297,0.7367405406672015,0.4724246305454723,1.0,1.0,1.0,1.0,1.0,1.0,0.6410256410256411,0.7807807807807807,0.039214732689545326,0.10262823104858398
3,0.8,0.0,0.0,0.25,8,26,3,3,0.2938321050902911,0.2936534650303343,0.7903227834399137,0.7896872559207784,0.6109458131619562,0.7849276230002521,0.7842712471813089,0.5998687124749003,0.38509166071712936,0.3838494109267403,0.15752150986229166,0.37430486447919226,0.373029329116335,0.14414618051325584,0.5748502994011976,0.6946705741886464,0.05448519582489578,0.2817707061767578
3,0.8,0.0,0.0,0.25,9,25,3,3,0.29582723972303326,0.2956706898560772,0.7904764725728852,0.7898414931742512,0.6114464079728974,0.7852802150932446,0.7846251091678986,0.6010060305727019,0.38536555403022155,0.3841240709865136,0.15803176243484104,0.37493597278931157,0.3736622250862697,0.14532804951821357,0.5670731707317073,0.6861898753790645,0.05587857397774584,0.5467679500579834
3,0.8,0.0,0.0,0.5,0,42,2,2,0.30676087177327976,0.30676087177327976,0.5886439109427256,0.587918508065989,0.3721699660878811,0.5843445647456531,0.5836076786123202,0.3649394192885749,0.35909302384762254,0.35829465429702717,0.20757393653979087,0.3673307667621875,0.36653677469947066,0.2249150250260693,0.73125,0.8220937500000001,0.016289380704928677,1.0248210430145264
3,0.8,0.0,0.0,0.5,1,37,10,3,0.23117772828073385,0.2978478241254775,0.7285572942391653,0.7251566813855381,0.5971463490296884,0.8019282820082536,0.8013325861275414,0.6406540834881669,0.38994496280451857,0.38515377629049297,0.17524759770679402,0.4045942902943182,0.40340372512137557,0.185435262866209,0,0.0,inf,0.9536378383636475
3,0.8,0.0,0.0,0.5,2,16,3,3,0.29965609163136636,0.2994088774763783,0.7894055587341606,0.7887667457732628,0.6089106796367217,0.7889606460971244,0.7883188157233192,0.6085417084158432,0.6707786783405367,0.6701128855814311,0.5067592679602066,0.6827081189134144,0.6820642499665682,0.536681216439622,0.572289156626506,0.6907634026278094,0.05548571522935419,0.19455289840698242
3,0.8,0.0,0.0,0.5,3,115,10,3,0.21980895223652422,0.30411544546664354,0.6496618985152725,0.6451153186102954,0.4387437373673725,0.7595386266093844,0.7587891678710779,0.523012647821584,0.507088011816348,0.5030398228060959,0.26098003236931444,0.60003105193931,0.5991924558208825,0.34859032320172656,0,0.0,inf,3.424121618270874
3,0.8,0.0,0.0,0.5,4,28,3,3,0.3034411497477426,0.3031720513147306,0.7919171422000004,0.7912873128296978,0.6146580667163571,0.7916267295012033,0.7909944647108239,0.6144266258107057,0.6744585519968018,0.673802075766916,0.5128575145547655,0.6865809274896538,0.6859468433771049,0.542968341433499,0.572289156626506,0.6907634026278094,0.05556410867826107,0.4627835750579834
3,0.8,0.0,0.0,0.5,5,221,10,3,0.2128311975114914,0.2847314944145788,0.682884643719578,0.678911636226755,0.5608447130100488,0.8021489417124285,0.8015540214626932,0.6413806962628472,0.555436526975763,0.5519448264239237,0.3910572084321573,0.6640652098143663,0.6633936463526338,0.47901294122685556,0,0.0,inf,6.303603172302246
3,0.8,0.0,0.0,0.5,6,16,3,3,0.293832105090291,0.29365346503033424,0.7903227834399137,0.7896872559207784,0.6109458131619562,0.7849276230002521,0.7842712471813089,0.5998687124749003,0.38509166071712936,0.3838494109267403,0.15752150986229166,0.37430486447919226,0.373029329116335,0.14414618051325584,0.5748502994011976,0.6946705741886464,0.05448519582489578,0.16164469718933105
3,0.8,0.0,0.0,0.5,7,113,10,4,0.23541086384697882,0.29546501362095706,0.7925166426491913,0.7900752072383236,0.6878132234877281,0.9059896953135614,0.9056014712345598,0.78488266182146,0.5330934360452084,0.5296921566942251,0.28067596279478924,0.5839573365525113,0.5828476636274899,0.3153687444426345,0,0.0,inf,3.0091888904571533
3,0.8,0.0,0.0,0.5,8,45,10,3,0.21800217800660537,0.2877741083510785,0.6962718981884741,0.6924664043189741,0.5643316178794116,0.8021489417124285,0.8015540214626932,0.6413806962628472,0.3929703876316561,0.38820231003554745,0.175314875094614,0.40498555723662083,0.40379607055457095,0.18615098045841807,0,0.0,inf,1.1593108177185059
3,0.8,0.0,0.0,0.5,9,28,10,4,0.23627555450832488,0.2953100427833372,0.790001939598972,0.7875351134967776,0.6910440640833332,0.9083491277292126,0.907971490705844,0.7934094346634827,0.5264521663821643,0.5230097914650286,0.28020620684795206,0.587907742922325,0.5868117435177121,0.32235560277843,0,0.0,inf,0.7600767612457275
3,0.8,0.0,0.0,0.75,0,111,10,4,0.1964143878854246,0.24174616002468613,0.7097619002414388,0.7063846630273539,0.540713880214707,0.897406368541996,0.8969792788487176,0.7526454569778374,0.5687506564954365,0.5656257828709242,0.4113436688756016,0.8357447021357429,0.8353020509100345,0.6777225590952062,0,0.0,inf,2.6491644382476807
3,0.8,0.0,0.0,0.75,1,37,10,3,0.19419277554260508,0.30280013053832516,0.6913645282617836,0.68775763196224,0.5290988636146198,0.7916267295012033,0.7909944647108239,0.6144266258107057,0.5417205473228098,0.5383818463724285,0.364001000824967,0.6865809274896537,0.6859468433771048,0.542968341433499,0,0.0,inf,0.7577798366546631
3,0.8,0.0,0.0,0.75,2,27,10,4,0.19396313744034785,0.27460311924555747,0.7474542783768015,0.744648317773805,0.6243777076430563,0.9116055475593928,0.9112424542131328,0.8049349549879696,0.5124020025297769,0.5090604847290954,0.25436095674687975,0.5933517525706161,0.5922745061043153,0.3316882713421359,0,0.0,inf,0.5559360980987549
3,0.8,0.0,0.0,0.75,3,28,10,4,0.19712036314009543,0.27234068364002234,0.7279223312718344,0.7249138597503864,0.6166137798183684,0.9083491277292126,0.907971490705844,0.7934094346634827,0.5125521947187383,0.5092314473025942,0.26785845525233715,0.5879077429223251,0.5868117435177123,0.32235560277843,0,0.0,inf,0.6503398418426514
3,0.8,0.0,0.0,0.75,4,73,10,3,0.1951457096704061,0.2997776379090399,0.6999355756574698,0.6964212740067022,0.5326463447031994,0.789789857030486,0.789150994948784,0.6112350182388241,0.5610312008806311,0.5578245664052182,0.39789642967495786,0.6668307613228104,0.6661552998165207,0.4990750972068573,0,0.0,inf,1.9981977939605713
3,0.8,0.0,0.0,0.75,5,33,10,5,0.221416160008008,0.28426188664568286,0.846023589738228,0.8444037679123425,0.8010246087320371,1.0,1.0,1.0,0.6474074326250919,0.6451443760591501,0.38380157210829646,0.7375733655715295,0.7367405406672014,0.4724246305454723,0,0.0,inf,0.5260553359985352
3,0.8,0.0,0.0,0.75,6,28,10,3,0.19486008329336502,0.3165739418215169,0.6599291559020694,0.6558055265063132,0.4037898635333865,0.7303232410180941,0.7294623299636516,0.45744797462502,0.4798231814628382,0.4758538962726732,0.21978605163338755,0.5960555189006077,0.5951809391979389,0.35653127194845763,0,0.0,inf,0.5526018142700195
3,0.8,0.0,0.0,0.75,7,38,10,3,0.1784919365149301,0.2791478971686458,0.6177813274451688,0.6132349159240761,0.427561829817555,0.7548712966501103,0.7541043224033087,0.5123044922655382,0.47497567094905474,0.47106519032805433,0.22587352271817462,0.5929240519143224,0.5920661274059542,0.33570984919437624,0,0.0,inf,0.8185710906982422
3,0.8,0.0,0.0,0.75,8,17,3,3,0.3065040804310184,0.30651731116316927,0.7070239885629244,0.7060985235000188,0.46290569071071497,0.7250071641342934,0.7241254949570672,0.44647024161769056,0.5664105328038821,0.5654849608927951,0.33035810225920126,0.5880574779608787,0.5871603983222972,0.34186166083827674,0.6024096385542169,0.7621835033002545,0.04895095354479885,0.3373861312866211
3,0.8,0.0,0.0,0.75,9,20,10,3,0.18062417673979222,0.28314866991953636,0.6469916488939566,0.642916985026934,0.5239479024022102,0.8019282820082536,0.8013325861275414,0.6406540834881669,0.3733695832901917,0.36887432974910606,0.17346322956606813,0.4045942902943182,0.40340372512137557,0.185435262866209,0,0.0,inf,0.5030956268310547
3,0.8,0.0,0.0,1.0,0,41,10,4,0.17404662151632022,0.2659102956889818,0.6950578642404689,0.6918475413101511,0.594405485592958,0.9083491277292126,0.907971490705844,0.7934094346634827,0.4549109804580315,0.4514002165312536,0.240061337402818,0.5879077429223251,0.5868117435177123,0.32235560277843,0,0.0,inf,0.833853006362915
3,0.8,0.0,0.0,1.0,1,74,10,3,0.13832587233473334,0.2688759582233173,0.6310829984104409,0.6270211032678119,0.48867998357854703,0.792676458447326,0.7920479364188314,0.6178455857756018,0.4853046203650552,0.4818048510137837,0.36504513236102926,0.6710761095271226,0.6704114396498689,0.5060781026638148,0,0.0,inf,2.0278091430664062
3,0.8,0.0,0.0,1.0,2,23,10,4,0.1773828208923863,0.28884059199536666,0.7350000375414504,0.7321773523428242,0.5847232049799236,0.897406368541996,0.8969792788487176,0.7526454569778374,0.615406625475917,0.6128938230441305,0.4452020835176097,0.8357447021357429,0.8353020509100346,0.6777225590952062,0,0.0,inf,0.6275866031646729
3,0.8,0.0,0.0,1.0,3,48,10,3,0.15550911505886833,0.29062551525479413,0.6595200247177967,0.6557679411123213,0.49309242836320194,0.7889606460971244,0.7883188157233192,0.6085417084158432,0.5185327400983628,0.5152553701377917,0.37030743546891437,0.6827081189134145,0.6820642499665682,0.536681216439622,0,0.0,inf,1.207624912261963
3,0.8,0.0,0.0,1.0,4,20,10,5,0.17307227429856828,0.2494635997845678,0.7663523248975325,0.7639704853386919,0.6878832543579707,1.0,1.0,1.0,0.5757398302083541,0.5731102826964806,0.331263641393612,0.7375733655715295,0.7367405406672014,0.4724246305454723,0,0.0,inf,0.4810354709625244
3,0.8,0.0,0.0,1.0,5,34,10,4,0.17590202167772204,0.2844701051207822,0.7201315744820289,0.7171504272381997,0.5745719489958168,0.897406368541996,0.8969792788487176,0.7526454569778374,0.6051122156505954,0.6025320597446027,0.439691417115191,0.8357447021357429,0.8353020509100346,0.6777225590952062,0,0.0,inf,0.7433180809020996
3,0.8,0.0,0.0,1.0,6,18,10,3,0.14447889486023166,0.2831842082652599,0.6264543968085211,0.6223391004515622,0.45920296323021337,0.7849276230002521,0.7842712471813089,0.5998687124749003,0.33572289493051083,0.3312027116134992,0.1131210899297628,0.37430486447919226,0.373029329116335,0.14414618051325584,0,0.0,inf,0.3116018772125244
3,0.8,0.0,0.0,1.0,7,32,10,3,0.1535532816395877,0.28638862034460083,0.6640571807099328,0.6603548057521063,0.4935448199443228,0.7889606460971246,0.7883188157233194,0.6085417084158432,0.4778677071204985,0.47431318330441735,0.27056578222323424,0.6444080303082955,0.6436864403758702,0.44488729445134056,0,0.0,inf,0.6905293464660645
3,0.8,0.0,0.0,1.0,8,42,10,4,0.1554115072828188,0.25029976183107777,0.6640122018956807,0.6604750412147709,0.5450827009832773,0.9083491277292126,0.907971490705844,0.7934094346634827,0.49629154729262476,0.4930473038718637,0.26016257417345123,0.5879077429223251,0.5868117435177123,0.32235560277843,0,0.0,inf,0.9180688858032227
3,0.8,0.0,0.0,1.0,9,37,10,3,0.14696321781264196,0.27766665324374556,0.6403624294795307,0.6364033907544119,0.4700620763316162,0.7926764584473263,0.7920479364188315,0.6178455857756018,0.4983822149825622,0.49497209815224047,0.35208675175266,0.6710761095271227,0.670411439649869,0.5060781026638148,0,0.0,inf,1.1841681003570557
3,0.8,0.0,0.25,0.0,0,23,2,2,0.30254059460160804,0.3025405946016079,0.5933918153386777,0.5926772493795246,0.3814880303054271,0.5976802337166613,0.5969738544387009,0.39109438552078163,0.35018950663915355,0.3493839445111943,0.189828214412545,0.3422002806825873,0.34138587962167677,0.174960691641255,0.5748502994011976,0.6946705741886464,0.039004223156157244,0.2259054183959961
3,0.8,0.0,0.25,0.0,1,29,3,3,0.2938321050902911,0.2936534650303343,0.7903227834399137,0.7896872559207784,0.6109458131619562,0.7849276230002521,0.7842712471813089,0.5998687124749003,0.38509166071712936,0.3838494109267403,0.15752150986229166,0.37430486447919226,0.373029329116335,0.14414618051325584,0.5748502994011976,0.6946705741886464,0.05448519582489576,0.21478271484375
3,0.8,0.0,0.25,0.0,2,109,2,2,0.3068011020001426,0.30680110200014254,0.5878399019601795,0.5871126581313231,0.3706193494105449,0.5879077429223252,0.5871790535706989,0.3717161405198315,0.8313787680515661,0.83116854713833,0.8470017763599165,0.8321863395202956,0.8319764965397318,0.8493589643652412,0.6415094339622641,0.7813936385364957,0.022935882400406272,3.4256503582000732
3,0.8,0.0,0.25,0.0,3,23,3,3,0.29479873514155075,0.2948250570627073,0.7964875200702813,0.7958739447619763,0.6258352922217565,0.8021489417124285,0.8015540214626932,0.6413806962628472,0.3960597378169803,0.394848151817842,0.17255484581567282,0.40498555723662083,0.40379607055457095,0.18615098045841807,0.15,0.20951183741881416,0.32067316533057916,0.302990198135376
3,0.8,0.0,0.25,0.0,4,16,3,3,0.2972879112772519,0.29730737121756873,0.7964599900015984,0.7958463173618422,0.6257449183498832,0.8019282820082536,0.8013325861275414,0.6406540834881669,0.3960108404152614,0.39479911886199737,0.17246448557582922,0.4045942902943182,0.40340372512137557,0.185435262866209,0.15,0.20951183741881416,0.3206791654325414,0.1070394515991211
3,0.8,0.0,0.25,0.0,5,18,4,4,0.30330959509333777,0.30324649544915616,0.908286786541069,0.9079097241974984,0.7915753497024844,0.9083491277292126,0.907971490705844,0.7934094346634827,0.5886766846770783,0.5875857803902927,0.3219956443730734,0.5879077429223251,0.5868117435177123,0.32235560277843,0.15,0.20951183741881416,0.3419285831255362,0.16977858543395996
3,0.8,0.0,0.25,0.0,6,40,3,3,0.29505135991277176,0.2953021663146494,0.7893604470334368,0.7887214729506181,0.6087639900510177,0.7889606460971246,0.7883188157233194,0.6085417084158432,0.6571211120546576,0.6564276642829949,0.47392307168234943,0.6444080303082955,0.6436864403758702,0.44488729445134056,0.5748502994011976,0.6946705741886464,0.05951960260575902,0.22063922882080078
3,0.8,0.0,0.25,0.0,7,26,3,3,0.2785744355817691,0.2783501041122962,0.7913824111123083,0.7907506711775147,0.6134933585107952,0.7926764584473263,0.7920479364188315,0.6178455857756018,0.6714520321806986,0.6707890898887245,0.506299533188778,0.6710761095271227,0.670411439649869,0.5060781026638148,0.5696969696969697,0.6884933714202007,0.06042143981994845,0.5057382583618164
3,0.8,0.0,0.25,0.0,8,18,3,3,0.29505135991277176,0.29530216631464934,0.7893604470334368,0.7887214729506181,0.6087639900510177,0.7889606460971246,0.7883188157233194,0.6085417084158432,0.6571211120546576,0.6564276642829949,0.47392307168234943,0.6444080303082955,0.6436864403758702,0.44488729445134056,0.5748502994011976,0.6946705741886464,0.05951960260575903,0.16854047775268555
3,0.8,0.0,0.25,0.0,9,24,3,3,0.30811888854449265,0.3080530431682622,0.7461107003054039,0.7453123569877191,0.4903684174293556,0.7548712966501103,0.7541043224033086,0.5123044922655382,0.5922824528198539,0.5914174185654326,0.3375430775339029,0.5929240519143224,0.5920661274059542,0.33570984919437624,0.15,0.20951183741881416,0.3263417228480457,0.09884428977966309
3,0.8,0.0,0.25,0.25,0,19,3,3,0.3034411497477426,0.3031720513147306,0.7919171422000004,0.7912873128296978,0.6146580667163571,0.7916267295012033,0.7909944647108239,0.6144266258107057,0.6744585519968018,0.673802075766916,0.5128575145547655,0.6865809274896538,0.6859468433771049,0.542968341433499,0.572289156626506,0.6907634026278094,0.05556410867826107,0.46747374534606934
3,0.8,0.0,0.25,0.25,1,108,3,3,0.29965609163136636,0.2994088774763782,0.7894055587341606,0.7887667457732628,0.6089106796367217,0.7889606460971244,0.7883188157233192,0.6085417084158432,0.6707786783405367,0.6701128855814311,0.5067592679602066,0.6827081189134144,0.6820642499665682,0.536681216439622,0.572289156626506,0.6907634026278094,0.05548571522935419,1.7505991458892822
3,0.8,0.0,0.25,0.25,2,15,3,3,0.3034411497477426,0.3031720513147306,0.7919171422000004,0.7912873128296978,0.6146580667163571,0.7916267295012033,0.7909944647108239,0.6144266258107057,0.6744585519968018,0.673802075766916,0.5128575145547655,0.6865809274896538,0.6859468433771049,0.542968341433499,0.572289156626506,0.6907634026278094,0.05556410867826107,0.13360834121704102
3,0.8,0.0,0.25,0.25,3,25,4,4,0.3014739477837168,0.3013041683753724,0.8935377271244854,0.8931004679309203,0.7850522125650151,0.9083491277292126,0.907971490705844,0.7934094346634827,0.5909293899538083,0.5898458610414552,0.3262378533603068,0.5879077429223251,0.5868117435177123,0.32235560277843,0.2,0.273000273000273,0.2669248845621829,0.22579145431518555
3,0.8,0.0,0.25,0.25,4,15,3,3,0.2958169263669709,0.29549993660125556,0.7903747757157535,0.7897394336368198,0.6111150880111534,0.7849276230002521,0.7842712471813089,0.5998687124749003,0.672199343603704,0.6715371528473736,0.5091037432295656,0.6768387497441453,0.6761799567006874,0.527325252875187,0.572289156626506,0.6907634026278094,0.06046228273517221,0.1624469757080078
3,0.8,0.0,0.25,0.25,5,110,3,3,0.2958169263669709,0.29549993660125573,0.7903747757157535,0.7897394336368198,0.6111150880111534,0.7849276230002521,0.7842712471813089,0.5998687124749003,0.672199343603704,0.6715371528473736,0.5091037432295656,0.6768387497441453,0.6761799567006874,0.527325252875187,0.572289156626506,0.6907634026278094,0.06046228273517222,2.9271275997161865
3,0.8,0.0,0.25,0.25,6,20,10,3,0.22459220354334938,0.29162737631833785,0.7136707741750284,0.7100689467714605,0.5679462210501798,0.8021489417124285,0.8015540214626932,0.6413806962628472,0.3782214364942496,0.3733128875062654,0.15086951876642798,0.40498555723662083,0.40379607055457095,0.18615098045841807,0,0.0,inf,0.40223050117492676
3,0.8,0.0,0.25,0.25,7,35,3,3,0.2950513599127719,0.29530216631464934,0.7893604470334368,0.7887214729506181,0.6087639900510177,0.7889606460971246,0.7883188157233194,0.6085417084158432,0.6571211120546576,0.6564276642829949,0.47392307168234943,0.6444080303082954,0.6436864403758701,0.44488729445134056,0.5748502994011976,0.6946705741886464,0.05951960260575903,0.7838242053985596
3,0.8,0.0,0.25,0.25,8,23,3,3,0.2983703123107675,0.2986255727684463,0.7920532465028122,0.791423901436366,0.6151023239096007,0.7921997857472497,0.7915695648752535,0.6162892627615703,0.6611067358959262,0.6604234389621813,0.48062193929772196,0.6492493065110276,0.6485401515758275,0.45307203333420376,0.5670731707317073,0.6861898753790645,0.06098537410555377,0.4058365821838379
3,0.8,0.0,0.25,0.25,9,40,10,3,0.2170278306843059,0.2886350056550993,0.6951402403454942,0.6913049699884086,0.5547481336711725,0.8021489417124285,0.8015540214626932,0.6413806962628472,0.5567670368231841,0.5532675988412169,0.38210882970500853,0.6640652098143663,0.6633936463526338,0.47901294122685556,0,0.0,inf,0.7759609222412109
3,0.8,0.0,0.25,0.5,0,46,3,3,0.2987750648280684,0.2987518965320957,0.7894563009729061,0.7888176692314446,0.6090757458430014,0.789789857030486,0.789150994948784,0.6112350182388241,0.6686248613917531,0.66795475092094,0.5016119889373588,0.6668307613228104,0.6661552998165207,0.4990750972068573,0.5696969696969697,0.6884933714202007,0.05577466908327253,0.9185307025909424
3,0.8,0.0,0.25,0.5,1,114,4,4,0.3075619917035833,0.3073762154095664,0.902462641840836,0.9020594281071008,0.7700580044778049,0.897406368541996,0.8969792788487176,0.7526454569778374,0.8315072837959879,0.8310572568623775,0.6618054094433068,0.8357447021357429,0.8353020509100346,0.6777225590952062,0.572289156626506,0.6907634026278094,0.07674113302431128,2.937368392944336
3,0.8,0.0,0.25,0.5,2,28,3,3,0.293832105090291,0.2936534650303344,0.7903227834399137,0.7896872559207784,0.6109458131619562,0.7849276230002521,0.7842712471813089,0.5998687124749003,0.38509166071712936,0.3838494109267403,0.15752150986229166,0.37430486447919226,0.373029329116335,0.14414618051325584,0.5748502994011976,0.6946705741886464,0.05448519582489576,0.5740861892700195
3,0.8,0.0,0.25,0.5,3,37,3,3,0.2950513599127718,0.29530216631464934,0.7893604470334368,0.7887214729506181,0.6087639900510177,0.7889606460971246,0.7883188157233194,0.6085417084158432,0.6571211120546576,0.6564276642829949,0.47392307168234943,0.6444080303082954,0.6436864403758701,0.44488729445134056,0.5748502994011976,0.6946705741886464,0.05951960260575902,0.6609501838684082
3,0.8,0.0,0.25,0.5,4,19,3,3,0.29505135991277176,0.2953021663146493,0.7893604470334368,0.7887214729506181,0.6087639900510177,0.7889606460971246,0.7883188157233194,0.6085417084158432,0.6571211120546576,0.6564276642829949,0.47392307168234943,0.6444080303082955,0.6436864403758702,0.44488729445134056,0.5748502994011976,0.6946705741886464,0.05951960260575902,0.24289584159851074
3,0.8,0.0,0.25,0.5,5,18,3,3,0.31989001230886505,0.31988146072674917,0.7382712632211267,0.7374429749388643,0.4728567797325691,0.7375733655715297,0.7367405406672015,0.4724246305454723,1.0,1.0,1.0,1.0,1.0,1.0,0.6410256410256411,0.7807807807807807,0.039214732689545326,0.11569094657897949
3,0.8,0.0,0.25,0.5,6,51,3,3,0.29505135991277176,0.2953021663146493,0.7893604470334368,0.7887214729506181,0.6087639900510177,0.7889606460971246,0.7883188157233194,0.6085417084158432,0.6571211120546576,0.6564276642829949,0.47392307168234943,0.6444080303082954,0.6436864403758701,0.44488729445134056,0.5748502994011976,0.6946705741886464,0.05951960260575902,1.2925176620483398
3,0.8,0.0,0.25,0.5,7,37,10,4,0.18678063715537735,0.22588868247331262,0.6818456913494367,0.6781666830996,0.5298423426282608,0.9083491277292126,0.907971490705844,0.7934094346634827,0.39238726235722654,0.3880186006116084,0.16089228235504202,0.587907742922325,0.5868117435177121,0.32235560277843,0,0.0,inf,0.8318848609924316
3,0.8,0.0,0.25,0.5,8,25,2,2,0.29845323867529133,0.2984532386752915,0.5923035749787092,0.5915865303510878,0.37932760189374876,0.5936479709519707,0.5929324165216566,0.3829540138806239,0.3623620447897751,0.3615706970695275,0.21309892399116745,0.3614980604274912,0.3607042949307468,0.212808677534589,0.5696969696969697,0.6884933714202007,0.040177904811729476,0.34044623374938965
3,0.8,0.0,0.25,0.5,9,17,3,3,0.31989001230886466,0.3198814607267488,0.7382712632211267,0.7374429749388643,0.4728567797325691,0.7375733655715295,0.7367405406672014,0.4724246305454723,1.0,1.0,1.0,1.0,1.0,1.0,0.6410256410256411,0.7807807807807807,0.039214732689545326,0.1734781265258789
3,0.8,0.0,0.25,0.75,0,31,10,3,0.16704707446332182,0.29967501490251436,0.6739753294082916,0.6703556165905415,0.5057386470495997,0.7921997857472497,0.7915695648752535,0.6162892627615703,0.48850015530236474,0.4849873689055236,0.29079038605702734,0.6492493065110276,0.6485401515758275,0.45307203333420376,0,0.0,inf,0.5700457096099854
3,0.8,0.0,0.25,0.75,1,63,10,3,0.15192416391582403,0.2659543942133964,0.6205880741125482,0.6164289775875411,0.49958428770409147,0.8021489417124285,0.8015540214626932,0.6413806962628472,0.5093239736010258,0.5060067684037611,0.31836162612480157,0.6640652098143663,0.6633936463526338,0.47901294122685556,0,0.0,inf,1.1724650859832764
3,0.8,0.0,0.25,0.75,2,37,10,4,0.17293363996345545,0.26395694197169106,0.7362578097824986,0.7334390483807658,0.5958126825025136,0.9116055475593928,0.9112424542131328,0.8049349549879696,0.4517165853197038,0.44812061346226956,0.19977811149760577,0.5933517525706161,0.5922745061043153,0.3316882713421359,0,0.0,inf,0.7223901748657227
3,0.8,0.0,0.25,0.75,3,32,10,4,0.17032107312548544,0.23164415352363688,0.6775464533964669,0.6739590932482385,0.49990582108498405,0.9059896953135614,0.9056014712345598,0.78488266182146,0.5253948253488582,0.5221272240133089,0.3198638076779673,0.5839573365525113,0.5828476636274899,0.3153687444426345,0,0.0,inf,0.681361198425293
3,0.8,0.0,0.25,0.75,4,116,10,4,0.15935722117609746,0.20754795783804747,0.6784125739777198,0.674833936501182,0.5042684152964675,0.9116055475593928,0.9112424542131328,0.8049349549879696,0.3643294772053722,0.35995158188279025,0.12068069774395951,0.5933517525706161,0.5922745061043153,0.3316882713421359,0,0.0,inf,2.7947001457214355
3,0.8,0.0,0.25,0.75,5,32,10,3,0.1567796856279483,0.2671113414360674,0.6449799769146914,0.6410879318739673,0.5151518046753292,0.8021489417124285,0.8015540214626932,0.6413806962628472,0.3433869220060087,0.3389474362161603,0.13997701019000222,0.40498555723662083,0.40379607055457095,0.18615098045841807,0,0.0,inf,0.7916750907897949
3,0.8,0.0,0.25,0.75,6,110,10,4,0.1958482467286816,0.29591183835122864,0.7577807281177305,0.7552093427218468,0.6531162284647674,0.9059896953135614,0.9056014712345598,0.78488266182146,0.5060677882466451,0.5028548260573711,0.2572964603983372,0.5839573365525113,0.5828476636274899,0.3153687444426345,0,0.0,inf,3.432957172393799
3,0.8,0.0,0.25,0.75,7,34,10,4,0.1844709368148254,0.2870672445826354,0.7379928000695745,0.7352092904075064,0.6139399314544821,0.9116055475593928,0.9112424542131328,0.8049349549879696,0.647007624391945,0.6447093796177282,0.44196279402030064,0.821834912015689,0.8213629372496289,0.6293450096268156,0,0.0,inf,0.926398754119873
3,0.8,0.0,0.25,0.75,8,31,10,3,0.170369601908224,0.3031184438549473,0.6823178401840185,0.6787915628246037,0.5140101739175165,0.7916267295012033,0.7909944647108239,0.6144266258107057,0.5239764598073055,0.520708247026885,0.32578502945528254,0.6865809274896538,0.6859468433771049,0.542968341433499,0,0.0,inf,0.9103822708129883
3,0.8,0.0,0.25,0.75,9,22,4,3,0.2453356713209624,0.28414192194652443,0.7290857345320806,0.727938862796961,0.5890124977903937,0.7849276230002521,0.7842712471813089,0.5998687124749003,0.5674985463399016,0.5663081072804217,0.4245528858468914,0.6768387497441453,0.6761799567006874,0.527325252875187,0,0.0,inf,0.3260009288787842
3,0.8,0.0,0.25,1.0,0,1000,10,4,0.12541827748425433,0.2085293019777838,0.6245154876152887,0.6205306402853805,0.455332139623973,0.9000920107272863,0.8996771460213145,0.7622414951112423,0.30835798893741084,0.30385415147502204,0.10107896568385259,0.5740608484987777,0.5729166889125227,0.29646770121656035,0,0.0,inf,22.732475996017456
3,0.8,0.0,0.25,1.0,1,36,10,5,0.15316459340561064,0.20403052211046072,0.7248590975613145,0.7220140574072267,0.5716304255925346,1.0,1.0,1.0,0.45306161783020976,0.4496095886305379,0.19180656089358364,0.7375733655715296,0.7367405406672015,0.4724246305454723,0,0.0,inf,0.8185880184173584
3,0.8,0.0,0.25,1.0,2,76,10,4,0.15391985732980007,0.271622775779728,0.7127661328521238,0.7097853589680148,0.5608549963698667,0.9000920107272863,0.8996771460213145,0.7622414951112423,0.4224489112000477,0.41878769409545114,0.1794426239173194,0.5740608484987777,0.5729166889125227,0.29646770121656035,0,0.0,inf,2.226604461669922
3,0.8,0.0,0.25,1.0,3,28,10,5,0.1839709636643948,0.27595362269380397,0.7943560241679148,0.7922999761485647,0.7229261448075678,1.0,1.0,1.0,0.5908411510227594,0.5883608694000855,0.3336674744582765,0.7375733655715296,0.7367405406672015,0.4724246305454723,0,0.0,inf,0.6165304183959961
3,0.8,0.0,0.25,1.0,4,35,10,3,0.10775170109724223,0.24019519666046504,0.5104572431547085,0.5052375488666737,0.3457890418291043,0.7548712966501103,0.7541043224033086,0.5123044922655382,0.3669952925494794,0.36284953416567833,0.18542222806806205,0.5929240519143224,0.5920661274059542,0.33570984919437624,0,0.0,inf,0.7917392253875732
3,0.8,0.0,0.25,1.0,5,27,10,3,0.13130985302897002,0.28059533101954043,0.6307729005854409,0.626854460592599,0.459463508431375,0.792676458447326,0.7920479364188314,0.6178455857756018,0.4913574737029418,0.48804529029163546,0.3312676981763054,0.6710761095271226,0.6704114396498689,0.5060781026638148,0,0.0,inf,0.700237512588501
3,0.8,0.0,0.25,1.0,6,59,10,3,0.1005341314638767,0.2367599979906178,0.5433388136969505,0.5384830343161906,0.388354340232508,0.7916267295012034,0.790994464710824,0.6144266258107057,0.28024180397302423,0.27554371309506004,0.09801333217703068,0.3862745401080619,0.3850329004067273,0.15913988880652757,0,0.0,inf,1.8082482814788818
3,0.8,0.0,0.25,1.0,7,36,10,3,0.1356969128969327,0.2901870027613858,0.6304469021575889,0.6265214415294489,0.46781679460926073,0.789789857030486,0.789150994948784,0.6112350182388241,0.490804061565521,0.4874845964924796,0.3363779603435135,0.6668307613228104,0.6661552998165207,0.4990750972068573,0,0.0,inf,1.0629386901855469
3,0.8,0.0,0.25,1.0,8,111,10,3,0.13226128935423803,0.2831102473707159,0.6062565575542485,0.602076414363274,0.43997563171957416,0.7852802150932446,0.7846251091678986,0.6010060305727019,0.2973234951016817,0.2927457671171919,0.09934135386963387,0.37493597278931157,0.3736622250862697,0.14532804951821357,0,0.0,inf,3.4239492416381836
3,0.8,0.0,0.25,1.0,9,1000,10,3,0.13734020692685686,0.2946959455015141,0.5910525206189473,0.5866067359105649,0.38604014530578823,0.7303232410180941,0.7294623299636516,0.45744797462502,0.4181613100322327,0.4142586356365056,0.19175627386678293,0.5960555189006077,0.5951809391979389,0.35653127194845763,0,0.0,inf,21.510780572891235
3,0.8,0.0,0.5,0.0,0,33,10,3,0.22913308720785078,0.3202300310348186,0.6687181140229006,0.6643604146485698,0.4179736018092653,0.7375733655715297,0.7367405406672015,0.4724246305454723,0.8107399324921378,0.8091585664986034,0.8406971131248885,1.0,1.0,1.0,0,0.0,inf,0.7470638751983643
3,0.8,0.0,0.5,0.0,1,17,3,3,0.29582723972303326,0.295670689856077,0.7904764725728854,0.7898414931742513,0.6114464079728974,0.7852802150932446,0.7846251091678986,0.6010060305727019,0.3853655540302216,0.3841240709865136,0.15803176243484104,0.37493597278931157,0.3736622250862697,0.14532804951821357,0.5670731707317073,0.6861898753790645,0.05587857397774584,0.1366279125213623
3,0.8,0.0,0.5,0.0,2,13,3,3,0.292883248937611,0.2929359745230441,0.7734109624650422,0.7727245444311523,0.6030890833751529,0.7889606460971246,0.7883188157233194,0.6085417084158432,0.6325930327629647,0.6318513151020978,0.4617217393860569,0.6444080303082954,0.6436864403758701,0.44488729445134056,0.5748502994011976,0.6946705741886464,0.05364423080627914,0.17917132377624512
3,0.8,0.0,0.5,0.0,3,110,10,3,0.2294456600197694,0.3202283996600695,0.6687181140229006,0.6643604146485698,0.4179736018092653,0.7375733655715295,0.7367405406672014,0.4724246305454723,0.8107399324921376,0.8091585664986032,0.8406971131248885,1.0,1.0,1.0,0,0.0,inf,2.4841814041137695
3,0.8,0.0,0.5,0.0,4,15,4,4,0.3033095950933377,0.30324649544915616,0.908286786541069,0.9079097241974984,0.7915753497024844,0.9083491277292126,0.907971490705844,0.7934094346634827,0.5886766846770783,0.5875857803902927,0.3219956443730734,0.5879077429223251,0.5868117435177123,0.32235560277843,0.15,0.20951183741881416,0.3419285831255362,0.09634995460510254
3,0.8,0.0,0.5,0.0,5,19,4,4,0.3033095950933379,0.30324649544915616,0.908286786541069,0.9079097241974984,0.7915753497024844,0.9083491277292126,0.907971490705844,0.7934094346634827,0.5886766846770783,0.5875857803902927,0.3219956443730734,0.5879077429223251,0.5868117435177123,0.32235560277843,0.15,0.20951183741881416,0.3419285831255362,0.10482382774353027
3,0.8,0.0,0.5,0.0,6,119,10,3,0.22468753964204438,0.3121800382428969,0.6665808478278676,0.6621858421844252,0.4133839207727798,0.7250071641342934,0.7241254949570672,0.44647024161769056,0.49578286249449594,0.4915585750478884,0.24787047217477562,0.5880574779608787,0.5871603983222972,0.34186166083827674,0,0.0,inf,2.4275460243225098
3,0.8,0.0,0.5,0.0,7,33,3,3,0.29218812907527597,0.2924978798475079,0.7964944021672811,0.7958808511897366,0.6258578876687111,0.8021489417124285,0.8015540214626932,0.6413806962628472,0.6676671450542293,0.6670004454689283,0.49186169961844683,0.6640652098143663,0.6633936463526338,0.47901294122685556,0.15,0.20951183741881416,0.3306841396172604,0.4232912063598633
3,0.8,0.0,0.5,0.0,8,27,10,3,0.22138027955553372,0.29911855175165647,0.7080752832661538,0.704382809577852,0.5479352487003405,0.7921997857472497,0.7915695648752535,0.6162892627615703,0.5482467871542135,0.5446556193432097,0.3754433346616795,0.6492493065110276,0.6485401515758275,0.45307203333420376,0,0.0,inf,0.5512144565582275
3,0.8,0.0,0.5,0.0,9,30,3,3,0.2938321050902911,0.2936534650303343,0.7903227834399137,0.7896872559207784,0.6109458131619562,0.7849276230002521,0.7842712471813089,0.5998687124749003,0.38509166071712936,0.3838494109267403,0.15752150986229166,0.37430486447919226,0.373029329116335,0.14414618051325584,0.5748502994011976,0.6946705741886464,0.05448519582489579,0.44364500045776367
3,0.8,0.0,0.5,0.25,0,27,10,4,0.21956452591467876,0.3009233378336784,0.7942450148765504,0.7919734734147865,0.6763884323465432,0.9083491277292126,0.907971490705844,0.7934094346634827,0.5180275194910451,0.5147503921125954,0.25308698506036026,0.5879077429223251,0.5868117435177123,0.32235560277843,0,0.0,inf,0.4512817859649658
3,0.8,0.0,0.5,0.25,1,28,3,3,0.2795135602151513,0.27923837447429173,0.7914333662242105,0.7908018077543368,0.6136596154716961,0.7921997857472497,0.7915695648752535,0.6162892627615703,0.38707033424176446,0.38583363864365466,0.16028361585763734,0.3872963856355671,0.3860576089203469,0.1610374468129141,0.5670731707317073,0.6861898753790645,0.05554877720860375,0.44113755226135254
3,0.8,0.0,0.5,0.25,2,110,10,4,0.2193598740060718,0.30209256126126266,0.7949335142416187,0.7926681901181841,0.6766936501632249,0.9116055475593928,0.9112424542131328,0.8049349549879696,0.6830679636964747,0.6809113908484586,0.4868897357364937,0.8218349120156891,0.821362937249629,0.6293450096268156,0,0.0,inf,2.3771586418151855
3,0.8,0.0,0.5,0.25,3,16,3,3,0.29582723972303326,0.2956706898560769,0.7904764725728854,0.7898414931742513,0.6114464079728974,0.7852802150932446,0.7846251091678986,0.6010060305727019,0.3853655540302216,0.3841240709865136,0.15803176243484104,0.37493597278931157,0.3736622250862697,0.14532804951821357,0.5670731707317073,0.6861898753790645,0.05587857397774584,0.09708237648010254
3,0.8,0.0,0.5,0.25,4,25,10,3,0.19835794457697156,0.3040761729650246,0.7051168443371064,0.7016715500544839,0.5380840029069154,0.7916267295012033,0.7909944647108239,0.6144266258107057,0.5447631244664526,0.5414476507983897,0.3633373805359297,0.6865809274896537,0.6859468433771048,0.542968341433499,0,0.0,inf,0.4575822353363037
3,0.8,0.0,0.5,0.25,5,21,4,4,0.3014739477837169,0.30130416837537244,0.8935377271244854,0.8931004679309203,0.7850522125650151,0.9083491277292126,0.907971490705844,0.7934094346634827,0.5909293899538083,0.5898458610414552,0.3262378533603068,0.5879077429223251,0.5868117435177123,0.32235560277843,0.2,0.273000273000273,0.2669248845621829,0.1886911392211914
3,0.8,0.0,0.5,0.25,6,17,4,4,0.28999564489917856,0.2896769656693638,0.9041296431413824,0.9037339420232676,0.7760883163884392,0.9000920107272863,0.8996771460213145,0.7622414951112423,0.581721393314461,0.5806064583620326,0.30928567669377277,0.5740608484987777,0.5729166889125227,0.29646770121656035,0.5670731707317073,0.6861898753790645,0.07680419500356085,0.09133648872375488
3,0.8,0.0,0.5,0.25,7,24,10,4,0.21810426287437285,0.30246262017213904,0.7997854393316757,0.7975657800320457,0.6678012713557177,0.9059896953135614,0.9056014712345598,0.78488266182146,0.5124426463457258,0.5091103863046507,0.2445924161357256,0.5839573365525113,0.5828476636274899,0.3153687444426345,0,0.0,inf,0.4690098762512207
3,0.8,0.0,0.5,0.25,8,47,10,5,0.2099770510846726,0.22547067221371822,0.8011957774595275,0.7989965379486014,0.6700177605415718,1.0,1.0,1.0,0.5134253748163056,0.5101087277138318,0.24558267114739504,0.7375733655715296,0.7367405406672015,0.4724246305454723,0,0.0,inf,0.9996297359466553
3,0.8,0.0,0.5,0.25,9,29,2,2,0.30676087177327976,0.30676087177327976,0.5886439109427256,0.587918508065989,0.3721699660878811,0.5843445647456531,0.5836076786123202,0.3649394192885749,0.35909302384762254,0.35829465429702717,0.20757393653979087,0.3673307667621875,0.36653677469947066,0.2249150250260693,0.73125,0.8220937500000001,0.016289380704928677,0.6383898258209229
3,0.8,0.0,0.5,0.5,0,114,3,3,0.2785744355817691,0.2783501041122964,0.7913824111123083,0.7907506711775147,0.6134933585107952,0.792676458447326,0.7920479364188314,0.6178455857756018,0.6714520321806986,0.6707890898887245,0.506299533188778,0.6710761095271226,0.6704114396498689,0.5060781026638148,0.5696969696969697,0.6884933714202007,0.060421439819948464,2.5857925415039062
3,0.8,0.0,0.5,0.5,1,56,10,3,0.16634581239272456,0.29644091159763164,0.6754564993585437,0.6718447066119712,0.5010722568007061,0.7889606460971246,0.7883188157233194,0.6085417084158432,0.48981642260055325,0.4863024389460238,0.2858108889279809,0.6444080303082954,0.6436864403758701,0.44488729445134056,0,0.0,inf,1.248809814453125
3,0.8,0.0,0.5,0.5,2,111,10,4,0.17480530602446578,0.24922596096740277,0.7046556391281908,0.70139452551972,0.5251663564063157,0.897406368541996,0.8969792788487176,0.7526454569778374,0.558221903811771,0.5552084295191699,0.3839582239499683,0.8357447021357427,0.8353020509100343,0.6777225590952062,0,0.0,inf,2.706209182739258
3,0.8,0.0,0.5,0.5,3,48,3,3,0.2800701474966642,0.2797651948227626,0.7912521513553256,0.7906199474689949,0.6130686761259063,0.7916267295012034,0.790994464710824,0.6144266258107057,0.38674755523813903,0.38550995740896166,0.15968300374862238,0.3862745401080619,0.3850329004067273,0.15913988880652757,0.5748502994011976,0.6946705741886464,0.05416139915771591,1.2918190956115723
3,0.8,0.0,0.5,0.5,4,28,3,3,0.29582723972303326,0.295670689856077,0.7904764725728854,0.7898414931742513,0.6114464079728974,0.7852802150932446,0.7846251091678986,0.6010060305727019,0.3853655540302216,0.3841240709865136,0.15803176243484104,0.37493597278931157,0.3736622250862697,0.14532804951821357,0.5670731707317073,0.6861898753790645,0.05587857397774584,0.4771397113800049
3,0.8,0.0,0.5,0.5,5,110,3,3,0.29582723972303326,0.2956706898560772,0.7904764725728852,0.7898414931742512,0.6114464079728974,0.7852802150932446,0.7846251091678986,0.6010060305727019,0.38536555403022155,0.3841240709865136,0.15803176243484104,0.37493597278931157,0.3736622250862697,0.14532804951821357,0.5670731707317073,0.6861898753790645,0.05587857397774584,3.3778796195983887
3,0.8,0.0,0.5,0.5,6,26,3,3,0.29582723972303343,0.29567068985607725,0.7904764725728854,0.7898414931742513,0.6114464079728974,0.7852802150932446,0.7846251091678986,0.6010060305727019,0.3853655540302216,0.3841240709865136,0.15803176243484104,0.37493597278931157,0.3736622250862697,0.14532804951821357,0.5670731707317073,0.6861898753790645,0.05587857397774583,0.5963127613067627
3,0.8,0.0,0.5,0.5,7,51,10,5,0.1774399321812563,0.22608817480071663,0.7613426411277308,0.7588154341650426,0.621549334533764,1.0,1.0,1.0,0.5145627098413679,0.511414676696917,0.24507587396517339,0.7375733655715295,0.7367405406672013,0.4724246305454723,0,0.0,inf,1.4093778133392334
3,0.8,0.0,0.5,0.5,8,21,10,4,0.19375340235801328,0.29204557160890543,0.757308921080007,0.7547440806851536,0.6448020500539814,0.9083491277292126,0.907971490705844,0.7934094346634827,0.5246655602528979,0.5215904809286137,0.26129184385133,0.5879077429223251,0.5868117435177123,0.32235560277843,0,0.0,inf,0.5607459545135498
3,0.8,0.0,0.5,0.5,9,35,4,4,0.3075619917035833,0.3073762154095664,0.902462641840836,0.9020594281071008,0.7700580044778049,0.897406368541996,0.8969792788487176,0.7526454569778374,0.8315072837959879,0.8310572568623775,0.6618054094433068,0.8357447021357429,0.8353020509100346,0.6777225590952062,0.572289156626506,0.6907634026278094,0.07674113302431128,0.6037509441375732
3,0.8,0.0,0.5,0.75,0,43,10,3,0.1330934733626532,0.26267697526343964,0.5968982551719744,0.5925264196704647,0.40232248400836174,0.7595386266093844,0.7587891678710779,0.523012647821584,0.39753450155441217,0.39350612241632443,0.14452275122897842,0.60003105193931,0.5991924558208825,0.34859032320172656,0,0.0,inf,1.2530179023742676
3,0.8,0.0,0.5,0.75,1,46,10,3,0.14663862330838587,0.29589240374314096,0.670730989877856,0.6672084105367192,0.5060632922637496,0.7849276230002521,0.7842712471813089,0.5998687124749003,0.4979945996797508,0.49469395094232976,0.2895366511080914,0.6768387497441453,0.6761799567006874,0.527325252875187,0,0.0,inf,1.280393123626709
3,0.8,0.0,0.5,0.75,2,31,10,3,0.1364806949179095,0.26567889523977073,0.6377275927932786,0.6339058163183253,0.5169825267829417,0.8021489417124285,0.8015540214626932,0.6413806962628472,0.4024952807207308,0.39863342779095634,0.1869171787294974,0.40498555723662083,0.40379607055457095,0.18615098045841807,0,0.0,inf,0.8088762760162354
3,0.8,0.0,0.5,0.75,3,16,4,4,0.30756199170358317,0.30737621540956617,0.902462641840836,0.9020594281071008,0.7700580044778049,0.897406368541996,0.8969792788487176,0.7526454569778374,0.8315072837959878,0.8310572568623775,0.6618054094433068,0.8357447021357427,0.8353020509100343,0.6777225590952062,0.572289156626506,0.6907634026278094,0.07674113302431125,0.13950109481811523
3,0.8,0.0,0.5,0.75,4,36,10,5,0.1399678645298668,0.15926449734692555,0.6746536608743471,0.6711723302962432,0.4635872386921831,1.0,1.0,1.0,0.36028814549506866,0.3560810011576025,0.1023620224331057,0.7375733655715295,0.7367405406672014,0.4724246305454723,0,0.0,inf,0.9761888980865479
3,0.8,0.0,0.5,0.75,5,46,10,4,0.16896581083510975,0.288726521655359,0.7301166875859376,0.7273326179268129,0.6001841315450579,0.9116055475593928,0.9112424542131328,0.8049349549879696,0.6372389166367738,0.6349563207259508,0.4013947064436221,0.821834912015689,0.8213629372496289,0.6293450096268156,0,0.0,inf,1.2836277484893799
3,0.8,0.0,0.5,0.75,6,28,10,4,0.16839584848450734,0.2908531007655385,0.7340071000185456,0.7312658067321307,0.6041656334430623,0.9116055475593928,0.9112424542131328,0.8049349549879696,0.640837616316806,0.6385802959832998,0.4009347583196116,0.8218349120156891,0.821362937249629,0.6293450096268156,0,0.0,inf,0.6994130611419678
3,0.8,0.0,0.5,0.75,7,25,10,3,0.14697741771997155,0.31280287415875346,0.6597857531300031,0.6560022594044252,0.39569159979147384,0.7250071641342934,0.7241254949570672,0.44647024161769056,0.45313703466326993,0.4493654360598215,0.1571792438225496,0.5880574779608787,0.5871603983222972,0.34186166083827674,0,0.0,inf,0.7027690410614014
3,0.8,0.0,0.5,0.75,8,44,10,3,0.13790332527943025,0.2740224492052787,0.610330005712635,0.606218332389567,0.4864104674928036,0.8019282820082536,0.8013325861275414,0.6406540834881669,0.36809156631828976,0.36400629676669205,0.16703912269262303,0.4045942902943182,0.40340372512137557,0.185435262866209,0,0.0,inf,1.3289754390716553
3,0.8,0.0,0.5,0.75,9,26,10,3,0.15086600800080974,0.3006596588306846,0.6839140116505379,0.6805275169700562,0.5153295344764804,0.789789857030486,0.789150994948784,0.6112350182388241,0.5456418427661434,0.542649110654691,0.35855156576118685,0.6668307613228104,0.6661552998165207,0.4990750972068573,0,0.0,inf,0.7065269947052002
3,0.8,0.0,0.5,1.0,0,65,10,4,0.13893902971606495,0.26995568452194246,0.6957603095837385,0.6926639948670195,0.5221144159514102,0.9000920107272863,0.8996771460213145,0.7622414951112423,0.4077497238185678,0.40407994066620223,0.15868835159573488,0.5740608484987777,0.5729166889125227,0.29646770121656035,0,0.0,inf,1.8940603733062744
3,0.8,0.0,0.5,1.0,1,1000,10,4,0.14096173892025674,0.2606506168127693,0.6689124714259815,0.6655894723558917,0.5310285140215777,0.9059896953135614,0.9056014712345598,0.78488266182146,0.4308644831996686,0.4273968798796372,0.21924525284892926,0.5839573365525113,0.5828476636274897,0.3153687444426345,0,0.0,inf,23.525352954864502
3,0.8,0.0,0.5,1.0,2,35,10,4,0.15441873048869195,0.290281428732319,0.7338102139615245,0.7311116752847725,0.5714615910254178,0.897406368541996,0.8969792788487176,0.7526454569778374,0.596965693876574,0.5944801221337149,0.3889291968784909,0.8357447021357427,0.8353020509100343,0.6777225590952062,0,0.0,inf,0.9942445755004883
3,0.8,0.0,0.5,1.0,3,1000,10,5,0.17275449159519388,0.2741524150495882,0.7792959973839029,0.7771207788843856,0.6904255335236232,1.0,1.0,1.0,0.5780314866234116,0.575515585266362,0.3154328488599789,0.7375733655715295,0.7367405406672013,0.4724246305454723,0,0.0,inf,22.234098196029663
3,0.8,0.0,0.5,1.0,4,36,10,4,0.13981348490144194,0.2751746797053972,0.6918370770321539,0.6887130294165573,0.5216692286213584,0.897406368541996,0.8969792788487176,0.7526454569778374,0.5626421670380743,0.559944917065524,0.33299396730675734,0.8357447021357427,0.8353020509100343,0.6777225590952062,0,0.0,inf,0.8915972709655762
3,0.8,0.0,0.5,1.0,5,85,10,4,0.1365688472424939,0.27246248680952584,0.7113905244850409,0.7084664443357435,0.5513001978580268,0.9037907607564276,0.9033926442098374,0.7752391372397232,0.5718261458064281,0.5691874363896455,0.36303514540290754,0.8294772696226799,0.829021252431157,0.6564476401607514,0,0.0,inf,2.462893486022949
3,0.8,0.0,0.5,1.0,6,112,10,4,0.14530662321423582,0.283738705595127,0.707680637525948,0.7047173018684074,0.5344909874717415,0.897406368541996,0.8969792788487176,0.7526454569778374,0.5713410255158815,0.5686975252528182,0.37132850817999863,0.8357447021357427,0.8353020509100343,0.6777225590952062,0,0.0,inf,2.7733566761016846
3,0.8,0.0,0.5,1.0,7,23,10,4,0.15382440599944358,0.2903971323734449,0.7339757760849831,0.73127898534888,0.5714141102898417,0.897406368541996,0.8969792788487176,0.7526454569778374,0.5971723605729662,0.5946881404898093,0.3889085131170604,0.8357447021357427,0.8353020509100343,0.6777225590952062,0,0.0,inf,0.4288365840911865
3,0.8,0.0,0.5,1.0,8,42,10,5,0.16883161276284528,0.27328671549387107,0.7911693994175774,0.7891109019838103,0.6987623872673331,1.0,1.0,1.0,0.5677176786002432,0.5651398330334646,0.3097314493744773,0.7375733655715295,0.7367405406672014,0.4724246305454723,0,0.0,inf,0.8674979209899902
3,0.8,0.0,0.5,1.0,9,24,10,3,0.11182831854245817,0.275047696996806,0.618609917143685,0.6146733684683462,0.4391432566473209,0.789789857030486,0.789150994948784,0.6112350182388241,0.4595549261529621,0.45614939475028765,0.2906949197670205,0.6668307613228104,0.6661552998165207,0.4990750972068573,0,0.0,inf,0.42103123664855957
3,0.8,0.0,0.75,0.0,0,70,10,3,0.1738612194054437,0.2821452373296409,0.6346904584204122,0.6304359456453926,0.4861738710551645,0.789789857030486,0.789150994948784,0.6112350182388241,0.5038919561352773,0.5002931808110097,0.3477979664373324,0.6668307613228104,0.6661552998165207,0.4990750972068573,0,0.0,inf,1.5495648384094238
3,0.8,0.0,0.75,0.0,1,1000,10,3,0.18263621284435544,0.30360948044127245,0.6013450323799683,0.5965819266551241,0.39806302132041993,0.7375733655715295,0.7367405406672014,0.4724246305454723,0.68771204435235,0.685372974610811,0.677440324442529,1.0,1.0,1.0,0,0.0,inf,20.443718194961548
3,0.8,0.0,0.75,0.0,2,28,10,4,0.21677980419003043,0.3037153113857328,0.8037733234446529,0.8016030150031427,0.669812279662677,0.9083491277292126,0.907971490705844,0.7934094346634827,0.5136703452380027,0.5103561420412629,0.24521682939899056,0.5879077429223251,0.5868117435177123,0.32235560277843,0,0.0,inf,0.5092151165008545
3,0.8,0.0,0.75,0.0,3,24,4,4,0.2925033631349736,0.29197106029143344,0.8476586193202177,0.8470341757497912,0.7564926686268655,0.9116055475593928,0.9112424542131328,0.8049349549879696,0.7476741939108109,0.7470075494823446,0.5951250112885962,0.8218349120156891,0.821362937249629,0.6293450096268156,0.15,0.215526531316005,0.32028871328246544,0.2664213180541992
3,0.8,0.0,0.75,0.0,4,109,3,3,0.29728791127725185,0.2973073712175688,0.7964599900015984,0.7958463173618422,0.6257449183498832,0.8019282820082536,0.8013325861275414,0.6406540834881669,0.3960108404152613,0.39479911886199726,0.17246448557582922,0.4045942902943182,0.40340372512137557,0.185435262866209,0.15,0.20951183741881416,0.3206791654325414,2.691419839859009
3,0.8,0.0,0.75,0.0,5,27,10,3,0.1677196170084595,0.2638124846897543,0.6317862270151682,0.6274884496603242,0.4831195248603121,0.7916267295012034,0.790994464710824,0.6144266258107057,0.33387748643843945,0.32903216011533665,0.11608411288683906,0.3862745401080619,0.3850329004067273,0.15913988880652757,0,0.0,inf,0.6027507781982422
3,0.8,0.0,0.75,0.0,6,25,10,3,0.1676124014826623,0.26318682072057764,0.6310664586167155,0.6267599616465848,0.4825467233172425,0.7921997857472497,0.7915695648752535,0.6162892627615703,0.33452787175317666,0.3296868287616439,0.11669968093801972,0.3872963856355671,0.3860576089203469,0.1610374468129141,0,0.0,inf,0.4761059284210205
3,0.8,0.0,0.75,0.0,7,29,10,3,0.1953407038551064,0.31010040858736476,0.6596921483458401,0.6556275886248256,0.43197434186342665,0.7595386266093844,0.7587891678710779,0.523012647821584,0.47429277376355133,0.47035689573620487,0.21996143529240683,0.60003105193931,0.5991924558208825,0.34859032320172656,0,0.0,inf,0.4578242301940918
3,0.8,0.0,0.75,0.0,8,69,10,3,0.17533570612603494,0.29608666337905265,0.6193197677248555,0.6147635631754524,0.3925355754651678,0.7548712966501103,0.7541043224033086,0.5123044922655382,0.4302529019818587,0.4259761700741317,0.18554428539955387,0.5929240519143224,0.5920661274059542,0.33570984919437624,0,0.0,inf,1.4421696662902832
3,0.8,0.0,0.75,0.0,9,31,10,3,0.18641931632261105,0.2914877856585905,0.6712665115683888,0.6674270607742233,0.5117701322169393,0.7852802150932446,0.7846251091678986,0.6010060305727019,0.3399256805690254,0.3351204672384288,0.11590704275853991,0.37493597278931157,0.3736622250862697,0.14532804951821357,0,0.0,inf,0.3948032855987549
3,0.8,0.0,0.75,0.25,0,29,10,3,0.16031938066820003,0.29108620418845843,0.6469741284179691,0.6430696977527158,0.49205244950090204,0.7889606460971246,0.7883188157233194,0.6085417084158432,0.48457262099692405,0.48104964901072333,0.31125029358455375,0.6444080303082954,0.6436864403758701,0.44488729445134056,0,0.0,inf,0.4973909854888916
3,0.8,0.0,0.75,0.25,1,29,10,4,0.1710096178146134,0.23052798115826625,0.679081835195619,0.6755326317903824,0.5073819109470158,0.9059896953135614,0.9056014712345598,0.78488266182146,0.5120762969736918,0.5087414526167596,0.3294981411848309,0.5839573365525113,0.5828476636274899,0.3153687444426345,0,0.0,inf,0.4692420959472656
3,0.8,0.0,0.75,0.25,2,119,10,3,0.1533258581951878,0.2922020596562042,0.5895107121665444,0.5848345724570856,0.36834916096113635,0.7303232410180941,0.7294623299636516,0.45744797462502,0.41404899070665613,0.4098944209395261,0.17061225447513298,0.5960555189006077,0.5951809391979389,0.35653127194845763,0,0.0,inf,2.390780210494995
3,0.8,0.0,0.75,0.25,3,117,10,3,0.1695842137076952,0.2878065189959102,0.6709183021111931,0.6672858760215263,0.5234740499203776,0.8021489417124285,0.8015540214626932,0.6413806962628472,0.37704936856774,0.37280183430447955,0.14175070593270844,0.40498555723662083,0.40379607055457095,0.18615098045841807,0,0.0,inf,2.4803006649017334
3,0.8,0.0,0.75,0.25,4,109,10,3,0.1661667196652491,0.2953965468934971,0.6608299760680292,0.657078213234796,0.5086058766029229,0.7889606460971244,0.7883188157233192,0.6085417084158432,0.5075766960776074,0.5042103181761294,0.3424350168764367,0.6827081189134144,0.6820642499665682,0.536681216439622,0,0.0,inf,2.3046672344207764
3,0.8,0.0,0.75,0.25,5,26,10,4,0.19667490591871556,0.29988493527744536,0.7789050565670954,0.7765553920269527,0.6427898922003796,0.9059896953135614,0.9056014712345598,0.78488266182146,0.5086651822993984,0.50546484977993,0.23376247479599052,0.5839573365525113,0.5828476636274899,0.3153687444426345,0,0.0,inf,0.5945751667022705
3,0.8,0.0,0.75,0.25,6,29,10,3,0.1704068508770851,0.2948209468330702,0.6731287331370605,0.6695205090135334,0.5174868923265609,0.8019282820082536,0.8013325861275414,0.6406540834881669,0.3652213305950108,0.36089285578804436,0.13558765225087685,0.4045942902943182,0.40340372512137557,0.185435262866209,0,0.0,inf,0.5821797847747803
3,0.8,0.0,0.75,0.25,7,116,10,4,0.18511952759405567,0.2898809830925977,0.7624449287090381,0.7599111048152977,0.625747808175694,0.9037907607564276,0.9033926442098374,0.7752391372397232,0.6635470111934499,0.6613456999072673,0.4611885222911565,0.8294772696226799,0.829021252431157,0.6564476401607514,0,0.0,inf,2.5057926177978516
3,0.8,0.0,0.75,0.25,8,119,10,3,0.15150916400657735,0.27272825780003296,0.636498213978654,0.6324591440422657,0.48119013947974554,0.7921997857472497,0.7915695648752535,0.6162892627615703,0.3338384947763856,0.3292589882980166,0.11170810888236805,0.3872963856355671,0.3860576089203469,0.1610374468129141,0,0.0,inf,2.452582597732544
3,0.8,0.0,0.75,0.25,9,35,10,3,0.1569375426263531,0.2865612560572411,0.6297053860090712,0.6256067927909589,0.4762027974297076,0.789789857030486,0.789150994948784,0.6112350182388241,0.4939616368836479,0.49049952438273725,0.3461323236508949,0.6668307613228104,0.6661552998165207,0.4990750972068573,0,0.0,inf,0.6829805374145508
3,0.8,0.0,0.75,0.5,0,116,10,4,0.17817102716172806,0.3045762475965255,0.7663100150434864,0.7638863297554812,0.6100905457600223,0.897406368541996,0.8969792788487176,0.7526454569778374,0.6457171616155395,0.6434732597267778,0.42543578065081306,0.8357447021357429,0.8353020509100345,0.6777225590952062,0,0.0,inf,2.437800168991089
3,0.8,0.0,0.75,0.5,1,116,10,4,0.17084169897468868,0.2868288829776324,0.7468209959617864,0.744204133169061,0.6016213802590993,0.9116055475593928,0.9112424542131328,0.8049349549879696,0.6063153626160532,0.6038322378647295,0.407234103574363,0.8218349120156891,0.821362937249629,0.6293450096268156,0,0.0,inf,3.5649938583374023
3,0.8,0.0,0.75,0.5,2,33,10,4,0.1457474438091007,0.2280893503257431,0.665806171271648,0.6622557371954957,0.4887771513043486,0.9116055475593928,0.9112424542131328,0.8049349549879696,0.4979128181873694,0.494639654667745,0.30427196840191695,0.821834912015689,0.8213629372496289,0.6293450096268156,0,0.0,inf,0.6096115112304688
3,0.8,0.0,0.75,0.5,3,36,10,3,0.1434732022066573,0.28889717017140193,0.6416368270053072,0.6378058295663486,0.4680338629877181,0.7849276230002521,0.7842712471813089,0.5998687124749003,0.31980237388966465,0.3153341413200838,0.10599466528072543,0.37430486447919226,0.373029329116335,0.14414618051325584,0,0.0,inf,0.6529381275177002
3,0.8,0.0,0.75,0.5,4,29,10,4,0.17231137850345699,0.2895140363441809,0.7423545908721915,0.7397082583558772,0.6271283862535105,0.9083491277292126,0.907971490705844,0.7934094346634827,0.4802636933649161,0.47701049072120916,0.2338332531749195,0.5879077429223251,0.5868117435177123,0.32235560277843,0,0.0,inf,0.4681057929992676
3,0.8,0.0,0.75,0.5,5,45,10,4,0.17820374272523334,0.3048377566428151,0.7663100150434864,0.7638863297554812,0.6100905457600223,0.897406368541996,0.8969792788487176,0.7526454569778374,0.6457171616155395,0.6434732597267778,0.42543578065081306,0.8357447021357429,0.8353020509100346,0.6777225590952062,0,0.0,inf,0.8932521343231201
3,0.8,0.0,0.75,0.5,6,53,10,4,0.16367565264797007,0.2794031256218321,0.7283788529968586,0.7255356648458028,0.5547289181842245,0.8974063685419958,0.8969792788487174,0.7526454569778374,0.46442027610771897,0.4609897488078124,0.17604185020641025,0.5695438300688876,0.568383794723232,0.28830015171599577,0,0.0,inf,1.3453099727630615
3,0.8,0.0,0.75,0.5,7,41,10,3,0.14530531698444787,0.2941142776273959,0.6370933152619632,0.6332156974780865,0.46685858735084107,0.7852802150932446,0.7846251091678986,0.6010060305727019,0.32754143348208764,0.3231267686592039,0.10764751258248097,0.37493597278931157,0.3736622250862697,0.14532804951821357,0,0.0,inf,0.8697645664215088
3,0.8,0.0,0.75,0.5,8,68,10,5,0.19361956062987803,0.29141544928300633,0.8483928467998266,0.8468800460933996,0.7684461225750109,1.0,1.0,1.0,0.6179039551182431,0.6155934917799812,0.32854386427286436,0.7375733655715295,0.7367405406672014,0.4724246305454723,0,0.0,inf,1.539383888244629
3,0.8,0.0,0.75,0.5,9,93,10,5,0.1623806648715309,0.23580580099352105,0.781453289785847,0.7792059329629564,0.6236931854474356,1.0,1.0,1.0,0.5085011353800325,0.5054203090680978,0.22632023387314504,0.7375733655715296,0.7367405406672015,0.4724246305454723,0,0.0,inf,1.880599021911621
3,0.8,0.0,0.75,0.75,0,1000,10,5,0.13428448041292088,0.20700448092607623,0.6994295503048662,0.6963918535562733,0.5124402608718687,1.0,1.0,1.0,0.4565102046904831,0.45317123397772224,0.18908690681223536,0.7375733655715296,0.7367405406672015,0.4724246305454723,0,0.0,inf,21.084260940551758
3,0.8,0.0,0.75,0.75,1,47,10,4,0.1476249960129079,0.2717795450503873,0.7134826306117859,0.7105788633849809,0.5679566027767281,0.9137594533047027,0.9134059329538328,0.8127690521941776,0.46927187593885,0.4660003263681006,0.2119041809788253,0.5969473729725018,0.5958824465842397,0.33795995639299703,0,0.0,inf,1.3213810920715332
3,0.8,0.0,0.75,0.75,2,35,10,4,0.1454970533809571,0.2713081246748675,0.7085758985859213,0.7056336843134154,0.5499923495106845,0.9083491277292126,0.907971490705844,0.7934094346634827,0.48659095591912654,0.483440736865758,0.2176665253641548,0.5879077429223251,0.5868117435177123,0.32235560277843,0,0.0,inf,0.9810993671417236
3,0.8,0.0,0.75,0.75,3,57,10,4,0.1641003209492678,0.3053626203157053,0.7659458475447999,0.7635711340569514,0.6033050694294732,0.897406368541996,0.8969792788487176,0.7526454569778374,0.6312625368917698,0.6289864288734206,0.3922743888090064,0.8357447021357428,0.8353020509100344,0.6777225590952062,0,0.0,inf,1.6181309223175049
3,0.8,0.0,0.75,0.75,4,72,10,4,0.1411632043962648,0.2677110266658703,0.7002465332765663,0.697205339695383,0.5556150127161971,0.9083491277292126,0.907971490705844,0.7934094346634827,0.47226339103576864,0.4690060141721682,0.20524959732940232,0.5879077429223251,0.5868117435177123,0.32235560277843,0,0.0,inf,1.4666142463684082
3,0.8,0.0,0.75,0.75,5,52,10,2,0.09382519407402594,0.3047218196441897,0.5572233377345212,0.5524762217198425,0.35144270187618354,0.5843445647456531,0.5836076786123202,0.3649394192885749,0.327656932296194,0.3232207170499665,0.09943076700587589,0.3673307667621875,0.36653677469947066,0.2249150250260693,0,0.0,inf,1.1628520488739014
3,0.8,0.0,0.75,0.75,6,39,10,4,0.14839173123060295,0.2818677742129636,0.7014942355719891,0.6984840397713378,0.565858598409208,0.9116055475593928,0.9112424542131328,0.8049349549879696,0.5680780289518806,0.5654315611602537,0.347211224848456,0.8218349120156891,0.821362937249629,0.6293450096268156,0,0.0,inf,1.1473636627197266
3,0.8,0.0,0.75,0.75,7,114,10,4,0.14087695546899906,0.2572884182244566,0.696036003000143,0.6929079955833929,0.5156553444506532,0.897406368541996,0.8969792788487176,0.7526454569778374,0.526480422892917,0.5235077377335184,0.3211673983444832,0.8357447021357428,0.8353020509100344,0.6777225590952062,0,0.0,inf,3.2812130451202393
3,0.8,0.0,0.75,0.75,8,45,10,4,0.1505264061412953,0.2883564206361328,0.7355901605414656,0.7329056947323863,0.5688159615377888,0.9037907607564276,0.9033926442098374,0.7752391372397232,0.6170586843780493,0.6146930107335974,0.3926793481532418,0.8294772696226799,0.829021252431157,0.6564476401607514,0,0.0,inf,1.2487621307373047
3,0.8,0.0,0.75,0.75,9,26,10,5,0.17895780746496948,0.27049904092705396,0.7940328008334694,0.7920003893009852,0.6933055523491939,1.0,1.0,1.0,0.5964818896624974,0.5940727204089666,0.31770198758055745,0.7375733655715296,0.7367405406672015,0.4724246305454723,0,0.0,inf,0.6880319118499756
3,0.8,0.0,0.75,1.0,0,1000,10,3,0.10153574068050926,0.28023707530580366,0.5955880338296587,0.5915128580507844,0.4021665653313934,0.7849276230002521,0.7842712471813089,0.5998687124749003,0.32378380328754763,0.319642338602577,0.10437347359238734,0.37430486447919226,0.373029329116335,0.14414618051325584,0,0.0,inf,21.285778999328613
3,0.8,0.0,0.75,1.0,1,34,10,4,0.12742715705994653,0.2741090535362839,0.6943965458486911,0.6913548359187645,0.522015501061819,0.9037907607564276,0.9033926442098374,0.7752391372397232,0.5783777395673869,0.5758332976781041,0.3523481276819939,0.8294772696226799,0.829021252431157,0.6564476401607514,0,0.0,inf,0.8259110450744629
3,0.8,0.0,0.75,1.0,2,44,10,4,0.11595566367082719,0.25354361808894776,0.6362746426891206,0.6326982813907203,0.47466173275354173,0.9059896953135614,0.9056014712345598,0.78488266182146,0.40518606082557124,0.40164875467699,0.17627955171706342,0.5839573365525113,0.5828476636274897,0.3153687444426345,0,0.0,inf,1.061791181564331
3,0.8,0.0,0.75,1.0,3,28,10,4,0.12144831090897844,0.2577911312055685,0.653831740044906,0.6503665960146295,0.4615276493017763,0.8974063685419958,0.8969792788487174,0.7526454569778374,0.3964286978701218,0.39276108721141106,0.1383414299600483,0.5695438300688878,0.5683837947232321,0.28830015171599577,0,0.0,inf,0.8293054103851318
3,0.8,0.0,0.75,1.0,4,31,10,3,0.09490352148718521,0.2633276724416453,0.6068573148311215,0.6029056152758981,0.41282452019822385,0.7926764584473263,0.7920479364188315,0.6178455857756018,0.45974815690898374,0.45644938334173113,0.2796159478042122,0.6710761095271227,0.670411439649869,0.5060781026638148,0,0.0,inf,0.7689459323883057
3,0.8,0.0,0.75,1.0,5,27,10,4,0.13973953955251636,0.28789623987578083,0.7089363774039827,0.706049783028717,0.5605002605053407,0.897406368541996,0.8969792788487176,0.7526454569778374,0.5758496093746658,0.5733009771018251,0.34179688638915096,0.8357447021357429,0.8353020509100346,0.6777225590952062,0,0.0,inf,0.7729604244232178
3,0.8,0.0,0.75,1.0,6,53,10,4,0.12740417463746784,0.26234745713201185,0.6621642901626794,0.6588429800940188,0.5090528331286539,0.9116055475593928,0.9112424542131328,0.8049349549879696,0.5507080371341809,0.5480366092686707,0.30652646182898147,0.821834912015689,0.8213629372496289,0.6293450096268156,0,0.0,inf,1.458312749862671
3,0.8,0.0,0.75,1.0,7,29,10,4,0.12718140412435242,0.27684412099876543,0.6959749722352123,0.6929474916282466,0.5231069813828645,0.9037907607564276,0.9033926442098374,0.7752391372397232,0.5800240572951039,0.5774880541925779,0.35513860881025694,0.8294772696226799,0.829021252431157,0.6564476401607514,0,0.0,inf,0.792273998260498
3,0.8,0.0,0.75,1.0,8,41,10,5,0.15440729512617404,0.2700312144568968,0.7686699280337166,0.7664237723926007,0.6504419548443336,1.0,1.0,1.0,0.5642257012257241,0.5616725863348053,0.2883029767207244,0.7375733655715295,0.7367405406672014,0.4724246305454723,0,0.0,inf,0.9345710277557373
3,0.8,0.0,0.75,1.0,9,112,10,3,0.10669954660442325,0.28127230251164387,0.6363617804954556,0.6327174180379498,0.4810071697918224,0.7889606460971244,0.7883188157233192,0.6085417084158432,0.47487653659169,0.47168157467157384,0.2875631066130346,0.6827081189134145,0.6820642499665682,0.536681216439622,0,0.0,inf,3.390197277069092
3,0.8,0.0,1.0,0.0,0,34,10,4,0.12011495918112415,0.18821673088860477,0.595067651927641,0.5906265786241869,0.4355179848901532,0.9037907607564276,0.9033926442098374,0.7752391372397232,0.4481632075000896,0.44442890170695126,0.2527477223213999,0.8294772696226799,0.829021252431157,0.6564476401607514,0,0.0,inf,0.9859850406646729
3,0.8,0.0,1.0,0.0,1,36,10,4,0.17784713336209598,0.2879238351823144,0.7354467185219542,0.7326523818002803,0.5995605148523991,0.9083491277292126,0.907971490705844,0.7934094346634827,0.46404275055269023,0.46057682449789983,0.20840300269862677,0.5879077429223251,0.5868117435177123,0.32235560277843,0,0.0,inf,1.55843186378479
3,0.8,0.0,1.0,0.0,2,63,10,3,0.12388861688416936,0.24763120857631984,0.48934080826634047,0.4836734732183907,0.3283336754152695,0.7375733655715297,0.7367405406672015,0.4724246305454723,0.535448720336682,0.5322587225864039,0.47959690661818627,1.0,1.0,1.0,0,0.0,inf,1.7298979759216309
3,0.8,0.0,1.0,0.0,3,47,10,3,0.14868061705970934,0.28227278355517954,0.647286841044167,0.6434067783337709,0.46623911753299857,0.8021489417124285,0.8015540214626932,0.6413806962628472,0.3556632360605017,0.3512867276786002,0.11463619695392041,0.40498555723662083,0.40379607055457095,0.18615098045841807,0,0.0,inf,1.0673737525939941
3,0.8,0.0,1.0,0.0,4,134,10,4,0.17361697000981907,0.2690774688191177,0.7161352799269799,0.7131512355648582,0.5922111457794959,0.897406368541996,0.8969792788487176,0.7526454569778374,0.5647040558887866,0.5619054369360805,0.3757798220401012,0.8357447021357429,0.8353020509100346,0.6777225590952062,0,0.0,inf,3.044574737548828
3,0.8,0.0,1.0,0.0,5,38,10,3,0.12084289601680193,0.24229688052945705,0.5082346460341001,0.5027769962531636,0.3315555708177211,0.7375733655715295,0.7367405406672014,0.4724246305454723,0.5446337854057071,0.5415068599968239,0.4810899410613842,1.0,1.0,1.0,0,0.0,inf,0.9317843914031982
3,0.8,0.0,1.0,0.0,6,49,10,4,0.15608070321156708,0.258028436710536,0.6887377744453297,0.6854667496193191,0.58588158438965,0.9037907607564276,0.9033926442098374,0.7752391372397232,0.5644652079170758,0.5616661267111419,0.3740577032774452,0.8294772696226799,0.829021252431157,0.6564476401607514,0,0.0,inf,1.0442914962768555
3,0.8,0.0,1.0,0.0,7,24,10,4,0.1739993672644685,0.27833701093295027,0.7100961978192617,0.7070409745951144,0.5824012572802989,0.9116055475593928,0.9112424542131328,0.8049349549879696,0.5822826879409845,0.5795888072652763,0.386098201443573,0.8218349120156891,0.821362937249629,0.6293450096268156,0,0.0,inf,0.6089828014373779
3,0.8,0.0,1.0,0.0,8,33,10,3,0.13533186154172683,0.26849170440541886,0.5697187089310002,0.5649199073311691,0.3746794247706712,0.7250071641342934,0.7241254949570672,0.44647024161769056,0.3665795033228593,0.36220339020090303,0.16406807892374603,0.5880574779608787,0.5871603983222972,0.34186166083827674,0,0.0,inf,0.9528253078460693
3,0.8,0.0,1.0,0.0,9,36,10,4,0.1580527315799604,0.22091539340206764,0.6737544498547979,0.6701663855085542,0.4888526461525959,0.9083491277292126,0.907971490705844,0.7934094346634827,0.35060754334782557,0.3461979651240883,0.11381154481185887,0.5879077429223251,0.5868117435177123,0.32235560277843,0,0.0,inf,0.9821457862854004
3,0.8,0.0,1.0,0.25,0,36,10,3,0.13487657821521828,0.28130727931014077,0.632820824654191,0.6289404823471365,0.47405555815930905,0.7849276230002521,0.7842712471813089,0.5998687124749003,0.3283025744797821,0.32395108266344197,0.11908215098082288,0.37430486447919226,0.373029329116335,0.14414618051325584,0,0.0,inf,0.8633592128753662
3,0.8,0.0,1.0,0.25,1,43,10,3,0.11724617416955627,0.27169248089868986,0.5598378138766752,0.5551852730444458,0.3984979609830676,0.7849276230002521,0.7842712471813089,0.5998687124749003,0.41208600766036585,0.4082763756060433,0.2275506864343896,0.6768387497441453,0.6761799567006874,0.527325252875187,0,0.0,inf,1.2791118621826172
3,0.8,0.0,1.0,0.25,2,38,10,4,0.165298487041707,0.28983991649861657,0.7196037315763345,0.716724256009408,0.5755300643741298,0.9083491277292126,0.907971490705844,0.7934094346634827,0.44907720955210734,0.4456290512689427,0.19744621410317142,0.5879077429223251,0.5868117435177123,0.32235560277843,0,0.0,inf,0.9522249698638916
3,0.8,0.0,1.0,0.25,3,45,10,4,0.14842194385301072,0.2281282808830554,0.6576546077822809,0.6540500961025141,0.49171301266002637,0.9083491277292126,0.907971490705844,0.7934094346634827,0.48367713412969304,0.4803473284323574,0.2652042671983241,0.5879077429223251,0.5868117435177123,0.32235560277843,0,0.0,inf,1.2764453887939453
3,0.8,0.0,1.0,0.25,4,19,10,4,0.16333642303961768,0.27804571272941314,0.6917997127075222,0.6886453132086542,0.5702723494646996,0.9116055475593928,0.9112424542131328,0.8049349549879696,0.5825551355658072,0.5799530284860365,0.3619511855966299,0.821834912015689,0.8213629372496289,0.6293450096268156,0,0.0,inf,0.5380282402038574
3,0.8,0.0,1.0,0.25,5,32,10,5,0.19007605311268866,0.28345921747324937,0.8329097182570823,0.8312468212198747,0.7566069546679417,1.0,1.0,1.0,0.5990268393253562,0.5966096561721512,0.32142052959032696,0.7375733655715296,0.7367405406672015,0.4724246305454723,0,0.0,inf,0.852952241897583
3,0.8,0.0,1.0,0.25,6,39,10,3,0.12344080801637815,0.27147661115522204,0.5684550103205053,0.5639070883808645,0.41456389129283894,0.7916267295012033,0.7909944647108239,0.6144266258107057,0.41017814601635066,0.40637000431655257,0.22632575672212438,0.6865809274896538,0.6859468433771049,0.542968341433499,0,0.0,inf,1.0798661708831787
3,0.8,0.0,1.0,0.25,7,69,10,4,0.165386109224154,0.2823717371091233,0.7289173613702042,0.7261376478295359,0.588285826471368,0.9083491277292126,0.907971490705844,0.7934094346634827,0.4562241549576901,0.4528268425355747,0.2054514229625501,0.5879077429223251,0.5868117435177123,0.32235560277843,0,0.0,inf,1.3321936130523682
3,0.8,0.0,1.0,0.25,8,111,10,4,0.17284557130955935,0.2885877313776985,0.7508061325180618,0.7482481089427616,0.6106825017324776,0.9059896953135614,0.9056014712345598,0.78488266182146,0.48916803031117057,0.4859723485784751,0.22152897268373697,0.5839573365525113,0.5828476636274899,0.3153687444426345,0,0.0,inf,2.5645592212677
3,0.8,0.0,1.0,0.25,9,40,10,4,0.1670857591145394,0.2903824793799503,0.7335440029020146,0.7308050932730845,0.5867416003289566,0.9059896953135614,0.9056014712345598,0.78488266182146,0.4675142401512381,0.4641776389407272,0.20526027618542966,0.5839573365525113,0.5828476636274897,0.3153687444426345,0,0.0,inf,0.9255533218383789
3,0.8,0.0,1.0,0.5,0,71,10,5,0.13613906725536318,0.21589201051292572,0.704286739439112,0.701321114828711,0.5319526738407162,1.0,1.0,1.0,0.44511519433335417,0.4417375823546952,0.17894941614492915,0.7375733655715295,0.7367405406672014,0.4724246305454723,0,0.0,inf,1.477013111114502
3,0.8,0.0,1.0,0.5,1,36,10,4,0.14303596116252978,0.2632297477525159,0.6954349393832712,0.6923727245940353,0.5433446135468148,0.9059896953135614,0.9056014712345598,0.78488266182146,0.43102082431120775,0.42754669482671986,0.18501691809099038,0.5839573365525113,0.5828476636274899,0.3153687444426345,0,0.0,inf,0.8186521530151367
3,0.8,0.0,1.0,0.5,2,32,10,5,0.17213261119604,0.2705476794624343,0.7971213171625354,0.7951348121228875,0.7045061404531663,1.0,1.0,1.0,0.566271947345865,0.5637061601115425,0.2940169767675362,0.7375733655715296,0.7367405406672015,0.4724246305454723,0,0.0,inf,0.5946135520935059
3,0.8,0.0,1.0,0.5,3,70,10,3,0.11581583308845421,0.27758315846751347,0.5860857182932274,0.5818367251349592,0.4221168272294747,0.7852802150932446,0.7846251091678986,0.6010060305727019,0.2750863885544843,0.27054866175512604,0.09361179766623985,0.37493597278931157,0.3736622250862697,0.14532804951821357,0,0.0,inf,1.861466884613037
3,0.8,0.0,1.0,0.5,4,52,10,4,0.1466841822831734,0.2748641567031131,0.6918547927783109,0.6887653993748537,0.5418938140552425,0.9059896953135614,0.9056014712345598,0.78488266182146,0.4643699387799925,0.4611106897843628,0.20464257692059812,0.5839573365525113,0.5828476636274899,0.3153687444426345,0,0.0,inf,1.5516095161437988
3,0.8,0.0,1.0,0.5,5,28,10,4,0.14759293535975174,0.2735565003726626,0.6788928529279739,0.6756833650316485,0.5475238818880032,0.9116055475593928,0.9112424542131328,0.8049349549879696,0.560280204936017,0.5576144510128752,0.3347122163509788,0.8218349120156891,0.821362937249629,0.6293450096268156,0,0.0,inf,0.7234189510345459
3,0.8,0.0,1.0,0.5,6,37,10,5,0.17264004369556396,0.27111322342087885,0.7982840800249429,0.796308960283414,0.706310905313839,1.0,1.0,1.0,0.5638286478982525,0.5612484069376977,0.293825299283751,0.7375733655715295,0.7367405406672014,0.4724246305454723,0,0.0,inf,1.0248587131500244
3,0.8,0.0,1.0,0.5,7,37,10,3,0.11396655583847377,0.2648873369928745,0.5736003983277334,0.5692384643304857,0.42290016846076184,0.792676458447326,0.7920479364188314,0.6178455857756018,0.4315996687619594,0.42805668301419947,0.23662764864543914,0.6710761095271226,0.6704114396498689,0.5060781026638148,0,0.0,inf,1.0570733547210693
3,0.8,0.0,1.0,0.5,8,1000,10,5,0.1606723483639539,0.27382598605917885,0.7605897235000038,0.758245516044794,0.6491697210960891,1.0,1.0,1.0,0.5419278029744283,0.5392180040846999,0.2648994244579855,0.7375733655715295,0.7367405406672013,0.4724246305454723,0,0.0,inf,22.399537563323975
3,0.8,0.0,1.0,0.5,9,29,10,5,0.13623607268953286,0.21301824560919924,0.6886777575064637,0.6855522207911626,0.5224730741599172,1.0,1.0,1.0,0.4542972460741847,0.4509711832414159,0.18984233329725456,0.7375733655715295,0.7367405406672013,0.4724246305454723,0,0.0,inf,0.7576949596405029
3,0.8,0.0,1.0,0.75,0,1000,10,4,0.12152882143477844,0.2596474950519455,0.6518353849904562,0.6484140632627923,0.47677256610421376,0.897406368541996,0.8969792788487176,0.7526454569778374,0.5186417139873737,0.5157811395983728,0.2820403185932251,0.8357447021357429,0.8353020509100346,0.6777225590952062,0,0.0,inf,23.458425283432007
3,0.8,0.0,1.0,0.75,1,110,10,3,0.09299671378324227,0.267624128565904,0.5873734966279222,0.583247253636215,0.41081602420295904,0.7889606460971244,0.7883188157233192,0.6085417084158432,0.43295254587683524,0.4295116758842438,0.22411968530106846,0.6827081189134144,0.6820642499665682,0.536681216439622,0,0.0,inf,3.3213226795196533
3,0.8,0.0,1.0,0.75,2,40,10,5,0.13160692308142166,0.2358581384203647,0.7023017713235563,0.6994211964716521,0.5530404025140747,1.0,1.0,1.0,0.5535435855579258,0.5509387209652522,0.27485132603612655,0.7375733655715295,0.7367405406672014,0.4724246305454723,0,0.0,inf,0.9820034503936768
3,0.8,0.0,1.0,0.75,3,26,10,3,0.09761666024662179,0.26650130617457246,0.5678029545375818,0.5634758504899505,0.4080298521941429,0.789789857030486,0.789150994948784,0.6112350182388241,0.41615278958366997,0.412604861425879,0.19303071834682572,0.6668307613228104,0.6661552998165207,0.4990750972068573,0,0.0,inf,0.47482776641845703
3,0.8,0.0,1.0,0.75,4,1000,10,4,0.11075277225158979,0.23202387221085247,0.6034963276649589,0.5996040109520511,0.4522859035632599,0.9116055475593928,0.9112424542131328,0.8049349549879696,0.4689462597511112,0.4657942835950754,0.24703159211434159,0.821834912015689,0.8213629372496289,0.6293450096268156,0,0.0,inf,24.480048656463623
3,0.8,0.0,1.0,0.75,5,1000,10,4,0.11076499035218623,0.21739843916826998,0.6271830529527818,0.6234704194045644,0.4569268394785243,0.9059896953135614,0.9056014712345598,0.78488266182146,0.36692212212341924,0.36309985428989133,0.14441920768351355,0.5839573365525113,0.5828476636274899,0.3153687444426345,0,0.0,inf,25.319464206695557
3,0.8,0.0,1.0,0.75,6,26,10,5,0.15288055409273849,0.26297166020492735,0.739211168994118,0.7366865796863693,0.6204307433366368,1.0,1.0,1.0,0.5464444796793356,0.5437967515340473,0.2640735907107684,0.7375733655715295,0.7367405406672013,0.4724246305454723,0,0.0,inf,0.6595404148101807
3,0.8,0.0,1.0,0.75,7,78,10,4,0.11344864854141067,0.2387452824287673,0.6168710061686762,0.6131129399734372,0.4507902560729294,0.9116055475593928,0.9112424542131328,0.8049349549879696,0.5306464872337684,0.5278633528846393,0.28577441917835117,0.8218349120156891,0.821362937249629,0.6293450096268156,0,0.0,inf,2.2885520458221436
3,0.8,0.0,1.0,0.75,8,49,10,5,0.13897269032844936,0.252153718996791,0.7015059306022886,0.6986181032010448,0.5645517408168826,1.0,1.0,1.0,0.5211017145744422,0.5183080839338882,0.24798108136950126,0.7375733655715295,0.7367405406672013,0.4724246305454723,0,0.0,inf,1.0290331840515137
3,0.8,0.0,1.0,0.75,9,1000,10,5,0.14586153285530365,0.25206710977223235,0.7172676971269539,0.7145306821020568,0.5914675977236658,1.0,1.0,1.0,0.5464444796793356,0.5437967515340473,0.2640735907107684,0.7375733655715295,0.7367405406672013,0.4724246305454723,0,0.0,inf,25.32853651046753
3,0.8,0.0,1.0,1.0,0,1000,10,4,0.09195022949701881,0.21365457780427388,0.5623979304146088,0.5581788003714921,0.39314554836491994,0.9116055475593928,0.9112424542131328,0.8049349549879696,0.4706080007571351,0.46753189477761337,0.22806520613351852,0.821834912015689,0.8213629372496289,0.6293450096268156,0,0.0,inf,21.833312273025513
3,0.8,0.0,1.0,1.0,1,27,10,4,0.11725480613219248,0.25386144398934357,0.6764939209700495,0.6733618700141235,0.5117128056937389,0.897406368541996,0.8969792788487176,0.7526454569778374,0.5071553004400404,0.5042772880214796,0.26982727647297994,0.8357447021357427,0.8353020509100343,0.6777225590952062,0,0.0,inf,0.6903872489929199
3,0.8,0.0,1.0,1.0,2,48,10,4,0.11084644724552921,0.2509094150623779,0.633528099805819,0.629988724829378,0.47757897543064365,0.9059896953135614,0.9056014712345598,0.78488266182146,0.4341200347185591,0.43082518728308705,0.18806640858117354,0.5839573365525113,0.5828476636274897,0.3153687444426345,0,0.0,inf,1.4818544387817383
3,0.8,0.0,1.0,1.0,3,1000,10,4,0.10766608025890821,0.23673451664356032,0.6444679512935976,0.6410352659921125,0.4784154137268792,0.9083491277292126,0.907971490705844,0.7934094346634827,0.393234166054837,0.3897025310179874,0.16299277213144672,0.5879077429223251,0.5868117435177123,0.32235560277843,0,0.0,inf,22.56320834159851
3,0.8,0.0,1.0,1.0,4,49,10,4,0.113522081872641,0.24537867677968003,0.6532654310594516,0.6499166786554473,0.5038976006523727,0.9059896953135614,0.9056014712345598,0.78488266182146,0.42502341668380916,0.4216756040075756,0.19741056138775373,0.5839573365525113,0.5828476636274897,0.3153687444426345,0,0.0,inf,1.2676928043365479
3,0.8,0.0,1.0,1.0,5,84,10,3,0.08042329349508336,0.2731080217696189,0.5241342765216209,0.51944021369838,0.32593097122571546,0.7250071641342934,0.7241254949570672,0.44647024161769056,0.38703146692938434,0.3833710438237665,0.15604626820075523,0.5880574779608787,0.5871603983222972,0.34186166083827674,0,0.0,inf,2.3204681873321533
3,0.8,0.0,1.0,1.0,6,55,10,5,0.13223826047233123,0.24556346965778797,0.6949729318915795,0.6920524321568597,0.5712251730750636,1.0,1.0,1.0,0.5079875265979945,0.5051520704269821,0.2476509852015533,0.7375733655715295,0.7367405406672014,0.4724246305454723,0,0.0,inf,1.583554983139038
3,0.8,0.0,1.0,1.0,7,1000,10,4,0.1025717143318116,0.2464170162514833,0.6247862731565754,0.6211626026618834,0.44058495161047523,0.9059896953135614,0.9056014712345598,0.78488266182146,0.4138074542347007,0.41039448632750863,0.17861699205725085,0.5839573365525113,0.5828476636274899,0.3153687444426345,0,0.0,inf,21.179911136627197
3,0.8,0.0,1.0,1.0,8,1000,10,4,0.10959180366013727,0.23818462117974026,0.6044174073627447,0.6006032974194032,0.4607058473994294,0.9116055475593928,0.9112424542131328,0.8049349549879696,0.5119415439777775,0.5091055146231352,0.26098699690793026,0.821834912015689,0.8213629372496289,0.6293450096268156,0,0.0,inf,22.300034046173096
3,0.8,0.0,1.0,1.0,9,60,10,4,0.11461618149926157,0.2557839090481946,0.6720214567937133,0.6688458265453529,0.5000642844659363,0.897406368541996,0.8969792788487176,0.7526454569778374,0.504567949627407,0.5016745257862814,0.2632455553536719,0.8357447021357429,0.8353020509100346,0.6777225590952062,0,0.0,inf,1.7202565670013428
3,0.8,0.25,0.0,0.0,0,25,3,3,0.3129016539548131,0.31276217198390466,0.7503978476511641,0.7496157526369165,0.4999303752085892,0.7595386266093844,0.7587891678710779,0.523012647821584,0.5987797319636469,0.5979324936729498,0.3494156212123094,0.6000310519393101,0.5991924558208827,0.34859032320172656,0.15,0.20951183741881416,0.3264476104567977,0.2457420825958252
3,0.8,0.25,0.0,0.0,1,16,3,3,0.29837031231076755,0.2986255727684462,0.7920532465028122,0.791423901436366,0.6151023239096007,0.7921997857472497,0.7915695648752535,0.6162892627615703,0.6611067358959262,0.6604234389621813,0.48062193929772196,0.6492493065110276,0.6485401515758275,0.45307203333420376,0.5670731707317073,0.6861898753790645,0.060985374105553755,0.36605191230773926
3,0.8,0.25,0.0,0.0,2,18,4,4,0.3042848217540427,0.30446028467943204,0.9075030477238635,0.9071224809899361,0.7887321917624809,0.9116055475593928,0.9112424542131328,0.8049349549879696,0.8265696202747511,0.8261092144636512,0.6445372756707703,0.8218349120156891,0.821362937249629,0.6293450096268156,0.15,0.20951183741881416,0.3469629899063994,0.1406397819519043
3,0.8,0.25,0.0,0.0,3,34,3,3,0.2938321050902911,0.2936534650303344,0.7903227834399137,0.7896872559207784,0.6109458131619562,0.7849276230002521,0.7842712471813089,0.5998687124749003,0.38509166071712936,0.3838494109267403,0.15752150986229166,0.37430486447919226,0.373029329116335,0.14414618051325584,0.5748502994011976,0.6946705741886464,0.05448519582489579,0.26247501373291016
3,0.8,0.25,0.0,0.0,4,30,3,3,0.3129016539548131,0.31276217198390466,0.7503978476511641,0.7496157526369165,0.4999303752085892,0.7595386266093844,0.7587891678710779,0.523012647821584,0.5987797319636469,0.5979324936729498,0.3494156212123094,0.6000310519393101,0.5991924558208827,0.34859032320172656,0.15,0.20951183741881416,0.3264476104567977,0.24660277366638184
3,0.8,0.25,0.0,0.0,5,24,3,3,0.293832105090291,0.29365346503033424,0.7903227834399137,0.7896872559207784,0.6109458131619562,0.7849276230002521,0.7842712471813089,0.5998687124749003,0.38509166071712936,0.3838494109267403,0.15752150986229166,0.37430486447919226,0.373029329116335,0.14414618051325584,0.5748502994011976,0.6946705741886464,0.05448519582489578,0.5412085056304932
3,0.8,0.25,0.0,0.0,6,20,4,4,0.3042848217540427,0.30446028467943204,0.9075030477238635,0.9071224809899361,0.7887321917624809,0.9116055475593928,0.9112424542131328,0.8049349549879696,0.8265696202747513,0.8261092144636513,0.6445372756707703,0.821834912015689,0.8213629372496289,0.6293450096268156,0.15,0.20951183741881416,0.34696298990639945,0.11723208427429199
3,0.8,0.25,0.0,0.0,7,30,3,3,0.2958169263669709,0.29549993660125573,0.7903747757157535,0.7897394336368198,0.6111150880111534,0.7849276230002521,0.7842712471813089,0.5998687124749003,0.672199343603704,0.6715371528473736,0.5091037432295656,0.6768387497441453,0.6761799567006874,0.527325252875187,0.572289156626506,0.6907634026278094,0.06046228273517221,0.13459515571594238
3,0.8,0.25,0.0,0.0,8,45,2,2,0.30254059460160804,0.3025405946016079,0.5933918153386777,0.5926772493795246,0.3814880303054271,0.5976802337166613,0.5969738544387009,0.39109438552078163,0.35018950663915355,0.3493839445111943,0.189828214412545,0.3422002806825873,0.34138587962167677,0.174960691641255,0.5748502994011976,0.6946705741886464,0.039004223156157244,1.182483434677124
3,0.8,0.25,0.0,0.0,9,17,4,4,0.3033095950933377,0.3032464954491562,0.908286786541069,0.9079097241974984,0.7915753497024844,0.9083491277292126,0.907971490705844,0.7934094346634827,0.5886766846770782,0.5875857803902926,0.3219956443730734,0.587907742922325,0.5868117435177121,0.32235560277843,0.15,0.20951183741881416,0.3419285831255362,0.1098027229309082
3,0.8,0.25,0.0,0.25,0,28,2,2,0.30254059460160804,0.3025405946016079,0.5933918153386777,0.5926772493795246,0.3814880303054271,0.5976802337166613,0.5969738544387009,0.39109438552078163,0.35018950663915355,0.3493839445111943,0.189828214412545,0.3422002806825873,0.34138587962167677,0.174960691641255,0.5748502994011976,0.6946705741886464,0.039004223156157244,0.7134668827056885
3,0.8,0.25,0.0,0.25,1,28,4,4,0.30756199170358317,0.3073762154095663,0.902462641840836,0.9020594281071008,0.7700580044778049,0.897406368541996,0.8969792788487176,0.7526454569778374,0.8315072837959878,0.8310572568623775,0.6618054094433068,0.8357447021357427,0.8353020509100343,0.6777225590952062,0.572289156626506,0.6907634026278094,0.0767411330243113,0.1651315689086914
3,0.8,0.25,0.0,0.25,2,49,10,3,0.2246010736199428,0.2954803709399505,0.7153104130410692,0.7117291038054521,0.5699065313566352,0.8019282820082536,0.8013325861275414,0.6406540834881669,0.3782464487314571,0.37333791119073456,0.15088186050457214,0.4045942902943182,0.40340372512137557,0.185435262866209,0,0.0,inf,1.369140863418579
3,0.8,0.25,0.0,0.25,3,19,3,3,0.2962670033283163,0.29611254671904597,0.7183248134864928,0.7174443967722872,0.48766031752380024,0.7481612335885639,0.7473688711868739,0.49755280006294755,0.32038237474104597,0.31895199050070056,0.046940436527600486,0.30780991017739306,0.30634022681614625,0.029926155949019876,0.27,0.35718537921181087,0.18144379419288104,0.19257640838623047
3,0.8,0.25,0.0,0.25,4,15,4,4,0.3075619917035833,0.3073762154095664,0.902462641840836,0.9020594281071008,0.7700580044778049,0.897406368541996,0.8969792788487176,0.7526454569778374,0.8315072837959879,0.8310572568623775,0.6618054094433068,0.8357447021357429,0.8353020509100346,0.6777225590952062,0.572289156626506,0.6907634026278094,0.07674113302431128,0.10692477226257324
3,0.8,0.25,0.0,0.25,5,20,4,4,0.3075619917035831,0.3073762154095662,0.902462641840836,0.9020594281071008,0.7700580044778049,0.897406368541996,0.8969792788487176,0.7526454569778374,0.8315072837959879,0.8310572568623775,0.6618054094433068,0.8357447021357429,0.8353020509100345,0.6777225590952062,0.572289156626506,0.6907634026278094,0.07674113302431126,0.11773180961608887
3,0.8,0.25,0.0,0.25,6,21,3,3,0.2950513599127718,0.29530216631464934,0.7893604470334368,0.7887214729506181,0.6087639900510177,0.7889606460971246,0.7883188157233194,0.6085417084158432,0.6571211120546576,0.6564276642829949,0.47392307168234943,0.6444080303082954,0.6436864403758701,0.44488729445134056,0.5748502994011976,0.6946705741886464,0.05951960260575902,0.3500199317932129
3,0.8,0.25,0.0,0.25,7,19,3,3,0.3034411497477426,0.3031720513147306,0.7919171422000004,0.7912873128296978,0.6146580667163571,0.7916267295012033,0.7909944647108239,0.6144266258107057,0.6744585519968018,0.673802075766916,0.5128575145547655,0.6865809274896537,0.6859468433771048,0.542968341433499,0.572289156626506,0.6907634026278094,0.05556410867826106,0.22544384002685547
3,0.8,0.25,0.0,0.25,8,16,3,3,0.3000960427427212,0.30006657630309463,0.7919954100813236,0.7913658592256422,0.6149134768877957,0.7926764584473263,0.7920479364188315,0.6178455857756018,0.6723511680709455,0.671690500055526,0.5078006074885633,0.6710761095271227,0.670411439649869,0.5060781026638148,0.5696969696969697,0.6884933714202007,0.05584706243021717,0.19156551361083984
3,0.8,0.25,0.0,0.25,9,36,2,2,0.30676087177327976,0.30676087177327976,0.5886439109427256,0.587918508065989,0.3721699660878811,0.5843445647456531,0.5836076786123202,0.3649394192885749,0.35909302384762254,0.35829465429702717,0.20757393653979087,0.3673307667621875,0.36653677469947066,0.2249150250260693,0.73125,0.8220937500000001,0.016289380704928684,0.6017870903015137
3,0.8,0.25,0.0,0.5,0,34,10,3,0.18286488737236706,0.2813440299382107,0.6568848284932551,0.6529135217313728,0.535441198786488,0.8021489417124285,0.8015540214626932,0.6413806962628472,0.5296051434680583,0.5262191756111846,0.35784357671811423,0.6640652098143663,0.6633936463526338,0.47901294122685556,0,0.0,inf,0.9786322116851807
3,0.8,0.25,0.0,0.5,1,26,3,3,0.29877506482806854,0.2987518965320957,0.7894563009729061,0.7888176692314446,0.6090757458430014,0.789789857030486,0.789150994948784,0.6112350182388241,0.6686248613917531,0.66795475092094,0.5016119889373588,0.6668307613228104,0.6661552998165207,0.4990750972068573,0.5696969696969697,0.6884933714202007,0.05577466908327254,0.6210899353027344
3,0.8,0.25,0.0,0.5,2,109,3,3,0.29837031231076755,0.2986255727684462,0.7920532465028122,0.791423901436366,0.6151023239096007,0.7921997857472497,0.7915695648752535,0.6162892627615703,0.6611067358959262,0.6604234389621813,0.48062193929772196,0.6492493065110276,0.6485401515758275,0.45307203333420376,0.5670731707317073,0.6861898753790645,0.060985374105553755,3.3398520946502686
3,0.8,0.25,0.0,0.5,3,17,4,4,0.30756199170358317,0.3073762154095663,0.902462641840836,0.9020594281071008,0.7700580044778049,0.897406368541996,0.8969792788487176,0.7526454569778374,0.8315072837959879,0.8310572568623775,0.6618054094433068,0.8357447021357427,0.8353020509100343,0.6777225590952062,0.572289156626506,0.6907634026278094,0.07674113302431128,0.13979196548461914
3,0.8,0.25,0.0,0.5,4,53,4,4,0.2926859041788298,0.2924940346636297,0.9032922516795583,0.9028927793128343,0.7730668342239174,0.9037907607564276,0.9033926442098374,0.7752391372397232,0.8306936655910727,0.8302419177365985,0.6589970286474999,0.8294772696226799,0.829021252431157,0.6564476401607514,0.5696969696969697,0.6884933714202007,0.07670029010908751,1.405806541442871
3,0.8,0.25,0.0,0.5,5,23,10,4,0.22298910350514464,0.3005378771238897,0.798287333325373,0.7960602444688137,0.6928227408035844,0.9083491277292126,0.907971490705844,0.7934094346634827,0.5231491427012843,0.51990654484196,0.2648221531994271,0.5879077429223251,0.5868117435177123,0.32235560277843,0,0.0,inf,0.5505688190460205
3,0.8,0.25,0.0,0.5,6,58,10,3,0.18958808645998992,0.293300132428152,0.6340823174445076,0.6297128146526143,0.4366846513080912,0.7548712966501103,0.7541043224033087,0.5123044922655382,0.48511981453962255,0.48126606210826645,0.2177855592514559,0.5929240519143224,0.5920661274059542,0.33570984919437624,0,0.0,inf,1.7931795120239258
3,0.8,0.25,0.0,0.5,7,17,3,3,0.2795135602151513,0.27923837447429173,0.7914333662242105,0.7908018077543368,0.6136596154716961,0.7921997857472497,0.7915695648752535,0.6162892627615703,0.3870703342417645,0.3858336386436547,0.16028361585763734,0.3872963856355671,0.3860576089203469,0.1610374468129141,0.5670731707317073,0.6861898753790645,0.05554877720860378,0.19479608535766602
3,0.8,0.25,0.0,0.5,8,25,4,4,0.29159914895294947,0.29129298885241467,0.8591466125744124,0.858569135964314,0.7542118774270319,0.9059896953135614,0.9056014712345598,0.78488266182146,0.5983961607545559,0.5973348455081967,0.34116821966006033,0.5839573365525113,0.5828476636274899,0.3153687444426345,0.41,0.5108843283117142,0.1122693152046231,0.3121492862701416
3,0.8,0.25,0.0,0.5,9,23,3,3,0.31587092761855723,0.31601918829077646,0.739964857200733,0.7391430675807574,0.476493102656082,0.7303232410180941,0.7294623299636516,0.45744797462502,0.5972831916700859,0.5964229904379739,0.35212464349252864,0.5960555189006077,0.5951809391979389,0.35653127194845763,0.6419753086419753,0.7807807807807807,0.03754479849988576,0.5487346649169922
3,0.8,0.25,0.0,0.75,0,26,10,4,0.1859372255122616,0.2884336027589666,0.7448559603189949,0.7421480408204681,0.6192917671827817,0.9083491277292126,0.907971490705844,0.7934094346634827,0.5159356838931911,0.5127878604073594,0.25683017578958334,0.5879077429223251,0.5868117435177123,0.32235560277843,0,0.0,inf,0.6441290378570557
3,0.8,0.25,0.0,0.75,1,114,10,3,0.17009719919419786,0.29725890813113903,0.6737771481290366,0.6701507546615061,0.5068514540374494,0.7852802150932446,0.7846251091678986,0.6010060305727019,0.3468271845313196,0.3423345947603044,0.12175908387781041,0.37493597278931157,0.3736622250862697,0.14532804951821357,0,0.0,inf,3.497354030609131
3,0.8,0.25,0.0,0.75,2,22,4,4,0.30756199170358334,0.3073762154095663,0.902462641840836,0.9020594281071008,0.7700580044778049,0.897406368541996,0.8969792788487176,0.7526454569778374,0.8315072837959879,0.8310572568623775,0.6618054094433068,0.8357447021357427,0.8353020509100343,0.6777225590952062,0.572289156626506,0.6907634026278094,0.07674113302431129,0.47406935691833496
3,0.8,0.25,0.0,0.75,3,30,10,4,0.17546204965215267,0.27066143639782553,0.7166557073722911,0.7136417511856558,0.5903485873638188,0.9083491277292126,0.907971490705844,0.7934094346634827,0.4335270733222648,0.4298332667116724,0.20014395569159443,0.5879077429223251,0.5868117435177123,0.32235560277843,0,0.0,inf,0.8397617340087891
3,0.8,0.25,0.0,0.75,4,110,10,3,0.1693277722625806,0.2971065095504467,0.6685625112243314,0.6648781502505448,0.5038766973929031,0.7852802150932446,0.7846251091678986,0.6010060305727019,0.3403269979591784,0.3357896992367003,0.11961720907209086,0.37493597278931157,0.3736622250862697,0.14532804951821357,0,0.0,inf,3.503905773162842
3,0.8,0.25,0.0,0.75,5,49,10,5,0.17990815321958128,0.22406328456998528,0.7429044715501663,0.7401813715770356,0.6120057650731137,1.0,1.0,1.0,0.5185406074950457,0.5154174837072045,0.25484432065716356,0.7375733655715295,0.7367405406672013,0.4724246305454723,0,0.0,inf,1.4816558361053467
3,0.8,0.25,0.0,0.75,6,42,10,4,0.18044103478374765,0.2800175993661872,0.7349911699499907,0.7321642751229762,0.5954005618849213,0.9083491277292126,0.907971490705844,0.7934094346634827,0.5091946857392061,0.5059832013792547,0.24046615422459738,0.587907742922325,0.5868117435177121,0.32235560277843,0,0.0,inf,0.8776435852050781
3,0.8,0.25,0.0,0.75,7,1000,10,4,0.18543915576955072,0.28863029516620303,0.742925078141951,0.7401939679699506,0.6187184749261974,0.9116055475593928,0.9112424542131328,0.8049349549879696,0.647007624391945,0.6447093796177282,0.44196279402030064,0.8218349120156891,0.821362937249629,0.6293450096268156,0,0.0,inf,24.869742155075073
3,0.8,0.25,0.0,0.75,8,37,4,4,0.3075619917035833,0.3073762154095664,0.902462641840836,0.9020594281071008,0.7700580044778049,0.897406368541996,0.8969792788487176,0.7526454569778374,0.8315072837959879,0.8310572568623775,0.6618054094433068,0.8357447021357428,0.8353020509100344,0.6777225590952062,0.572289156626506,0.6907634026278094,0.07674113302431129,1.0122902393341064
3,0.8,0.25,0.0,0.75,9,40,10,4,0.19092392098650898,0.29333020867916865,0.7547623388786342,0.7521405258294,0.6236555119858823,0.9083491277292126,0.907971490705844,0.7934094346634827,0.5055706168713743,0.5023266116504803,0.2347206913585717,0.5879077429223251,0.5868117435177123,0.32235560277843,0,0.0,inf,1.171072006225586
3,0.8,0.25,0.0,1.0,0,30,10,3,0.11236925388334229,0.2513248412254534,0.496184791123465,0.49082082827778145,0.34711892276671097,0.7595386266093844,0.7587891678710779,0.523012647821584,0.3631996094335158,0.35903651132656744,0.18088259085041347,0.6000310519393101,0.5991924558208827,0.34859032320172656,0,0.0,inf,0.7015860080718994
3,0.8,0.25,0.0,1.0,1,116,10,3,0.13180269980859285,0.2765014557068567,0.6133751684816368,0.6092713344249434,0.455101778494028,0.7916267295012033,0.7909944647108239,0.6144266258107057,0.4647291264255021,0.4612427524263227,0.31178398960249126,0.6865809274896538,0.6859468433771049,0.542968341433499,0,0.0,inf,3.550050735473633
3,0.8,0.25,0.0,1.0,2,41,10,3,0.13683767076847883,0.28820060869789405,0.6201193420114101,0.6160831178957207,0.4602147704249261,0.7889606460971246,0.7883188157233194,0.6085417084158432,0.4456400142501669,0.44202495582061174,0.23051374439149758,0.6444080303082955,0.6436864403758702,0.44488729445134056,0,0.0,inf,0.930823564529419
3,0.8,0.25,0.0,1.0,3,31,10,3,0.12780210303358566,0.27732651455951896,0.6316886044340764,0.6277798823914817,0.4539643827973037,0.7926764584473263,0.7920479364188315,0.6178455857756018,0.4742076298915916,0.4707837699584813,0.31346440903668216,0.6710761095271227,0.670411439649869,0.5060781026638148,0,0.0,inf,0.5767359733581543
3,0.8,0.25,0.0,1.0,4,43,10,4,0.144418054912254,0.26562586939839006,0.6912682752705416,0.6880627932120034,0.5326863586701368,0.8974063685419958,0.8969792788487174,0.7526454569778374,0.43602337116300366,0.4324460114535866,0.17907931102078994,0.5695438300688876,0.568383794723232,0.28830015171599577,0,0.0,inf,0.7893867492675781
3,0.8,0.25,0.0,1.0,5,112,10,3,0.13506071768809194,0.2855149492486946,0.6155249568115699,0.6114399174483801,0.4540708430452327,0.7889606460971246,0.7883188157233194,0.6085417084158432,0.441509008633034,0.4378670113423369,0.23041102295836335,0.6444080303082954,0.6436864403758701,0.44488729445134056,0,0.0,inf,2.9019901752471924
3,0.8,0.25,0.0,1.0,6,44,10,5,0.1432284559401373,0.20881438042795153,0.7057079217461744,0.7026975599676775,0.5641058980968597,1.0,1.0,1.0,0.4330779340067723,0.429546499488601,0.193364236825101,0.7375733655715296,0.7367405406672015,0.4724246305454723,0,0.0,inf,1.0845434665679932
3,0.8,0.25,0.0,1.0,7,1000,10,3,0.12981636462985213,0.2628678711029136,0.5798921069481058,0.5754855712269079,0.46846580635076784,0.8021489417124285,0.8015540214626932,0.6413806962628472,0.45606684612545095,0.4525751850295835,0.2873991364386899,0.6640652098143663,0.6633936463526338,0.47901294122685556,0,0.0,inf,20.510162115097046
3,0.8,0.25,0.0,1.0,8,46,10,4,0.1363626311414857,0.24149375763543005,0.6479277532697489,0.6443197525643639,0.5176587763834346,0.9116055475593928,0.9112424542131328,0.8049349549879696,0.39394852133043035,0.39016495861595724,0.19256326194999732,0.5933517525706161,0.5922745061043153,0.3316882713421359,0,0.0,inf,1.293600082397461
3,0.8,0.25,0.0,1.0,9,39,10,4,0.15665310823741288,0.27475442476085127,0.7257358269154527,0.7228880779629038,0.5734081960444815,0.9037907607564276,0.9033926442098374,0.7752391372397232,0.6188055254371738,0.6163874327360479,0.43264606653036786,0.8294772696226799,0.829021252431157,0.6564476401607514,0,0.0,inf,1.038991928100586
3,0.8,0.25,0.25,0.0,0,22,3,3,0.29218812907527586,0.2924978798475079,0.7964944021672811,0.7958808511897366,0.6258578876687111,0.8021489417124285,0.8015540214626932,0.6413806962628472,0.6676671450542293,0.6670004454689283,0.49186169961844683,0.6640652098143663,0.6633936463526338,0.47901294122685556,0.15,0.20951183741881416,0.3306841396172604,0.4059627056121826
3,0.8,0.25,0.25,0.0,1,117,3,3,0.29965609163136653,0.29940887747637834,0.7894055587341606,0.7887667457732628,0.6089106796367217,0.7889606460971244,0.7883188157233192,0.6085417084158432,0.6707786783405367,0.6701128855814311,0.5067592679602066,0.6827081189134144,0.6820642499665682,0.536681216439622,0.572289156626506,0.6907634026278094,0.05548571522935418,3.2930073738098145
3,0.8,0.25,0.25,0.0,2,15,3,3,0.3034411497477426,0.3031720513147306,0.7919171422000004,0.7912873128296978,0.6146580667163571,0.7916267295012033,0.7909944647108239,0.6144266258107057,0.6744585519968018,0.673802075766916,0.5128575145547655,0.6865809274896538,0.6859468433771049,0.542968341433499,0.572289156626506,0.6907634026278094,0.05556410867826107,0.16312742233276367
3,0.8,0.25,0.25,0.0,3,20,3,3,0.2958169263669709,0.29549993660125556,0.7903747757157535,0.7897394336368198,0.6111150880111534,0.7849276230002521,0.7842712471813089,0.5998687124749003,0.672199343603704,0.6715371528473736,0.5091037432295656,0.6768387497441453,0.6761799567006874,0.527325252875187,0.572289156626506,0.6907634026278094,0.06046228273517221,0.10220456123352051
3,0.8,0.25,0.25,0.0,4,22,3,3,0.29965609163136636,0.2994088774763782,0.7894055587341606,0.7887667457732628,0.6089106796367217,0.7889606460971244,0.7883188157233192,0.6085417084158432,0.6707786783405367,0.6701128855814311,0.5067592679602066,0.6827081189134144,0.6820642499665682,0.536681216439622,0.572289156626506,0.6907634026278094,0.05548571522935419,0.13615059852600098
3,0.8,0.25,0.25,0.0,5,26,2,2,0.2750494950759947,0.2750494950759947,0.5929643377326672,0.5922487984829552,0.38063760684237313,0.5976802337166615,0.596973854438701,0.39109438552078163,0.3661865382405893,0.3654004655710871,0.22018699433238334,0.38903876715860136,0.3882823553487612,0.2640461030217801,0.572289156626506,0.6907634026278094,0.03984449504784676,0.37690043449401855
3,0.8,0.25,0.25,0.0,6,29,3,3,0.2950513599127718,0.29530216631464934,0.7893604470334368,0.7887214729506181,0.6087639900510177,0.7889606460971246,0.7883188157233194,0.6085417084158432,0.6571211120546576,0.6564276642829949,0.47392307168234943,0.6444080303082954,0.6436864403758701,0.44488729445134056,0.5748502994011976,0.6946705741886464,0.05951960260575902,0.4434347152709961
3,0.8,0.25,0.25,0.0,7,28,3,3,0.29877506482806837,0.2987518965320957,0.7894563009729061,0.7888176692314446,0.6090757458430014,0.789789857030486,0.789150994948784,0.6112350182388241,0.6686248613917531,0.66795475092094,0.5016119889373588,0.6668307613228104,0.6661552998165207,0.4990750972068573,0.5696969696969697,0.6884933714202007,0.05577466908327251,0.6538724899291992
3,0.8,0.25,0.25,0.0,8,44,3,3,0.2938321050902911,0.2936534650303343,0.7903227834399137,0.7896872559207784,0.6109458131619562,0.7849276230002521,0.7842712471813089,0.5998687124749003,0.38509166071712936,0.3838494109267403,0.15752150986229166,0.37430486447919226,0.373029329116335,0.14414618051325584,0.5748502994011976,0.6946705741886464,0.05448519582489578,0.9827075004577637
3,0.8,0.25,0.25,0.0,9,20,4,4,0.3042848217540427,0.30446028467943204,0.9075030477238635,0.9071224809899361,0.7887321917624809,0.9116055475593928,0.9112424542131328,0.8049349549879696,0.8265696202747511,0.8261092144636512,0.6445372756707703,0.8218349120156891,0.821362937249629,0.6293450096268156,0.15,0.20951183741881416,0.3469629899063994,0.11580634117126465
3,0.8,0.25,0.25,0.25,0,33,10,4,0.22042829628850572,0.30108849627573997,0.7942450148765503,0.7919734734147864,0.6763884323465432,0.9083491277292126,0.907971490705844,0.7934094346634827,0.5180275194910452,0.5147503921125954,0.25308698506036026,0.587907742922325,0.5868117435177121,0.32235560277843,0.09523809523809523,0.1365001365001365,0.47558630845183625,0.9460113048553467
3,0.8,0.25,0.25,0.25,1,61,3,3,0.2987750648280684,0.29875189653209566,0.7894563009729061,0.7888176692314446,0.6090757458430014,0.789789857030486,0.789150994948784,0.6112350182388241,0.6686248613917531,0.66795475092094,0.5016119889373588,0.6668307613228103,0.6661552998165206,0.4990750972068573,0.5696969696969697,0.6884933714202007,0.05577466908327253,1.6873047351837158
3,0.8,0.25,0.25,0.25,2,39,3,3,0.31989001230886505,0.31988146072674917,0.7382712632211267,0.7374429749388643,0.4728567797325691,0.7375733655715297,0.7367405406672015,0.4724246305454723,1.0,1.0,1.0,1.0,1.0,1.0,0.6410256410256411,0.7807807807807807,0.039214732689545326,1.0197076797485352
3,0.8,0.25,0.25,0.25,3,45,3,3,0.3034411497477426,0.3031720513147306,0.7919171422000004,0.7912873128296978,0.6146580667163571,0.7916267295012033,0.7909944647108239,0.6144266258107057,0.6744585519968018,0.673802075766916,0.5128575145547655,0.6865809274896538,0.6859468433771049,0.542968341433499,0.572289156626506,0.6907634026278094,0.055564108678261045,1.2171287536621094
3,0.8,0.25,0.25,0.25,4,18,4,3,0.26853545311277555,0.2959786380684848,0.7682649892627432,0.7672741526154371,0.6168783939549483,0.8019282820082536,0.8013325861275414,0.6406540834881669,0.41254193452754484,0.4109048672016574,0.1860865502430026,0.4045942902943182,0.40340372512137557,0.185435262866209,0.2,0.273000273000273,0.24905664078775414,0.17670893669128418
3,0.8,0.25,0.25,0.25,5,27,3,3,0.2795135602151513,0.27923837447429173,0.7914333662242105,0.7908018077543368,0.6136596154716961,0.7921997857472497,0.7915695648752535,0.6162892627615703,0.38707033424176446,0.38583363864365466,0.16028361585763734,0.3872963856355671,0.3860576089203469,0.1610374468129141,0.5670731707317073,0.6861898753790645,0.05554877720860375,0.3939332962036133
3,0.8,0.25,0.25,0.25,6,28,2,2,0.3068011020001426,0.30680110200014254,0.5878399019601795,0.5871126581313231,0.3706193494105449,0.5879077429223252,0.5871790535706989,0.3717161405198315,0.8313787680515661,0.83116854713833,0.8470017763599165,0.8321863395202956,0.8319764965397318,0.8493589643652412,0.6415094339622641,0.7813936385364957,0.02293588240040627,0.4293334484100342
3,0.8,0.25,0.25,0.25,7,20,4,4,0.30243759351109356,0.302504812146476,0.8927586622940304,0.8923178826819123,0.7822854013679056,0.9116055475593928,0.9112424542131328,0.8049349549879696,0.8255089853811186,0.8250463704449814,0.6407570460166337,0.8218349120156891,0.821362937249629,0.6293450096268156,0.2,0.273000273000273,0.2719899884942659,0.11764383316040039
3,0.8,0.25,0.25,0.25,8,31,2,2,0.29845323867529133,0.2984532386752915,0.5923035749787092,0.5915865303510878,0.37932760189374876,0.5936479709519707,0.5929324165216566,0.3829540138806239,0.3623620447897751,0.3615706970695275,0.21309892399116745,0.3614980604274912,0.3607042949307468,0.212808677534589,0.5696969696969697,0.6884933714202007,0.040177904811729476,0.4666481018066406
3,0.8,0.25,0.25,0.25,9,14,3,3,0.2958169263669709,0.29549993660125573,0.7903747757157535,0.7897394336368198,0.6111150880111534,0.7849276230002521,0.7842712471813089,0.5998687124749003,0.672199343603704,0.6715371528473736,0.5091037432295656,0.6768387497441453,0.6761799567006874,0.527325252875187,0.572289156626506,0.6907634026278094,0.060462282735172235,0.12389731407165527
3,0.8,0.25,0.25,0.5,0,108,3,3,0.3034411497477426,0.3031720513147306,0.7919171422000004,0.7912873128296978,0.6146580667163571,0.7916267295012033,0.7909944647108239,0.6144266258107057,0.6744585519968018,0.673802075766916,0.5128575145547655,0.6865809274896537,0.6859468433771048,0.542968341433499,0.572289156626506,0.6907634026278094,0.055564108678261045,3.0085580348968506
3,0.8,0.25,0.25,0.5,1,26,3,3,0.31587092761855684,0.31601918829077646,0.739964857200733,0.7391430675807574,0.476493102656082,0.7303232410180941,0.7294623299636516,0.45744797462502,0.5972831916700859,0.5964229904379739,0.35212464349252864,0.5960555189006077,0.5951809391979389,0.35653127194845763,0.6419753086419753,0.7807807807807807,0.037544798499885776,0.35477614402770996
3,0.8,0.25,0.25,0.5,2,46,3,3,0.2987750648280684,0.2987518965320957,0.7894563009729061,0.7888176692314446,0.6090757458430014,0.789789857030486,0.789150994948784,0.6112350182388241,0.6686248613917531,0.66795475092094,0.5016119889373588,0.6668307613228104,0.6661552998165207,0.4990750972068573,0.5696969696969697,0.6884933714202007,0.05577466908327251,1.1832489967346191
3,0.8,0.25,0.25,0.5,3,19,4,4,0.3075619917035831,0.3073762154095662,0.902462641840836,0.9020594281071008,0.7700580044778049,0.897406368541996,0.8969792788487176,0.7526454569778374,0.8315072837959879,0.8310572568623775,0.6618054094433068,0.8357447021357429,0.8353020509100345,0.6777225590952062,0.572289156626506,0.6907634026278094,0.07674113302431126,0.13772106170654297
3,0.8,0.25,0.25,0.5,4,55,3,3,0.28007014749666437,0.2797651948227627,0.7912521513553256,0.7906199474689949,0.6130686761259063,0.7916267295012034,0.790994464710824,0.6144266258107057,0.38674755523813903,0.38550995740896166,0.15968300374862238,0.3862745401080619,0.3850329004067273,0.15913988880652757,0.5748502994011976,0.6946705741886464,0.05416139915771591,1.4800903797149658
3,0.8,0.25,0.25,0.5,5,37,3,3,0.29837031231076755,0.29862557276844615,0.7920532465028122,0.791423901436366,0.6151023239096007,0.7921997857472497,0.7915695648752535,0.6162892627615703,0.6611067358959262,0.6604234389621813,0.48062193929772196,0.6492493065110276,0.6485401515758275,0.45307203333420376,0.5670731707317073,0.6861898753790645,0.06098537410555374,0.7286932468414307
3,0.8,0.25,0.25,0.5,6,34,3,3,0.3034411497477426,0.3031720513147306,0.7919171422000004,0.7912873128296978,0.6146580667163571,0.7916267295012033,0.7909944647108239,0.6144266258107057,0.6744585519968018,0.673802075766916,0.5128575145547655,0.6865809274896538,0.6859468433771049,0.542968341433499,0.572289156626506,0.6907634026278094,0.05556410867826107,0.9029886722564697
3,0.8,0.25,0.25,0.5,7,33,2,2,0.30676087177327976,0.30676087177327976,0.5886439109427256,0.587918508065989,0.3721699660878811,0.5843445647456531,0.5836076786123202,0.3649394192885749,0.35909302384762254,0.35829465429702717,0.20757393653979087,0.3673307667621875,0.36653677469947066,0.2249150250260693,0.73125,0.8220937500000001,0.016289380704928684,0.7689933776855469
3,0.8,0.25,0.25,0.5,8,27,3,3,0.2800701474966642,0.2797651948227626,0.7912521513553256,0.7906199474689949,0.6130686761259063,0.7916267295012034,0.790994464710824,0.6144266258107057,0.38674755523813903,0.38550995740896166,0.15968300374862238,0.3862745401080619,0.3850329004067273,0.15913988880652757,0.5748502994011976,0.6946705741886464,0.05416139915771591,0.5630362033843994
3,0.8,0.25,0.25,0.5,9,45,4,4,0.28999564489917856,0.2896769656693638,0.9041296431413824,0.9037339420232676,0.7760883163884392,0.9000920107272863,0.8996771460213145,0.7622414951112423,0.581721393314461,0.5806064583620326,0.30928567669377277,0.5740608484987777,0.5729166889125227,0.29646770121656035,0.5670731707317073,0.6861898753790645,0.07680419500356085,1.0522534847259521
3,0.8,0.25,0.25,0.75,0,110,10,3,0.13053923050725774,0.26349607314771895,0.605893309086328,0.6017361774190575,0.4757463022831188,0.8021489417124285,0.8015540214626932,0.6413806962628472,0.49487563820455555,0.49161132803832785,0.2925919385179981,0.6640652098143663,0.6633936463526338,0.47901294122685556,0.2857142857142857,0.37537537537537535,1.2152517332215058,3.40466570854187
3,0.8,0.25,0.25,0.75,1,45,10,3,0.14624792202746528,0.2968200905549893,0.6680298096464016,0.6644721533411545,0.4901158256505783,0.7889606460971246,0.7883188157233194,0.6085417084158432,0.46782469175740005,0.4643182107703513,0.2498494474250505,0.6444080303082954,0.6436864403758701,0.44488729445134056,0.31788079470198677,0.4302810272959527,1.1579400628247158,1.3122844696044922
3,0.8,0.25,0.25,0.75,2,1000,10,3,0.13696829145871126,0.28181086302638736,0.5910308028594919,0.586595331969021,0.3983166815001878,0.7595386266093844,0.7587891678710779,0.523012647821584,0.45127785587713587,0.4476088311052701,0.17959140850585317,0.60003105193931,0.5991924558208825,0.34859032320172656,0.2857142857142857,0.37537537537537535,1.213594943631342,23.138551235198975
3,0.8,0.25,0.25,0.75,3,30,4,4,0.2926859041788298,0.2924940346636299,0.9032922516795583,0.9028927793128343,0.7730668342239174,0.9037907607564276,0.9033926442098374,0.7752391372397232,0.8306936655910727,0.8302419177365985,0.6589970286474999,0.8294772696226799,0.829021252431157,0.6564476401607514,0.5696969696969697,0.6884933714202007,0.07670029010908752,0.7606644630432129
3,0.8,0.25,0.25,0.75,4,39,10,3,0.1512824159994569,0.3005161037940217,0.6888442205876453,0.6855203133161855,0.5246568197890359,0.7916267295012033,0.7909944647108239,0.6144266258107057,0.5192376659671667,0.5160823729075795,0.3059853564891335,0.6865809274896538,0.6859468433771049,0.542968341433499,0.21830985915492956,0.3092793790468209,1.2270879176895289,1.0752487182617188
3,0.8,0.25,0.25,0.75,5,43,10,3,0.13790328275505093,0.2731532752817009,0.6403465478096123,0.6364728367621366,0.47929300106129247,0.7926764584473263,0.7920479364188315,0.6178455857756018,0.49808607890610007,0.49475866684996783,0.30438952447473433,0.6710761095271227,0.670411439649869,0.5060781026638148,0.20134228187919462,0.28691111493659266,1.2652328318043764,0.8575232028961182
3,0.8,0.25,0.25,0.75,6,111,10,3,0.14579734077949275,0.29678006156704956,0.667725570699286,0.6641646539277684,0.49032491555225577,0.7889606460971246,0.7883188157233194,0.6085417084158432,0.4674481572614532,0.46393919530426075,0.24999469545769085,0.6444080303082955,0.6436864403758702,0.44488729445134056,0.31788079470198677,0.4302810272959527,1.1579400628247158,3.0754594802856445
3,0.8,0.25,0.25,0.75,7,49,10,3,0.15075985554799667,0.29784387023620545,0.6652184191949106,0.661635031833287,0.4927262886760258,0.7852802150932446,0.7846251091678986,0.6010060305727019,0.34850314380663977,0.3442169037682663,0.1225430744210069,0.37493597278931157,0.3736622250862697,0.14532804951821357,0.30405405405405406,0.41325729399123895,1.1583243968675094,1.1074988842010498
3,0.8,0.25,0.25,0.75,8,29,10,3,0.1461803639916193,0.2967994102117249,0.6681231683917808,0.6645665125930214,0.4901773226804834,0.7889606460971246,0.7883188157233194,0.6085417084158432,0.4679402351106324,0.4644345154339357,0.2498921674346506,0.6444080303082954,0.6436864403758701,0.44488729445134056,0.31788079470198677,0.4302810272959527,1.1579400628247158,0.7919125556945801
3,0.8,0.25,0.25,0.75,9,45,10,3,0.13824013061519286,0.27467487208742547,0.6254594755189478,0.6214235848503519,0.4533071860032035,0.7916267295012034,0.790994464710824,0.6144266258107057,0.31600146644782434,0.3114643928693399,0.09443092615805697,0.3862745401080619,0.3850329004067273,0.15913988880652757,0.31788079470198677,0.4302810272959527,1.158847568279298,0.8783738613128662
3,0.8,0.25,0.25,1.0,0,57,10,4,0.14236374414018751,0.2766086802819203,0.7180984862391265,0.7152423685771049,0.560328254926103,0.9037907607564276,0.9033926442098374,0.7752391372397232,0.5945634844121048,0.5920648985196892,0.3859315873074508,0.8294772696226799,0.829021252431157,0.6564476401607514,0.2214765100671141,0.31261545457129053,1.7036398492230904,1.2647168636322021
3,0.8,0.25,0.25,1.0,1,56,10,3,0.11249516428295281,0.2824677004018836,0.5807407093595235,0.5764119814121845,0.3982436809910723,0.7889606460971246,0.7883188157233194,0.6085417084158432,0.41064663200839613,0.4069315422415204,0.18466371427304998,0.6444080303082954,0.6436864403758701,0.44488729445134056,0.2185430463576159,0.30968468468468463,1.9969098570836672,1.679067850112915
3,0.8,0.25,0.25,1.0,2,47,10,5,0.15594464022280619,0.2623132371591097,0.7658448037259995,0.7635429510542152,0.6507056076024605,1.0,1.0,1.0,0.5499294542843244,0.5472542940056381,0.27302391127406617,0.7375733655715295,0.7367405406672013,0.4724246305454723,0.24242424242424243,0.45667787603271476,1.405921182792012,1.1545064449310303
3,0.8,0.25,0.25,1.0,3,113,10,4,0.15385856412120258,0.29051824159378664,0.7232647187475677,0.7204590612854881,0.5629468353462634,0.897406368541996,0.8969792788487176,0.7526454569778374,0.5872797710956396,0.5847342335413088,0.3874191101188839,0.8357447021357427,0.8353020509100343,0.6777225590952062,0.22,0.31065548306927615,1.7042481308310782,2.4061081409454346
3,0.8,0.25,0.25,1.0,4,46,10,4,0.1427637432923884,0.2767814726116894,0.7139589318938275,0.7110608738600753,0.5557538604829916,0.9037907607564276,0.9033926442098374,0.7752391372397232,0.5945634844121048,0.5920648985196892,0.3859315873074508,0.8294772696226799,0.829021252431157,0.6564476401607514,0.2214765100671141,0.31261545457129053,1.70363984922309,0.9613275527954102
3,0.8,0.25,0.25,1.0,5,44,10,4,0.15282853324981588,0.29123396222982356,0.7235750752887644,0.7207726181012519,0.560487149664296,0.897406368541996,0.8969792788487176,0.7526454569778374,0.6000629058838368,0.5975962679358675,0.38960472247088207,0.8357447021357429,0.8353020509100346,0.6777225590952062,0.22,0.31065548306927615,1.7047348409507364,1.0771496295928955
3,0.8,0.25,0.25,1.0,6,153,10,4,0.14965638572784637,0.2784920992964198,0.6798354940290086,0.6766251037008604,0.5578323871263297,0.9083491277292126,0.907971490705844,0.7934094346634827,0.44990951198406515,0.4465616922649144,0.22586061683798522,0.587907742922325,0.5868117435177121,0.32235560277843,0.24242424242424243,0.45667787603271476,1.6953089365884342,3.0457615852355957
3,0.8,0.25,0.25,1.0,7,28,10,4,0.1102600126404678,0.21547635002462234,0.613099336550734,0.6092190124977246,0.46296512005117724,0.9083491277292126,0.907971490705844,0.7934094346634827,0.3627446704761757,0.3588654673477583,0.15214256744885682,0.5879077429223251,0.5868117435177123,0.32235560277843,0.24242424242424243,0.4561523548865321,1.7016551381396483,0.5718679428100586
3,0.8,0.25,0.25,1.0,8,40,10,5,0.1315091341411055,0.21089187207949017,0.6892669777682743,0.6861188657272442,0.5007216096031962,1.0,1.0,1.0,0.5690213549137522,0.5663654773817639,0.35358510719548614,0.7375733655715295,0.7367405406672014,0.4724246305454723,0.2214765100671141,0.31261545457129053,1.703671204130723,0.8020617961883545
3,0.8,0.25,0.25,1.0,9,116,10,4,0.1347959259719855,0.2493074000189209,0.6713860984252746,0.6680879262046099,0.5191717549135886,0.9059896953135614,0.9056014712345598,0.78488266182146,0.40833528638729505,0.40473041818858696,0.17810798108084475,0.5839573365525113,0.5828476636274899,0.3153687444426345,0.24242424242424243,0.44858136144443195,1.6958821564744437,2.598116636276245
3,0.8,0.25,0.5,0.0,0,22,4,4,0.2869099494121842,0.286554804443487,0.9019138104143678,0.901508118740358,0.76805910791063,0.8974063685419958,0.8969792788487174,0.7526454569778374,0.5780077503743203,0.5768799063541297,0.3026031658242566,0.5695438300688878,0.5683837947232321,0.28830015171599577,0.5748502994011976,0.6946705741886464,0.07533842350376613,0.1844768524169922
3,0.8,0.25,0.5,0.0,1,39,10,4,0.1893780659291586,0.2256154322555187,0.7051473423145717,0.7017147228720856,0.5273135034034674,0.9116055475593928,0.9112424542131328,0.8049349549879696,0.5544130703952507,0.5511823356075854,0.3759603878814437,0.821834912015689,0.8213629372496289,0.6293450096268156,0,0.0,inf,1.090106725692749
3,0.8,0.25,0.5,0.0,2,25,10,4,0.19296989901079628,0.23165191989554423,0.7077986822192666,0.7044020953364756,0.5341995189565211,0.9116055475593928,0.9112424542131328,0.8049349549879696,0.5580241608346018,0.5548256714547651,0.38210141299695066,0.8218349120156891,0.821362937249629,0.6293450096268156,0,0.0,inf,0.6066217422485352
3,0.8,0.25,0.5,0.0,3,34,3,3,0.293832105090291,0.29365346503033424,0.7903227834399137,0.7896872559207784,0.6109458131619562,0.7849276230002521,0.7842712471813089,0.5998687124749003,0.38509166071712936,0.3838494109267403,0.15752150986229166,0.37430486447919226,0.373029329116335,0.14414618051325584,0.5748502994011976,0.6946705741886464,0.05448519582489578,0.9552209377288818
3,0.8,0.25,0.5,0.0,4,21,4,3,0.2795526856874975,0.3165241624861759,0.7416538818882122,0.7405111513717418,0.5048235550815259,0.7303232410180941,0.7294623299636516,0.45744797462502,0.5644443571823332,0.5631756579227639,0.302423721152253,0.5960555189006077,0.5951809391979389,0.35653127194845763,0,0.0,inf,0.17971110343933105
3,0.8,0.25,0.5,0.0,5,43,3,3,0.29728791127725185,0.2973073712175688,0.7964599900015984,0.7958463173618422,0.6257449183498832,0.8019282820082536,0.8013325861275414,0.6406540834881669,0.3960108404152614,0.39479911886199737,0.17246448557582922,0.4045942902943182,0.40340372512137557,0.185435262866209,0.15,0.20951183741881416,0.3206791654325413,1.0800533294677734
3,0.8,0.25,0.5,0.0,6,29,4,3,0.2749536727931983,0.3122892526203445,0.7378801785891131,0.7367171902059113,0.49560370847271745,0.7250071641342934,0.7241254949570672,0.44647024161769056,0.5587548767259456,0.557464422929247,0.29172715976639846,0.5880574779608787,0.5871603983222972,0.34186166083827674,0,0.0,inf,0.25383448600769043
3,0.8,0.25,0.5,0.0,7,18,4,4,0.3075619917035833,0.3073762154095664,0.902462641840836,0.9020594281071008,0.7700580044778049,0.897406368541996,0.8969792788487176,0.7526454569778374,0.8315072837959879,0.8310572568623775,0.6618054094433068,0.8357447021357428,0.8353020509100344,0.6777225590952062,0.572289156626506,0.6907634026278094,0.07674113302431129,0.08224892616271973
3,0.8,0.25,0.5,0.0,8,25,10,3,0.19308697393906812,0.29945306563634355,0.6919168188401427,0.6883161079596835,0.5235464607286083,0.7921997857472497,0.7915695648752535,0.6162892627615703,0.5206792834187376,0.5171869614794986,0.3308445854284126,0.6492493065110276,0.6485401515758275,0.45307203333420376,0,0.0,inf,0.4456009864807129
3,0.8,0.25,0.5,0.0,9,43,10,3,0.19314095285343416,0.29945731123193686,0.6936340360346973,0.6900533950672184,0.5239189193157111,0.7921997857472497,0.7915695648752535,0.6162892627615703,0.5228395493827835,0.5193629671016896,0.3311234125063878,0.6492493065110276,0.6485401515758275,0.45307203333420376,0,0.0,inf,0.8379194736480713
3,0.8,0.25,0.5,0.25,0,49,3,3,0.29582723972303326,0.2956706898560772,0.7904764725728852,0.7898414931742512,0.6114464079728974,0.7852802150932446,0.7846251091678986,0.6010060305727019,0.38536555403022155,0.3841240709865136,0.15803176243484104,0.37493597278931157,0.3736622250862697,0.14532804951821357,0.5670731707317073,0.6861898753790645,0.05587857397774584,0.919287919998169
3,0.8,0.25,0.5,0.25,1,55,10,4,0.167198052760442,0.23241023386688744,0.6951731309764849,0.6918078014662927,0.5087111342090193,0.9116055475593928,0.9112424542131328,0.8049349549879696,0.5432335136961001,0.5401183705142868,0.34714277707232244,0.8218349120156891,0.821362937249629,0.6293450096268156,0.4857142857142857,0.6381381381381381,0.5060925696470641,1.146744728088379
3,0.8,0.25,0.5,0.25,2,43,3,3,0.2938321050902911,0.2936534650303343,0.7903227834399137,0.7896872559207784,0.6109458131619562,0.7849276230002521,0.7842712471813089,0.5998687124749003,0.38509166071712936,0.3838494109267403,0.15752150986229166,0.37430486447919226,0.373029329116335,0.14414618051325584,0.5748502994011976,0.6946705741886464,0.05448519582489578,1.046125888824463
3,0.8,0.25,0.5,0.25,3,1000,10,4,0.1948894265093567,0.30028340771052764,0.7721404884311446,0.7697227290910001,0.632673786956996,0.9083491277292126,0.907971490705844,0.7934094346634827,0.5104728744864924,0.507290429702615,0.23651149608615518,0.5879077429223251,0.5868117435177123,0.32235560277843,0.09523809523809523,0.15015015015015015,0.823395269782826,21.921695470809937
3,0.8,0.25,0.5,0.25,4,34,10,3,0.1687399187021632,0.29979417087513366,0.678828565795151,0.67526273639035,0.5047204546919756,0.7921997857472497,0.7915695648752535,0.6162892627615703,0.49454806332076706,0.4910768116560214,0.2900591500851165,0.6492493065110276,0.6485401515758275,0.45307203333420376,0.3076923076923077,0.4416180886769122,0.5769393711488008,0.9191732406616211
3,0.8,0.25,0.5,0.25,5,39,10,3,0.1716226365834362,0.3207923435076247,0.6566410216710038,0.6526831739223469,0.39425847903440187,0.7375733655715297,0.7367405406672015,0.4724246305454723,0.7269887405553518,0.725024341981483,0.7024055675329701,1.0,1.0,1.0,0.2903225806451613,0.42229729729729726,0.6386537811173608,0.7695810794830322
3,0.8,0.25,0.5,0.25,6,37,10,4,0.18289487118734205,0.2837872210118121,0.7735530678257699,0.77114205744945,0.6371549969145931,0.9083491277292126,0.907971490705844,0.7934094346634827,0.4888027159263336,0.48546546175433075,0.22766733250256332,0.5879077429223251,0.5868117435177123,0.32235560277843,0.08695652173913043,0.13056534795665228,0.8858903434947354,0.7213418483734131
3,0.8,0.25,0.5,0.25,7,108,3,3,0.29582723972303343,0.2956706898560772,0.7904764725728854,0.7898414931742513,0.6114464079728974,0.7852802150932446,0.7846251091678986,0.6010060305727019,0.3853655540302216,0.3841240709865136,0.15803176243484104,0.37493597278931157,0.3736622250862697,0.14532804951821357,0.5670731707317073,0.6861898753790645,0.05587857397774584,2.5863535404205322
3,0.8,0.25,0.5,0.25,8,1000,10,3,0.16884754088053047,0.3088180200603787,0.6480958439532063,0.6440894922326713,0.40931102567750927,0.7595386266093844,0.7587891678710779,0.523012647821584,0.4702853226959623,0.46653229579756367,0.18872650125889207,0.6000310519393101,0.5991924558208827,0.34859032320172656,0.09523809523809523,0.15015015015015015,0.9285035613462589,20.452197551727295
3,0.8,0.25,0.5,0.25,9,76,10,3,0.1734218174316952,0.3006824805924344,0.690290858285173,0.6868449435581808,0.5210444306088775,0.789789857030486,0.789150994948784,0.6112350182388241,0.5533041428148566,0.5502283150575488,0.3762022289316365,0.6668307613228104,0.6661552998165207,0.4990750972068573,0.2903225806451613,0.42229729729729726,0.5895774123724081,2.3661105632781982
3,0.8,0.25,0.5,0.5,0,36,10,4,0.16740839299295343,0.28068984968783506,0.7498559688025439,0.7472592047089848,0.5927207392421572,0.9116055475593928,0.9112424542131328,0.8049349549879696,0.5044142697804175,0.5012719069568059,0.22641035646014063,0.5933517525706161,0.5922745061043153,0.3316882713421359,0.17391304347826086,0.2502502502502502,0.5931138215722587,0.6576988697052002
3,0.8,0.25,0.5,0.5,1,49,3,3,0.2795135602151513,0.27923837447429173,0.7914333662242105,0.7908018077543368,0.6136596154716961,0.7921997857472497,0.7915695648752535,0.6162892627615703,0.3870703342417645,0.3858336386436547,0.16028361585763734,0.3872963856355671,0.3860576089203469,0.1610374468129141,0.5670731707317073,0.6861898753790645,0.05554877720860374,1.2619211673736572
3,0.8,0.25,0.5,0.5,2,61,10,3,0.15180687912166724,0.30203548142324893,0.6938135476992898,0.6905398515210803,0.5210930359464576,0.792676458447326,0.7920479364188314,0.6178455857756018,0.5531638824323183,0.5502280842097429,0.3608104737054578,0.6710761095271226,0.6704114396498689,0.5060781026638148,0.39215686274509803,0.5005005005005004,0.5049047315223143,1.419851541519165
3,0.8,0.25,0.5,0.5,3,95,10,4,0.15109811764701436,0.25815064602738974,0.667311570827741,0.6637800707880088,0.47660654778664785,0.9000920107272863,0.8996771460213145,0.7622414951112423,0.4679058852343334,0.4644406111620076,0.23262731537453543,0.5740608484987777,0.5729166889125227,0.29646770121656035,0.41216216216216217,0.5601932207436794,0.45242590506397673,2.0065295696258545
3,0.8,0.25,0.5,0.5,4,33,10,3,0.14479773578465802,0.28484272405302963,0.6685638069382961,0.6650577346088655,0.5312181323190109,0.8019282820082536,0.8013325861275414,0.6406540834881669,0.4162563409080944,0.41247075621410517,0.18049892612814372,0.4045942902943182,0.40340372512137557,0.185435262866209,0.19047619047619047,0.286000286000286,0.5837075964917738,0.7074470520019531
3,0.8,0.25,0.5,0.5,5,18,4,4,0.3075619917035833,0.3073762154095664,0.902462641840836,0.9020594281071008,0.7700580044778049,0.897406368541996,0.8969792788487176,0.7526454569778374,0.8315072837959879,0.8310572568623775,0.6618054094433068,0.8357447021357427,0.8353020509100343,0.6777225590952062,0.572289156626506,0.6907634026278094,0.07674113302431129,0.14422059059143066
3,0.8,0.25,0.5,0.5,6,37,10,4,0.17174170135208813,0.2959023497879824,0.7513764219577636,0.7488113107040183,0.6037761155990298,0.9083491277292126,0.907971490705844,0.7934094346634827,0.5045924188450179,0.5014746205850902,0.23342505485570175,0.587907742922325,0.5868117435177121,0.32235560277843,0.17391304347826086,0.2502502502502502,0.6457985581564551,0.7711832523345947
3,0.8,0.25,0.5,0.5,7,44,4,4,0.28999564489917856,0.2896769656693638,0.9041296431413824,0.9037339420232676,0.7760883163884392,0.9000920107272863,0.8996771460213145,0.7622414951112423,0.581721393314461,0.5806064583620326,0.30928567669377277,0.5740608484987777,0.5729166889125227,0.29646770121656035,0.5670731707317073,0.6861898753790645,0.07680419500356085,0.8161256313323975
3,0.8,0.25,0.5,0.5,8,109,10,4,0.1723801392693258,0.29697716638567173,0.7554212469238953,0.7528978671347271,0.6065107082078008,0.9083491277292126,0.907971490705844,0.7934094346634827,0.5130273213913081,0.5099626073502779,0.23823676293962445,0.5879077429223251,0.5868117435177123,0.32235560277843,0.17391304347826086,0.2502502502502502,0.6457985581564553,3.083743095397949
3,0.8,0.25,0.5,0.5,9,17,10,4,0.1754997475695904,0.2916001068707216,0.7474140484114349,0.7448176741806565,0.6196717594922095,0.9059896953135614,0.9056014712345598,0.78488266182146,0.5210142153064409,0.5180132506096613,0.24823440591626802,0.5839573365525113,0.5828476636274899,0.3153687444426345,0.19047619047619047,0.286000286000286,0.560009116468389,0.32445478439331055
3,0.8,0.25,0.5,0.75,0,48,10,5,0.172397952059725,0.2831656228061476,0.8010686689423037,0.7991124310779196,0.6816112615861404,1.0,1.0,1.0,0.6091067725978575,0.6067825879602271,0.3123736227523567,0.7375733655715295,0.7367405406672013,0.4724246305454723,0.2608695652173913,0.36036036036036034,0.7317866129028249,1.2637042999267578
3,0.8,0.25,0.5,0.75,1,36,10,3,0.13419344084217802,0.3024078634504174,0.6970458931092834,0.6939009734106424,0.5272536681656496,0.792676458447326,0.7920479364188314,0.6178455857756018,0.558770757366946,0.5559713087365417,0.35138852733162323,0.6710761095271226,0.6704114396498689,0.5060781026638148,0.3333333333333333,0.4399303762361087,0.8631251454690125,0.6625630855560303
3,0.8,0.25,0.5,0.75,2,41,4,4,0.3075619917035831,0.3073762154095661,0.902462641840836,0.9020594281071008,0.7700580044778049,0.897406368541996,0.8969792788487176,0.7526454569778374,0.8315072837959879,0.8310572568623775,0.6618054094433068,0.8357447021357429,0.8353020509100345,0.6777225590952062,0.572289156626506,0.6907634026278094,0.07674113302431128,1.1294660568237305
3,0.8,0.25,0.5,0.75,3,59,4,4,0.2869099494121843,0.28655480444348697,0.9019138104143678,0.901508118740358,0.76805910791063,0.8974063685419958,0.8969792788487174,0.7526454569778374,0.5780077503743202,0.5768799063541296,0.3026031658242566,0.5695438300688876,0.568383794723232,0.28830015171599577,0.5748502994011976,0.6946705741886464,0.07533842350376611,1.6348087787628174
3,0.8,0.25,0.5,0.75,4,42,10,5,0.18021222998135067,0.28685590837865976,0.8163322758764279,0.8145260313474821,0.7147001185549101,1.0,1.0,1.0,0.6091472289031267,0.6068231234341472,0.3124998647271059,0.7375733655715296,0.7367405406672015,0.4724246305454723,0.2608695652173913,0.36036036036036034,0.7375898674269206,1.2267320156097412
3,0.8,0.25,0.5,0.75,5,110,10,3,0.1222893708318885,0.2713542201483392,0.6248705159355792,0.6209322348160096,0.45987461222162207,0.7926764584473263,0.7920479364188315,0.6178455857756018,0.4679763020479679,0.4645544217160782,0.300042400467246,0.6710761095271227,0.670411439649869,0.5060781026638148,0.3333333333333333,0.4399303762361087,0.8207650035535194,2.7847185134887695
3,0.8,0.25,0.5,0.75,6,100,10,4,0.14401998137315175,0.2672676969503471,0.7056782883855511,0.7026858649975801,0.5521178925896718,0.9116055475593928,0.9112424542131328,0.8049349549879696,0.48350624365705874,0.4803101063294595,0.2200834738623017,0.5933517525706161,0.5922745061043153,0.3316882713421359,0.2608695652173913,0.36036036036036034,0.7934476814628272,2.4773268699645996
3,0.8,0.25,0.5,0.75,7,46,10,3,0.13144101642066716,0.2964646307015822,0.6698137104558411,0.6663833895461672,0.5075223316606864,0.7849276230002521,0.7842712471813089,0.5998687124749003,0.48121902874603634,0.4779244110825645,0.2561311439707841,0.6768387497441453,0.6761799567006874,0.527325252875187,0.1875,0.2669336002669336,0.9336011480952082,0.8992018699645996
3,0.8,0.25,0.5,0.75,8,45,10,5,0.18033060997687286,0.2870147943573712,0.8163322758764279,0.8145260313474821,0.7147001185549101,1.0,1.0,1.0,0.6091472289031267,0.6068231234341472,0.3124998647271059,0.7375733655715295,0.7367405406672014,0.4724246305454723,0.2608695652173913,0.36036036036036034,0.7375898674269205,0.9951162338256836
3,0.8,0.25,0.5,0.75,9,51,4,4,0.2926859041788298,0.2924940346636297,0.9032922516795583,0.9028927793128343,0.7730668342239174,0.9037907607564276,0.9033926442098374,0.7752391372397232,0.8306936655910727,0.8302419177365985,0.6589970286474999,0.8294772696226799,0.829021252431157,0.6564476401607514,0.5696969696969697,0.6884933714202007,0.07670029010908751,1.0359938144683838
3,0.8,0.25,0.5,1.0,0,113,10,3,0.10787660675477824,0.29271161331832185,0.6065533791338017,0.6024901968488935,0.397600020152752,0.7375733655715297,0.7367405406672015,0.4724246305454723,0.5956196238194228,0.5930681186505034,0.46364564031604094,1.0,1.0,1.0,0.19672131147540983,0.2716284123319299,1.5105958456904374,2.9983325004577637
3,0.8,0.25,0.5,1.0,1,78,10,4,0.12688497387409084,0.2742508798965678,0.6822697288888508,0.6791025155348617,0.4905685505007906,0.8974063685419958,0.8969792788487174,0.7526454569778374,0.41185287777253726,0.40829698391178004,0.15028742077540508,0.5695438300688878,0.5683837947232321,0.28830015171599577,0.2185430463576159,0.3259838786154576,1.1972268528057646,1.7386319637298584
3,0.8,0.25,0.5,1.0,2,115,10,4,0.12433946238017884,0.2668396501068164,0.6758612656994392,0.6726099344295301,0.4782479400600265,0.9000920107272863,0.8996771460213145,0.7622414951112423,0.38810289032451556,0.38437542564055843,0.1347110887699833,0.5740608484987777,0.5729166889125227,0.29646770121656035,0.23076923076923078,0.331619963521804,1.2355160919730706,2.335360527038574
3,0.8,0.25,0.5,1.0,3,92,10,4,0.14054921716872446,0.28879843516791875,0.7298337596541205,0.7271405657381892,0.5631586408333229,0.897406368541996,0.8969792788487176,0.7526454569778374,0.5721030123204346,0.5695158604882666,0.3507558755707556,0.8357447021357427,0.8353020509100343,0.6777225590952062,0.24242424242424243,0.32705973300032704,1.2706717194378416,2.1089820861816406
3,0.8,0.25,0.5,1.0,4,66,10,4,0.12968791357169088,0.2770113147925765,0.7071531407353124,0.7042360056891253,0.535692893039457,0.9037907607564276,0.9033926442098374,0.7752391372397232,0.5759117863284858,0.5733499375020826,0.3553475800033332,0.8294772696226799,0.829021252431157,0.6564476401607514,0.24242424242424243,0.32923288737242223,1.2102613157566287,1.4103953838348389
3,0.8,0.25,0.5,1.0,5,49,10,3,0.095429082445861,0.2610112359411355,0.5482616732909298,0.5436795149504401,0.3679672474981497,0.7916267295012034,0.790994464710824,0.6144266258107057,0.27227792487725466,0.26778558203291886,0.07219002727521091,0.3862745401080619,0.3850329004067273,0.15913988880652757,0.2185430463576159,0.3259838786154576,1.4375327273236693,1.0961213111877441
3,0.8,0.25,0.5,1.0,6,47,10,3,0.1081638658639625,0.2890174639380094,0.5977113658838854,0.5935745831329212,0.4097535020872522,0.7375733655715297,0.7367405406672015,0.4724246305454723,0.5856858734971541,0.5830852629414959,0.44654417561435705,1.0,1.0,1.0,0.2011173184357542,0.28153153153153154,1.458161340692096,0.9802463054656982
3,0.8,0.25,0.5,1.0,7,50,10,4,0.12782092845396917,0.2552912588126345,0.6489768579849576,0.6454985173404704,0.5330691399382771,0.9083491277292126,0.907971490705844,0.7934094346634827,0.4051846199487414,0.401614217570349,0.21261965290266865,0.587907742922325,0.5868117435177121,0.32235560277843,0.24242424242424243,0.4202122071646181,1.1978658811926715,0.9848175048828125
3,0.8,0.25,0.5,1.0,8,68,10,3,0.10640670731948101,0.2832296522447773,0.6061261689900064,0.6021507265427264,0.42478465603821103,0.7889606460971246,0.7883188157233194,0.6085417084158432,0.4119858385503357,0.4083775134195145,0.17112555528930723,0.6444080303082955,0.6436864403758702,0.44488729445134056,0.2185430463576159,0.3259838786154576,1.4623263088729344,1.5223090648651123
3,0.8,0.25,0.5,1.0,9,50,10,4,0.12307198645523218,0.2504191752926482,0.624673660044256,0.6209697692971962,0.48023172562540534,0.9116055475593928,0.9112424542131328,0.8049349549879696,0.4740912286676405,0.4709500117140521,0.26124354785354276,0.821834912015689,0.8213629372496289,0.6293450096268156,0.24242424242424243,0.4202122071646181,1.2669665338390586,0.8159699440002441
3,0.8,0.25,0.75,0.0,0,49,3,3,0.29479873514155075,0.2948250570627073,0.7964875200702813,0.7958739447619763,0.6258352922217565,0.8021489417124285,0.8015540214626932,0.6413806962628472,0.3960597378169803,0.394848151817842,0.17255484581567282,0.40498555723662083,0.40379607055457095,0.18615098045841807,0.15,0.20951183741881416,0.3206731653305791,0.9926252365112305
3,0.8,0.25,0.75,0.0,1,36,10,5,0.18667118168660915,0.22790358356372453,0.7805241931345199,0.7781934192895085,0.6359050992650356,1.0,1.0,1.0,0.5059913302265391,0.5027764366556483,0.2290305115274529,0.7375733655715296,0.7367405406672015,0.4724246305454723,0,0.0,inf,0.9802441596984863
3,0.8,0.25,0.75,0.0,2,39,10,4,0.1592022268710742,0.23266886593362107,0.668202755983022,0.6645401534509011,0.4984261807931868,0.897406368541996,0.8969792788487176,0.7526454569778374,0.5065272560557348,0.5031623220633257,0.3354927050062551,0.8357447021357427,0.8353020509100343,0.6777225590952062,0,0.0,inf,1.110908031463623
3,0.8,0.25,0.75,0.0,3,49,3,3,0.29479873514155075,0.2948250570627073,0.7964875200702813,0.7958739447619763,0.6258352922217565,0.8021489417124285,0.8015540214626932,0.6413806962628472,0.3960597378169803,0.394848151817842,0.17255484581567282,0.40498555723662083,0.40379607055457095,0.18615098045841807,0.15,0.20951183741881416,0.32067316533057916,1.4863348007202148
3,0.8,0.25,0.75,0.0,4,39,10,3,0.15473948330825454,0.2807476658111056,0.6253692763105279,0.6212255599639043,0.4715464433193367,0.789789857030486,0.789150994948784,0.6112350182388241,0.4809876174499503,0.47743978354834243,0.31986342887250946,0.6668307613228104,0.6661552998165207,0.4990750972068573,0,0.0,inf,0.7933216094970703
3,0.8,0.25,0.75,0.0,5,111,10,4,0.19632177795470032,0.3039080391646542,0.7895201411989008,0.7872825211432105,0.6381821063034746,0.9083491277292126,0.907971490705844,0.7934094346634827,0.5058971818408476,0.5026774727190891,0.22861904024323282,0.5879077429223251,0.5868117435177123,0.32235560277843,0,0.0,inf,2.341655731201172
3,0.8,0.25,0.75,0.0,6,41,10,4,0.16920721191129318,0.23396424701632768,0.6919278168313113,0.6885320114566832,0.5150799040228199,0.9116055475593928,0.9112424542131328,0.8049349549879696,0.5299739287266053,0.526774577978572,0.3423131652956449,0.8218349120156891,0.821362937249629,0.6293450096268156,0,0.0,inf,0.8093500137329102
3,0.8,0.25,0.75,0.0,7,23,10,4,0.1945938213985702,0.30492574026300756,0.7890981421972673,0.7868546453361794,0.6369207965513202,0.9116055475593928,0.9112424542131328,0.8049349549879696,0.661411714185088,0.6592037053694233,0.4517474907199158,0.821834912015689,0.8213629372496289,0.6293450096268156,0,0.0,inf,0.45916318893432617
3,0.8,0.25,0.75,0.0,8,37,10,4,0.19570665248878782,0.3049919827734304,0.7890981421972673,0.7868546453361794,0.6369207965513202,0.9116055475593928,0.9112424542131328,0.8049349549879696,0.6614117141850882,0.6592037053694234,0.4517474907199158,0.821834912015689,0.8213629372496289,0.6293450096268156,0,0.0,inf,0.743783712387085
3,0.8,0.25,0.75,0.0,9,32,10,4,0.17261373540861102,0.24111110604398323,0.7001812906905815,0.6968702340932252,0.5114839128555124,0.9059896953135614,0.9056014712345598,0.78488266182146,0.52502024960734,0.5217796602932838,0.2975405584643666,0.5839573365525113,0.5828476636274899,0.3153687444426345,0,0.0,inf,0.913041353225708
3,0.8,0.25,0.75,0.25,0,48,10,4,0.14848467438340204,0.2406578301078004,0.6941095492403352,0.6908630558716908,0.49617786032807293,0.9116055475593928,0.9112424542131328,0.8049349549879696,0.5375606440160544,0.5345496302213524,0.3246102190285361,0.8218349120156891,0.821362937249629,0.6293450096268156,0.3333333333333333,0.5136715663031453,1.2026910469646366,1.3236377239227295
3,0.8,0.25,0.75,0.25,1,26,10,4,0.17002169286922839,0.2986627985469438,0.7361420719864511,0.7334158307613301,0.5867373455358195,0.897406368541996,0.8969792788487176,0.7526454569778374,0.6019579119166097,0.59944842061389,0.3914785400711979,0.8357447021357429,0.8353020509100346,0.6777225590952062,0.3333333333333333,0.5255255255255254,1.0777519103200275,0.4580109119415283
3,0.8,0.25,0.75,0.25,2,34,10,4,0.1689723009306269,0.29305998264076477,0.743153080527738,0.7405087587634596,0.600538422976208,0.9116055475593928,0.9112424542131328,0.8049349549879696,0.5993921732015062,0.5968774804869237,0.37844393484091227,0.821834912015689,0.8213629372496289,0.6293450096268156,0.08695652173913043,0.1365001365001365,1.5073220106046332,0.7923283576965332
3,0.8,0.25,0.75,0.25,3,42,10,4,0.17517675392120075,0.30132431495827616,0.7633404852120241,0.7608993733587944,0.6076632543611138,0.9116055475593928,0.9112424542131328,0.8049349549879696,0.6415384941319321,0.6392831575731001,0.4071035669973878,0.821834912015689,0.8213629372496289,0.6293450096268156,0.09523809523809523,0.1668335001668335,1.4347965494829937,1.0347967147827148
3,0.8,0.25,0.75,0.25,4,69,10,4,0.17746725482141457,0.2996890229531985,0.7648523688572969,0.762420686392927,0.6128409535281871,0.9059896953135614,0.9056014712345598,0.78488266182146,0.5056318677751844,0.5025118495520332,0.2249200557514417,0.5839573365525113,0.5828476636274899,0.3153687444426345,0.08695652173913043,0.1365001365001365,1.5133637253873207,1.493764877319336
3,0.8,0.25,0.75,0.25,5,58,10,4,0.14785963226402585,0.23221692531055205,0.660108848341737,0.6564895746239274,0.4873624106145925,0.897406368541996,0.8969792788487176,0.7526454569778374,0.4997495624437885,0.4964791857949975,0.3096595200156466,0.8357447021357427,0.8353020509100343,0.6777225590952062,0.33088235294117646,0.49140049140049136,1.211108290783552,1.411978006362915
3,0.8,0.25,0.75,0.25,6,35,10,5,0.18923629729955047,0.2956815366571879,0.8629545703508872,0.8615883685050949,0.7715393400270822,1.0,1.0,1.0,0.6172195084458418,0.6149075473738898,0.3259333026670108,0.7375733655715295,0.7367405406672013,0.4724246305454723,0.08695652173913043,0.1365001365001365,1.3714552593802027,0.9735326766967773
3,0.8,0.25,0.75,0.25,7,24,4,4,0.29347825568381825,0.29305862865159055,0.8518129665031302,0.8512052234727123,0.7637116886739242,0.9083491277292126,0.907971490705844,0.7934094346634827,0.5561055537049481,0.5549319779086234,0.3151669595702901,0.5879077429223251,0.5868117435177123,0.32235560277843,0.2,0.273000273000273,0.2597520311063993,0.39755749702453613
3,0.8,0.25,0.75,0.25,8,43,2,2,0.3008090782574572,0.30080907825745745,0.5916192536088873,0.59090064872952,0.37797664007241627,0.5960908120545209,0.5953808212273226,0.38786077858471907,0.34725239205509434,0.34644172825904335,0.18464448020227536,0.33954695184358247,0.33872793912201543,0.17025642675852654,0.5670731707317073,0.6861898753790645,0.040364107047199976,1.0935800075531006
3,0.8,0.25,0.75,0.25,9,31,10,4,0.16846528419749449,0.2951395952292454,0.7373338549316464,0.7346296223655308,0.5946148406507211,0.9116055475593928,0.9112424542131328,0.8049349549879696,0.5993921732015062,0.5968774804869237,0.37844393484091227,0.8218349120156891,0.821362937249629,0.6293450096268156,0.08695652173913043,0.1365001365001365,1.5073220106046334,0.8510313034057617
3,0.8,0.25,0.75,0.5,0,36,10,3,0.12276820396637486,0.285537835399121,0.6264448274762491,0.6225820946042808,0.4688383828085684,0.789789857030486,0.789150994948784,0.6112350182388241,0.48607074610441015,0.48282543988060156,0.30596708243266013,0.6668307613228104,0.6661552998165207,0.4990750972068573,0.3008849557522124,0.4219095128186037,0.8918088674477199,1.0320003032684326
3,0.8,0.25,0.75,0.5,1,61,10,4,0.15005374304108582,0.28662161744785325,0.7203696667311192,0.7175323892422645,0.540713799262392,0.9000920107272863,0.8996771460213145,0.7622414951112423,0.4461078354182702,0.44268859901323737,0.17528349885749148,0.5740608484987777,0.5729166889125227,0.29646770121656035,0.3333333333333333,0.49900199600798395,0.7752418497219113,1.771888017654419
3,0.8,0.25,0.75,0.5,2,39,10,5,0.18039615348605628,0.2818745295238487,0.804941524463613,0.803020830933255,0.7132864900175108,1.0,1.0,1.0,0.5745305724803725,0.5719967905141491,0.2973586127125445,0.7375733655715296,0.7367405406672015,0.4724246305454723,0.17391304347826086,0.26113069591330457,0.8578662329969993,0.9020178318023682
3,0.8,0.25,0.75,0.5,3,22,10,5,0.1726745520497946,0.28985897276445505,0.8231853376548526,0.8214497099693565,0.7001479762444693,1.0,1.0,1.0,0.6078387672976613,0.605512062761683,0.3076208528028467,0.7375733655715296,0.7367405406672015,0.4724246305454723,0.17391304347826086,0.26113069591330457,0.8746039974984227,0.5558853149414062
3,0.8,0.25,0.75,0.5,4,31,10,4,0.15636639751060114,0.2795204849437337,0.7507598934363064,0.7482322849915076,0.6087738915386952,0.9116055475593928,0.9112424542131328,0.8049349549879696,0.5081344158832719,0.505100078508469,0.22592901180079664,0.5933517525706161,0.5922745061043153,0.3316882713421359,0.17391304347826086,0.26113069591330457,0.9420208334635419,0.5282382965087891
3,0.8,0.25,0.75,0.5,5,57,10,4,0.15898397638717865,0.2905517992180558,0.7432479951678902,0.7406679990601084,0.603841733996047,0.9059896953135614,0.9056014712345598,0.78488266182146,0.5225712266986732,0.5196583786359937,0.24189967419177805,0.5839573365525113,0.5828476636274899,0.3153687444426345,0.19047619047619047,0.316105579263474,0.885467370777767,1.113846778869629
3,0.8,0.25,0.75,0.5,6,51,10,4,0.15130565415972436,0.2775629431912084,0.7440458056715911,0.7414585996890267,0.5994565506208422,0.9137594533047027,0.9134059329538328,0.8127690521941776,0.4804453805552093,0.47725285624658287,0.21678660061212085,0.5969473729725018,0.5958824465842397,0.33795995639299703,0.17391304347826086,0.26113069591330457,0.9454298613815814,1.109184980392456
3,0.8,0.25,0.75,0.5,7,33,10,4,0.1574809880587041,0.29314898969151515,0.7434780434822064,0.7409024470734562,0.6036046508522038,0.9116055475593928,0.9112424542131328,0.8049349549879696,0.6235302112599007,0.6212355753727253,0.35872172961000987,0.821834912015689,0.8213629372496289,0.6293450096268156,0.19047619047619047,0.316105579263474,0.9177566090113637,0.6286160945892334
3,0.8,0.25,0.75,0.5,8,29,10,4,0.16654171649890862,0.2960888538475697,0.7567952351273434,0.7543434969964462,0.6256920320638033,0.9083491277292126,0.907971490705844,0.7934094346634827,0.518432385721223,0.5154828911338228,0.23941388748321343,0.5879077429223251,0.5868117435177123,0.32235560277843,0.17391304347826086,0.26113069591330457,0.9507656237384509,0.5725016593933105
3,0.8,0.25,0.75,0.5,9,1000,10,4,0.12550062321816152,0.23157758731691463,0.6576314258898853,0.6541231569422085,0.4849436023228712,0.9116055475593928,0.9112424542131328,0.8049349549879696,0.5057105453638213,0.5026234768170925,0.29207569391402055,0.821834912015689,0.8213629372496289,0.6293450096268156,0.17391304347826086,0.28098273712308797,1.0921682225651292,21.523035764694214
3,0.8,0.25,0.75,0.75,0,65,10,4,0.14628670349987602,0.29814855859960915,0.7496404477798186,0.7471544145924014,0.586858484158058,0.897406368541996,0.8969792788487176,0.7526454569778374,0.5928157132964446,0.5903654671351324,0.3450479426510336,0.8357447021357427,0.8353020509100343,0.6777225590952062,0.3333333333333333,0.427715996578272,0.8962816688134749,2.0048069953918457
3,0.8,0.25,0.75,0.75,1,25,10,4,0.1485360378815322,0.29913799615742925,0.7533702243365246,0.7509209515973697,0.599149929750372,0.897406368541996,0.8969792788487176,0.7526454569778374,0.5922118699863881,0.5897576707918435,0.34448020286015574,0.8357447021357429,0.8353020509100346,0.6777225590952062,0.3333333333333333,0.427715996578272,0.8878795365319733,0.5815339088439941
3,0.8,0.25,0.75,0.75,2,57,10,4,0.13659951074929919,0.2866675469278236,0.7075625331583874,0.7046457820613076,0.5121004401204183,0.9000920107272863,0.8996771460213145,0.7622414951112423,0.43608329230754417,0.43267177971935766,0.1627474287290684,0.5740608484987776,0.5729166889125226,0.29646770121656035,0.30405405405405406,0.427715996578272,0.8896675239125894,1.2039687633514404
3,0.8,0.25,0.75,0.75,3,42,10,4,0.1410231268277082,0.2727130601032396,0.7099158221706726,0.7070347248449523,0.5700196338153581,0.9059896953135614,0.9056014712345598,0.78488266182146,0.5121364163031651,0.509200074740703,0.2427902537503122,0.5839573365525113,0.5828476636274899,0.3153687444426345,0.2608695652173913,0.37537537537537535,0.9343439881461897,0.8397336006164551
3,0.8,0.25,0.75,0.75,4,34,10,4,0.14218966140055178,0.2745917926265766,0.715451743043612,0.7126256281265904,0.5784700988261128,0.9059896953135614,0.9056014712345598,0.78488266182146,0.5214749539576528,0.5185948189602302,0.24914034837267388,0.5839573365525113,0.5828476636274899,0.3153687444426345,0.2608695652173913,0.37537537537537535,0.9343439881461899,0.8658599853515625
3,0.8,0.25,0.75,0.75,5,112,10,4,0.1309822717466233,0.2693253900406693,0.7071219994871344,0.7042136046418961,0.537684379786713,0.9116055475593928,0.9112424542131328,0.8049349549879696,0.5468102523844318,0.5440830209193366,0.3126677592932358,0.821834912015689,0.8213629372496289,0.6293450096268156,0.2608695652173913,0.42395336512983567,0.933523762256756,3.108487129211426
3,0.8,0.25,0.75,0.75,6,109,10,3,0.10119399662937319,0.2628937834706828,0.6380294213303567,0.6344149463298395,0.496267509453401,0.8021489417124285,0.8015540214626932,0.6413806962628472,0.37997195075626183,0.3762163636573022,0.16271499580602358,0.40498555723662083,0.40379607055457095,0.18615098045841807,0.2857142857142857,0.427715996578272,1.016502962483403,2.3796451091766357
3,0.8,0.25,0.75,0.75,7,55,10,3,0.10102782538054429,0.26886331650381,0.5940301211554287,0.5899022696118817,0.4303851013887429,0.792676458447326,0.7920479364188314,0.6178455857756018,0.45810185943211773,0.45474712635252557,0.23838606664288906,0.6710761095271226,0.6704114396498689,0.5060781026638148,0.2222222222222222,0.34918639569802357,1.058301577938173,1.3661153316497803
3,0.8,0.25,0.75,0.75,8,40,10,3,0.11205215852676002,0.28996766967435395,0.6661945463210229,0.6628254968717635,0.51156555227265,0.7889606460971244,0.7883188157233192,0.6085417084158432,0.4861091256632335,0.48295600062526756,0.2868314388968196,0.6827081189134144,0.6820642499665682,0.536681216439622,0.3333333333333333,0.427715996578272,0.9919044283944509,1.0813002586364746
3,0.8,0.25,0.75,0.75,9,54,10,4,0.1319576017949637,0.2759817638291574,0.683800593144117,0.680619994702125,0.49707053171025484,0.9037907607564276,0.9033926442098374,0.7752391372397232,0.5917093775280168,0.5892139293205753,0.3771326577585962,0.8294772696226799,0.829021252431157,0.6564476401607514,0.3333333333333333,0.427715996578272,0.8535988654846864,1.5294830799102783
3,0.8,0.25,0.75,1.0,0,96,10,4,0.11642082160508777,0.27377339570681014,0.6616506622919368,0.6583270840170805,0.46144925255351243,0.9000920107272863,0.8996771460213145,0.7622414951112423,0.4051179975593932,0.40158333509587113,0.14098877213346914,0.5740608484987777,0.5729166889125227,0.29646770121656035,0.22297297297297297,0.3501734950498201,1.1946088575815597,2.623124122619629
3,0.8,0.25,0.75,1.0,1,48,10,5,0.15510926930528662,0.2711123117627386,0.7612690880653967,0.7589588674230985,0.644270944731965,1.0,1.0,1.0,0.5616009883979132,0.5590422275035618,0.28894460854651444,0.7375733655715295,0.7367405406672014,0.4724246305454723,0.24242424242424243,0.36849378166743435,1.0316933927386929,1.2405157089233398
3,0.8,0.25,0.75,1.0,2,28,10,4,0.12474586101299821,0.26595414750684326,0.6670312932527371,0.6638010571230833,0.5279797355627243,0.9116055475593928,0.9112424542131328,0.8049349549879696,0.5520181800160014,0.5493958729432499,0.2846838017521156,0.8218349120156891,0.821362937249629,0.6293450096268156,0.24242424242424243,0.36849378166743435,1.19486555043748,0.533254861831665
3,0.8,0.25,0.75,1.0,3,113,10,5,0.13686441726186557,0.26172208695667953,0.7382284616757635,0.7357110593142561,0.5802050720631263,1.0,1.0,1.0,0.5530022360315163,0.5504126885433452,0.2714766355269568,0.7375733655715295,0.7367405406672013,0.4724246305454723,0.24242424242424243,0.36849378166743435,0.9973597277887221,2.7086989879608154
3,0.8,0.25,0.75,1.0,4,56,10,3,0.09457716112835676,0.2854830139274801,0.5859274105924273,0.5818311124400904,0.3897289365300097,0.7852802150932446,0.7846251091678986,0.6010060305727019,0.31709097590381163,0.31299900085592,0.0969043638849279,0.37493597278931157,0.3736622250862697,0.14532804951821357,0.22297297297297297,0.3501734950498201,1.3995852055331617,1.4188573360443115
3,0.8,0.25,0.75,1.0,5,31,10,5,0.1356010072885813,0.26212189852332585,0.7464402843185297,0.744001766926035,0.5896962264249273,1.0,1.0,1.0,0.5381842350875912,0.5355087314018206,0.24397496954243691,0.7375733655715296,0.7367405406672015,0.4724246305454723,0.24242424242424243,0.36849378166743435,0.996299844276679,0.5486798286437988
3,0.8,0.25,0.75,1.0,6,21,10,4,0.1287149388488126,0.28546982929462666,0.7058014370409716,0.7029230455199346,0.5535605566174985,0.897406368541996,0.8969792788487176,0.7526454569778374,0.5611254190944648,0.5585301556232537,0.3143015995457437,0.8357447021357429,0.8353020509100345,0.6777225590952062,0.24242424242424243,0.36839813791486653,1.221995786686111,0.4830751419067383
3,0.8,0.25,0.75,1.0,7,30,10,4,0.12769128571131041,0.28028809991353865,0.7214753965669829,0.7187374960547489,0.5543376706309344,0.897406368541996,0.8969792788487176,0.7526454569778374,0.5587496091729184,0.5561255170807626,0.32552802901470534,0.8357447021357429,0.8353020509100346,0.6777225590952062,0.24242424242424243,0.3465003465003465,1.2605164765148915,0.7162418365478516
3,0.8,0.25,0.75,1.0,8,44,10,3,0.09339121702703754,0.2724072037624617,0.6133413873205195,0.6095338337839136,0.4464713813786854,0.789789857030486,0.789150994948784,0.6112350182388241,0.462728076853636,0.4595264932709954,0.2642867262990899,0.6668307613228104,0.6661552998165207,0.4990750972068573,0.24242424242424243,0.36849378166743435,1.3927310320837325,1.3033785820007324
3,0.8,0.25,0.75,1.0,9,32,10,5,0.1358017078956396,0.26212106212053204,0.7496790454171754,0.7472717609345475,0.5924819044765781,1.0,1.0,1.0,0.5386420769014734,0.5359693381380826,0.24398271677327918,0.7375733655715295,0.7367405406672014,0.4724246305454723,0.24242424242424243,0.36849378166743435,0.997359727788722,0.9319584369659424
3,0.8,0.25,1.0,0.0,0,1000,10,4,0.14608120334316482,0.23650162577684067,0.6562060906116628,0.652585970167837,0.4811653587927741,0.9083491277292126,0.907971490705844,0.7934094346634827,0.4801231306754876,0.47676999955452837,0.2567771321885655,0.5879077429223251,0.5868117435177123,0.32235560277843,0,0.0,inf,21.947298288345337
3,0.8,0.25,1.0,0.0,1,1000,10,4,0.1556284376014187,0.2660080891466579,0.6860173640452929,0.6828077989247645,0.550965689066745,0.897406368541996,0.8969792788487176,0.7526454569778374,0.5439883458597511,0.5411501430743869,0.33950075888526543,0.8357447021357429,0.8353020509100345,0.6777225590952062,0,0.0,inf,22.550479412078857
3,0.8,0.25,1.0,0.0,2,114,10,3,0.14007923602509342,0.28386856150036505,0.605934016072674,0.6017870918394533,0.4746123951979568,0.7921997857472497,0.7915695648752535,0.6162892627615703,0.45193565411546666,0.44840338407815955,0.27988669020999035,0.6492493065110276,0.6485401515758275,0.45307203333420376,0,0.0,inf,3.062620162963867
3,0.8,0.25,1.0,0.0,3,34,10,3,0.13300007899690877,0.2837677241840779,0.6202292394520257,0.6162218581783613,0.46523551508963323,0.7849276230002521,0.7842712471813089,0.5998687124749003,0.3105033467921736,0.3060447438387456,0.11285377881912621,0.37430486447919226,0.373029329116335,0.14414618051325584,0,0.0,inf,0.6565899848937988
3,0.8,0.25,1.0,0.0,4,59,10,5,0.15889443004945464,0.23024183412033322,0.7369874570546122,0.7343057507750542,0.6056682461497189,1.0,1.0,1.0,0.5827058797667082,0.5801166665505523,0.35099514857980896,0.7375733655715295,0.7367405406672014,0.4724246305454723,0,0.0,inf,1.5430846214294434
3,0.8,0.25,1.0,0.0,5,111,10,3,0.13729268405019615,0.2878957178708036,0.6301797967113268,0.6262602631647155,0.4556138520542438,0.8019282820082536,0.8013325861275414,0.6406540834881669,0.3122807031384031,0.3078096971083783,0.10237708733079284,0.4045942902943182,0.40340372512137557,0.185435262866209,0,0.0,inf,3.3372838497161865
3,0.8,0.25,1.0,0.0,6,41,10,2,0.10160920838127105,0.28998571874792434,0.4853734978549349,0.4796817781136496,0.30492049590347503,0.5976802337166613,0.5969738544387009,0.39109438552078163,0.2747463928706204,0.2697800373123448,0.09814463731783606,0.3422002806825873,0.34138587962167677,0.174960691641255,0,0.0,inf,1.1587677001953125
3,0.8,0.25,1.0,0.0,7,38,10,4,0.15564435715917793,0.2817820292802262,0.6871233269635737,0.6839152200989067,0.540524412075811,0.9116055475593928,0.9112424542131328,0.8049349549879696,0.5687186322823661,0.5660243223595698,0.3518503754775059,0.8218349120156891,0.821362937249629,0.6293450096268156,0,0.0,inf,0.8636245727539062
3,0.8,0.25,1.0,0.0,8,65,10,4,0.16149232862894247,0.2941731319935075,0.7300951680874861,0.7273195300331428,0.5652618385142212,0.9059896953135614,0.9056014712345598,0.78488266182146,0.4446966107314433,0.4412150906102317,0.18744356380400154,0.5839573365525113,0.5828476636274899,0.3153687444426345,0,0.0,inf,1.988778829574585
3,0.8,0.25,1.0,0.0,9,33,10,3,0.135711367429555,0.2877361152447732,0.6268022480581462,0.622846917615817,0.45107845566766464,0.8019282820082536,0.8013325861275414,0.6406540834881669,0.3081106387160709,0.3036125222308605,0.09929210440937787,0.4045942902943182,0.40340372512137557,0.185435262866209,0,0.0,inf,0.6617109775543213
3,0.8,0.25,1.0,0.25,0,57,10,4,0.13859803664235165,0.27225836208985815,0.7177950701931941,0.7149577913062265,0.5731201776842133,0.9116055475593928,0.9112424542131328,0.8049349549879696,0.45338361777256003,0.45004620890749053,0.20143610014308327,0.5933517525706161,0.5922745061043153,0.3316882713421359,0.09523809523809523,0.19066685733352398,2.0806823178094174,1.216738224029541
3,0.8,0.25,1.0,0.25,1,47,10,3,0.10910569090937379,0.2791842575296082,0.5680083175727764,0.5635706995400336,0.38912133900643947,0.7849276230002521,0.7842712471813089,0.5998687124749003,0.46808398199756746,0.4647515655636934,0.22337666042031853,0.6768387497441453,0.6761799567006874,0.527325252875187,0.24242424242424243,0.3677146534289391,2.0362509162673863,0.876070499420166
3,0.8,0.25,1.0,0.25,2,75,10,3,0.10014427078014361,0.24619981787362583,0.5467852389441868,0.542119653655377,0.38048729387570257,0.7921997857472497,0.7915695648752535,0.6162892627615703,0.2711805818012087,0.2666027538019529,0.07664504677378615,0.3872963856355671,0.3860576089203469,0.1610374468129141,0.22916666666666666,0.35519390358100034,2.0646345216591184,1.600191593170166
3,0.8,0.25,1.0,0.25,3,31,10,4,0.1458708977006075,0.2766657476890175,0.701804218222028,0.6988083512243664,0.5411377854319075,0.9083491277292126,0.907971490705844,0.7934094346634827,0.42101164296960314,0.41747969852400396,0.1791258057964952,0.5879077429223251,0.5868117435177123,0.32235560277843,0.09523809523809523,0.1921921921921922,2.0834560816022103,0.6377370357513428
3,0.8,0.25,1.0,0.25,4,80,10,5,0.11559405706946739,0.17393010952372132,0.6649876491587974,0.6615595517263032,0.45549418282366116,1.0,1.0,1.0,0.3823118744327408,0.37846026598676724,0.11951970455122096,0.7375733655715295,0.7367405406672013,0.4724246305454723,0.23776223776223776,0.40581121662202746,2.042899752602591,1.8240115642547607
3,0.8,0.25,1.0,0.25,5,61,10,4,0.15053719752282052,0.28074283390225124,0.7206032939732551,0.7177996093844339,0.56407242229482,0.9083491277292126,0.907971490705844,0.7934094346634827,0.45817260369873164,0.45487207069263075,0.19761387430758756,0.5879077429223251,0.5868117435177123,0.32235560277843,0.09523809523809523,0.1921921921921922,2.0846483743399022,1.2653052806854248
3,0.8,0.25,1.0,0.25,6,43,10,3,0.11870971164381665,0.2889017940532,0.5881215569322932,0.5838905513814786,0.4170955832877247,0.7849276230002521,0.7842712471813089,0.5998687124749003,0.4601721262525232,0.4567901425989849,0.219413241406754,0.6768387497441453,0.6761799567006874,0.527325252875187,0.24242424242424243,0.3677146534289391,2.0362509162673863,0.8379433155059814
3,0.8,0.25,1.0,0.25,7,54,10,3,0.10522175611631732,0.25578631349391817,0.5603623003519257,0.5558571353463503,0.39187520311392193,0.789789857030486,0.789150994948784,0.6112350182388241,0.40285163728903745,0.3991216017828639,0.19823493561829283,0.6668307613228104,0.6661552998165207,0.4990750972068573,0.24242424242424243,0.3806623524933384,2.019993739147574,1.437403678894043
3,0.8,0.25,1.0,0.25,8,64,10,3,0.10947901695203009,0.27255700766845165,0.5830318022054387,0.5787522896827647,0.40646736355657204,0.7849276230002521,0.7842712471813089,0.5998687124749003,0.31817142126030046,0.31390440133728875,0.10196560268641382,0.37430486447919226,0.373029329116335,0.14414618051325584,0.2323943661971831,0.36036036036036034,2.0555057375741366,1.767374038696289
3,0.8,0.25,1.0,0.25,9,1000,10,4,0.1424299344108921,0.27503473531886247,0.6834607274722929,0.6802815626690634,0.5240362069832271,0.9059896953135614,0.9056014712345598,0.78488266182146,0.42021542528625366,0.416679959625889,0.1764545405426624,0.5839573365525113,0.5828476636274897,0.3153687444426345,0.09523809523809523,0.1921921921921922,2.0837704833822963,23.355104446411133
3,0.8,0.25,1.0,0.5,0,79,10,3,0.09291028307624163,0.2529967564505742,0.5542045530383961,0.5497110122209126,0.39027965881031723,0.7921997857472497,0.7915695648752535,0.6162892627615703,0.29252093180752203,0.28818655087429773,0.09171686666070136,0.3872963856355671,0.3860576089203469,0.1610374468129141,0.22297297297297297,0.40642145905303795,1.4577926529548126,2.2501790523529053
3,0.8,0.25,1.0,0.5,1,49,10,4,0.13418104401464112,0.26139014713329495,0.6853491896545073,0.6822571661073372,0.5424809385830082,0.9116055475593928,0.9112424542131328,0.8049349549879696,0.541722605950605,0.538999161380659,0.3044766845586478,0.8218349120156891,0.821362937249629,0.6293450096268156,0.19047619047619047,0.36126351915825594,1.3645553147360467,1.3923871517181396
3,0.8,0.25,1.0,0.5,2,157,10,4,0.13624473867113107,0.27806049173623104,0.6869294455917927,0.6838445360695931,0.5398246715487622,0.9059896953135614,0.9056014712345598,0.78488266182146,0.4589853408395953,0.4557596256856967,0.19818561391577466,0.5839573365525113,0.5828476636274899,0.3153687444426345,0.19047619047619047,0.36126351915825594,1.3587152252902126,3.475869655609131
3,0.8,0.25,1.0,0.5,3,34,10,4,0.13098668991290355,0.27067736372455287,0.6688587594311425,0.6655970805862207,0.5220399134589244,0.9059896953135614,0.9056014712345598,0.78488266182146,0.44067357405840923,0.4373402615449695,0.19406382202741582,0.5839573365525113,0.5828476636274899,0.3153687444426345,0.19047619047619047,0.36126351915825594,1.3708331973422079,0.76766037940979
3,0.8,0.25,1.0,0.5,4,38,10,4,0.1408521953904349,0.2715687372886866,0.7080256210005852,0.7051508554442633,0.5686747595753139,0.9083491277292126,0.907971490705844,0.7934094346634827,0.4762472437439388,0.47312741537811726,0.2132876282369283,0.5879077429223251,0.5868117435177123,0.32235560277843,0.19047619047619047,0.36126351915825594,1.3592351323299745,0.8415992259979248
3,0.8,0.25,1.0,0.5,5,1000,10,4,0.1396638426488538,0.27588468012711403,0.7169416712971538,0.7141567785046147,0.5697980413343754,0.9083491277292126,0.907971490705844,0.7934094346634827,0.4675567698588537,0.4643880205599096,0.2095977688704568,0.587907742922325,0.5868117435177121,0.32235560277843,0.19047619047619047,0.3585675227466272,1.3734094359822853,22.225950002670288
3,0.8,0.25,1.0,0.5,6,38,10,5,0.15234473793833125,0.26193432374811876,0.7652714688181649,0.7630029668913816,0.6543990086393976,1.0,1.0,1.0,0.5104928918246545,0.5076409988265643,0.26081304114932885,0.7375733655715295,0.7367405406672013,0.4724246305454723,0.17391304347826086,0.333667000333667,1.1900260524686774,1.0154578685760498
3,0.8,0.25,1.0,0.5,7,39,10,4,0.14412625473975393,0.2768809609418506,0.7180337068930103,0.7152647752438014,0.5939675756034553,0.9083491277292126,0.907971490705844,0.7934094346634827,0.48920664884108034,0.4861736244280651,0.23005739073197226,0.5879077429223251,0.5868117435177123,0.32235560277843,0.19047619047619047,0.36126351915825594,1.3692870041411014,1.0950756072998047
3,0.8,0.25,1.0,0.5,8,112,10,4,0.09738177979267446,0.21399658693504528,0.6228366986181948,0.6190610311988572,0.4216540665227677,0.9137594533047027,0.9134059329538328,0.8127690521941776,0.3467687608531331,0.3427997733762895,0.10946039074337464,0.5969473729725019,0.5958824465842398,0.33795995639299703,0.24242424242424243,0.4158004158004158,1.4561680019500864,3.4111616611480713
3,0.8,0.25,1.0,0.5,9,56,10,3,0.09656785022410495,0.2617456687777837,0.6033692567201845,0.5994037835539898,0.42635810526567636,0.7916267295012033,0.7909944647108239,0.6144266258107057,0.410939351961027,0.4073657760368411,0.19147240863754275,0.6865809274896537,0.6859468433771048,0.542968341433499,0.24242424242424243,0.4158004158004158,1.4523495349757194,1.5553832054138184
3,0.8,0.25,1.0,0.75,0,39,10,5,0.14793728348796473,0.2643338159319376,0.755621739646198,0.7532789359960729,0.6182026020281063,1.0,1.0,1.0,0.548821593875021,0.5462175751752676,0.26040292556124617,0.7375733655715295,0.7367405406672013,0.4724246305454723,0.24242424242424243,0.36849378166743435,1.066292083174432,1.085517406463623
3,0.8,0.25,1.0,0.75,1,1000,10,4,0.10762837592758417,0.24935988625603836,0.6390715954138138,0.6355777900277962,0.4604659157707399,0.9116055475593928,0.9112424542131328,0.8049349549879696,0.49667807221697924,0.49373952836970053,0.2518687302976195,0.821834912015689,0.8213629372496289,0.6293450096268156,0.24242424242424243,0.36849378166743435,1.2442613620118317,26.56890082359314
3,0.8,0.25,1.0,0.75,2,46,10,5,0.12530909328112302,0.24232608739252084,0.7224696094255814,0.719812387416577,0.5569202915196877,1.0,1.0,1.0,0.5000500306858139,0.4971689055630726,0.22351778464350913,0.7375733655715295,0.7367405406672013,0.4724246305454723,0.24242424242424243,0.36849378166743435,1.0555650012210944,2.0335466861724854
3,0.8,0.25,1.0,0.75,3,119,10,4,0.11975548429443497,0.2641310083964104,0.6670937270131053,0.6638508775040398,0.5069304956953321,0.9059896953135614,0.9056014712345598,0.78488266182146,0.4360720818857779,0.432754860144055,0.18797380223899005,0.5839573365525113,0.5828476636274899,0.3153687444426345,0.24242424242424243,0.36849378166743435,1.2729484412289267,3.622605085372925
3,0.8,0.25,1.0,0.75,4,43,10,4,0.12595817549417435,0.2697148501049138,0.668639749520875,0.6654231428679601,0.5278578420670305,0.9083491277292126,0.907971490705844,0.7934094346634827,0.4681685513718664,0.4650531434063877,0.21023176922373646,0.587907742922325,0.5868117435177121,0.32235560277843,0.24242424242424243,0.36849378166743435,1.2508088949728515,1.2475049495697021
3,0.8,0.25,1.0,0.75,5,114,10,5,0.1405210217396137,0.25503362723418244,0.7326721401024667,0.7301093856088177,0.590203013837344,1.0,1.0,1.0,0.5376362423990673,0.5349677435257598,0.24951029477047965,0.7375733655715295,0.7367405406672013,0.4724246305454723,0.24242424242424243,0.36849378166743435,1.067051600377892,3.585235834121704
3,0.8,0.25,1.0,0.75,6,1000,10,3,0.08692307623612001,0.2574958468377596,0.5718343823027915,0.5676432873699104,0.4038624087872137,0.8021489417124285,0.8015540214626932,0.6413806962628472,0.42622738735376925,0.4228328137322784,0.18332847309851688,0.6640652098143663,0.6633936463526338,0.47901294122685556,0.24242424242424243,0.36849378166743435,1.4276268395220448,21.857844352722168
3,0.8,0.25,1.0,0.75,7,1000,10,4,0.11126156843003172,0.25089416798163233,0.6250889485279703,0.621446007681814,0.46488660559273165,0.9116055475593928,0.9112424542131328,0.8049349549879696,0.47573767562234964,0.4726629586066984,0.25877495496480846,0.8218349120156891,0.821362937249629,0.6293450096268156,0.24242424242424243,0.36849378166743435,1.3045020064770263,23.037710666656494
3,0.8,0.25,1.0,0.75,8,26,10,4,0.10282480216906072,0.2377769698851327,0.629638236425833,0.626008830887521,0.44572142942910953,0.9083491277292126,0.907971490705844,0.7934094346634827,0.39803002250157593,0.39446345852262465,0.15541115176866663,0.587907742922325,0.5868117435177121,0.32235560277843,0.24242424242424243,0.36849378166743435,1.2563791094874603,0.6974444389343262
3,0.8,0.25,1.0,0.75,9,1000,10,4,0.10198073043684039,0.23348801843107841,0.6228495229625192,0.6191709129094193,0.4577064230338486,0.9116055475593928,0.9112424542131328,0.8049349549879696,0.3940047805998253,0.39043456597988374,0.1541817740198335,0.5933517525706161,0.5922745061043153,0.3316882713421359,0.24242424242424243,0.36849378166743435,1.2980111709618565,23.99215865135193
3,0.8,0.25,1.0,1.0,0,48,10,4,0.09450815373174071,0.2317702027708545,0.6112854642492259,0.6075712600478156,0.42322204717500006,0.9059896953135614,0.9056014712345598,0.78488266182146,0.3649980492267978,0.36134707220023987,0.13848788105160678,0.5839573365525113,0.5828476636274899,0.3153687444426345,0.24242424242424243,0.3236769703835572,1.368576481999956,1.1766366958618164
3,0.8,0.25,1.0,1.0,1,111,10,4,0.1095845335531767,0.2587559397745738,0.6572905371259561,0.6540055717620367,0.4819834660642284,0.897406368541996,0.8969792788487176,0.7526454569778374,0.5021124891716334,0.49923906636367354,0.2510576532223343,0.8357447021357429,0.8353020509100345,0.6777225590952062,0.24242424242424243,0.3236769703835572,1.3864668984882553,3.4978599548339844
3,0.8,0.25,1.0,1.0,2,116,10,5,0.12437254865182515,0.244280466508698,0.6898864347623493,0.6869379937359681,0.5428710535917634,1.0,1.0,1.0,0.49614360467483976,0.4932636722490752,0.23247343561304795,0.7375733655715295,0.7367405406672013,0.4724246305454723,0.24242424242424243,0.3236769703835572,1.109336654548354,3.5800435543060303
3,0.8,0.25,1.0,1.0,3,1000,10,3,0.05788708097908483,0.20940801278796134,0.48052607493423916,0.4755218684190583,0.28927419269897364,0.7548712966501103,0.7541043224033087,0.5123044922655382,0.38701684292288135,0.3834581775032876,0.1493877478478168,0.5929240519143224,0.5920661274059542,0.33570984919437624,0.24242424242424243,0.3236769703835572,1.624804654642293,21.182024717330933
3,0.8,0.25,1.0,1.0,4,1000,10,4,0.0941854640102816,0.22698070507912152,0.6295842888185272,0.6260471864793339,0.4471069884216876,0.9083491277292126,0.907971490705844,0.7934094346634827,0.3847556187799202,0.38122092223582466,0.14915068001028228,0.5879077429223251,0.5868117435177123,0.32235560277843,0.24242424242424243,0.3236769703835572,1.3775755030242158,24.739010334014893
3,0.8,0.25,1.0,1.0,5,34,10,5,0.11434729944229309,0.2189065295581414,0.6537763929986002,0.6504838769374425,0.5020388807163925,1.0,1.0,1.0,0.44464922777303706,0.4414741060273902,0.19529213933851897,0.7375733655715296,0.7367405406672015,0.4724246305454723,0.24242424242424243,0.3236769703835572,1.1257184918340928,1.00016450881958
3,0.8,0.25,1.0,1.0,6,114,10,4,0.0907953365515155,0.23797513504124695,0.6155506046808229,0.6118618984764534,0.4315315308026731,0.9037907607564276,0.9033926442098374,0.7752391372397232,0.4927303845260608,0.48979934806915026,0.24046207928219712,0.8294772696226799,0.829021252431157,0.6564476401607514,0.23076923076923078,0.3236769703835572,1.3862509853170673,3.3834309577941895
3,0.8,0.25,1.0,1.0,7,213,10,5,0.11827675265907825,0.2351931183402824,0.6585784589102315,0.6553323536382228,0.5082283626754952,1.0,1.0,1.0,0.49624940448904603,0.4933700767917684,0.22673351272063824,0.7375733655715296,0.7367405406672015,0.4724246305454723,0.24242424242424243,0.3236769703835572,1.109336654548354,6.462748289108276
3,0.8,0.25,1.0,1.0,8,22,10,3,0.0727304907426858,0.24993403680177237,0.5098290454946378,0.5051063704661555,0.3265896248493754,0.7921997857472497,0.7915695648752535,0.6162892627615703,0.34758128780921405,0.34379296577842455,0.13256776706257928,0.6492493065110276,0.6485401515758275,0.45307203333420376,0.22297297297297297,0.3236769703835572,1.6335078201416517,0.4514906406402588
3,0.8,0.25,1.0,1.0,9,35,10,3,0.06913222836743277,0.2331336903487821,0.5596423150401868,0.5554173020059607,0.37074663912454553,0.8021489417124285,0.8015540214626932,0.6413806962628472,0.32230189120194236,0.31838643173469844,0.12556180563929403,0.40498555723662083,0.40379607055457095,0.18615098045841807,0.24242424242424243,0.3236769703835572,1.6339954651710522,0.9463388919830322
3,0.8,0.5,0.0,0.0,0,112,10,3,0.2214720310761744,0.29624495523299743,0.7028589419862413,0.6990958795668956,0.5447750902386288,0.7852802150932446,0.7846251091678986,0.6010060305727019,0.3473862866046504,0.34219036031782796,0.1268601977535057,0.37493597278931157,0.3736622250862697,0.14532804951821357,0,0.0,inf,3.505861282348633
3,0.8,0.5,0.0,0.0,1,24,3,3,0.2920964904142826,0.2918735190155397,0.7768554921460429,0.7761798634888716,0.606293618781669,0.7849276230002521,0.7842712471813089,0.5998687124749003,0.38730681027261993,0.38607076579749955,0.1604217618335992,0.37430486447919226,0.373029329116335,0.14414618051325584,0.5748502994011976,0.6946705741886464,0.050982070606023916,0.263958215713501
3,0.8,0.5,0.0,0.0,2,15,3,3,0.29505135991277176,0.2953021663146494,0.7893604470334368,0.7887214729506181,0.6087639900510177,0.7889606460971246,0.7883188157233194,0.6085417084158432,0.6571211120546576,0.6564276642829949,0.47392307168234943,0.6444080303082955,0.6436864403758702,0.44488729445134056,0.5748502994011976,0.6946705741886464,0.05951960260575902,0.13292360305786133
3,0.8,0.5,0.0,0.0,3,109,3,3,0.3129016539548131,0.31276217198390466,0.7503978476511641,0.7496157526369165,0.4999303752085892,0.7595386266093844,0.7587891678710779,0.523012647821584,0.5987797319636469,0.5979324936729498,0.3494156212123094,0.60003105193931,0.5991924558208825,0.34859032320172656,0.15,0.20951183741881416,0.3264476104567977,3.284454107284546
3,0.8,0.5,0.0,0.0,4,28,10,3,0.22075531783110966,0.3033889023208862,0.6759073104138693,0.6716743405486648,0.43383168477417927,0.7481612335885639,0.7473688711868739,0.49755280006294755,0.29872294247262215,0.2929162936049549,0.008537387689625447,0.30780991017739306,0.30634022681614625,0.029926155949019876,0,0.0,inf,0.7091007232666016
3,0.8,0.5,0.0,0.0,5,18,10,3,0.22178163452746785,0.2962820346695283,0.7030399900154606,0.6992792204298262,0.5452993087194709,0.7852802150932446,0.7846251091678986,0.6010060305727019,0.34761694961082285,0.3424228597977866,0.12727117193122384,0.37493597278931157,0.3736622250862697,0.14532804951821357,0,0.0,inf,0.4317135810852051
3,0.8,0.5,0.0,0.0,6,22,3,3,0.2987750648280686,0.2987518965320957,0.7894563009729061,0.7888176692314446,0.6090757458430014,0.789789857030486,0.789150994948784,0.6112350182388241,0.6686248613917531,0.66795475092094,0.5016119889373588,0.6668307613228103,0.6661552998165206,0.4990750972068573,0.5696969696969697,0.6884933714202007,0.05577466908327254,0.11736416816711426
3,0.8,0.5,0.0,0.0,7,22,2,2,0.30254059460160804,0.3025405946016079,0.5933918153386777,0.5926772493795246,0.3814880303054271,0.5976802337166613,0.5969738544387009,0.39109438552078163,0.35018950663915355,0.3493839445111943,0.189828214412545,0.3422002806825873,0.34138587962167677,0.174960691641255,0.5748502994011976,0.6946705741886464,0.039004223156157244,0.5278310775756836
3,0.8,0.5,0.0,0.0,8,17,4,4,0.30225652517010065,0.30219976768382184,0.9062134325366954,0.9058270894842647,0.7840181975146335,0.9059896953135614,0.9056014712345598,0.78488266182146,0.5852097082025101,0.5841068448379702,0.31582286357372535,0.5839573365525113,0.5828476636274897,0.3153687444426345,0.15,0.20951183741881416,0.34185618977859156,0.14256715774536133
3,0.8,0.5,0.0,0.0,9,114,3,3,0.3034411497477426,0.3031720513147306,0.7919171422000004,0.7912873128296978,0.6146580667163571,0.7916267295012033,0.7909944647108239,0.6144266258107057,0.6744585519968018,0.673802075766916,0.5128575145547655,0.6865809274896537,0.6859468433771048,0.542968341433499,0.572289156626506,0.6907634026278094,0.05556410867826107,3.3433923721313477
3,0.8,0.5,0.0,0.25,0,31,10,4,0.21932277139898226,0.29979055419969364,0.7941348471791569,0.7918584217229256,0.6740705893014814,0.9059896953135614,0.9056014712345598,0.78488266182146,0.5158897296697836,0.5125915197707452,0.24954159532246442,0.5839573365525113,0.5828476636274899,0.3153687444426345,0,0.0,inf,0.8932561874389648
3,0.8,0.5,0.0,0.25,1,34,5,3,0.2363429229493196,0.296528552726731,0.7390011341644596,0.7375621571692267,0.5813809390081592,0.7852802150932446,0.7846251091678986,0.6010060305727019,0.3716195651863082,0.36939006759239185,0.15511934030429936,0.37493597278931157,0.3736622250862697,0.14532804951821357,0,0.0,inf,0.43659424781799316
3,0.8,0.5,0.0,0.25,2,1000,10,4,0.2154185233178919,0.30018298906506197,0.7853371225706437,0.7829672376996172,0.6631808102528233,0.9083491277292126,0.907971490705844,0.7934094346634827,0.5180275194910452,0.5147503921125954,0.25308698506036026,0.587907742922325,0.5868117435177121,0.32235560277843,0,0.0,inf,22.886078357696533
3,0.8,0.5,0.0,0.25,3,32,10,3,0.19103977387049406,0.2976453286406929,0.648790254514711,0.6445557225359705,0.41428300256115613,0.7481612335885639,0.7473688711868739,0.49755280006294755,0.3020955924950623,0.2968081855226122,0.010340958427312988,0.30780991017739306,0.30634022681614625,0.029926155949019876,0,0.0,inf,0.950859546661377
3,0.8,0.5,0.0,0.25,4,55,10,3,0.19665484304916253,0.316717410792388,0.6599291559020694,0.6558055265063132,0.4037898635333865,0.7303232410180941,0.7294623299636516,0.45744797462502,0.4798231814628382,0.4758538962726732,0.21978605163338755,0.5960555189006077,0.5951809391979389,0.35653127194845763,0,0.0,inf,1.059541940689087
3,0.8,0.5,0.0,0.25,5,28,10,4,0.2072880205993283,0.28743301329778753,0.8016160618716488,0.7994178306302758,0.6718314771256879,0.9116055475593928,0.9112424542131328,0.8049349549879696,0.5133690431377254,0.510045225865461,0.2461615009595385,0.5933517525706161,0.5922745061043153,0.3316882713421359,0,0.0,inf,0.44562792778015137
3,0.8,0.5,0.0,0.25,6,22,4,4,0.28999564489917856,0.2896769656693638,0.9041296431413824,0.9037339420232676,0.7760883163884392,0.9000920107272863,0.8996771460213145,0.7622414951112423,0.581721393314461,0.5806064583620326,0.30928567669377277,0.5740608484987776,0.5729166889125226,0.29646770121656035,0.5670731707317073,0.6861898753790645,0.07680419500356085,0.2552182674407959
3,0.8,0.5,0.0,0.25,7,22,4,4,0.30147394778371694,0.30130416837537244,0.8935377271244854,0.8931004679309203,0.7850522125650151,0.9083491277292126,0.907971490705844,0.7934094346634827,0.5909293899538083,0.5898458610414552,0.3262378533603068,0.5879077429223251,0.5868117435177123,0.32235560277843,0.2,0.273000273000273,0.2669248845621829,0.20589256286621094
3,0.8,0.5,0.0,0.25,8,41,10,3,0.1790949977142972,0.27516192881256535,0.6673722096603024,0.6634702407029812,0.5169005087474715,0.792676458447326,0.7920479364188314,0.6178455857756018,0.5262648878224735,0.5227973168082102,0.3869482954554078,0.6710761095271226,0.6704114396498689,0.5060781026638148,0,0.0,inf,0.878101110458374
3,0.8,0.5,0.0,0.25,9,40,10,3,0.19460546611331297,0.2967727909238789,0.6843301260830745,0.6806362389145822,0.5206043032151336,0.7852802150932446,0.7846251091678986,0.6010060305727019,0.3443748883954745,0.33959073843256365,0.12033307068057456,0.37493597278931157,0.3736622250862697,0.14532804951821357,0,0.0,inf,0.9119682312011719
3,0.8,0.5,0.0,0.5,0,28,10,4,0.19729974889875435,0.3004887252445022,0.7806931449033535,0.7783640950271234,0.6602519581926893,0.9116055475593928,0.9112424542131328,0.8049349549879696,0.6600813003269275,0.657869114752863,0.44395482809078807,0.821834912015689,0.8213629372496289,0.6293450096268156,0,0.0,inf,0.7476680278778076
3,0.8,0.5,0.0,0.5,1,92,4,4,0.2869099494121842,0.286554804443487,0.9019138104143678,0.901508118740358,0.76805910791063,0.8974063685419958,0.8969792788487174,0.7526454569778374,0.5780077503743203,0.5768799063541297,0.3026031658242566,0.5695438300688878,0.5683837947232321,0.28830015171599577,0.5748502994011976,0.6946705741886464,0.07533842350376613,2.6857900619506836
3,0.8,0.5,0.0,0.5,2,110,10,4,0.17673787113013342,0.23966539991828548,0.6979299855319608,0.694613630109787,0.5482401292509316,0.9059896953135614,0.9056014712345598,0.78488266182146,0.4024568298223683,0.3984095088107758,0.16252052761176347,0.5839573365525113,0.5828476636274899,0.3153687444426345,0,0.0,inf,3.475769519805908
3,0.8,0.5,0.0,0.5,3,112,4,4,0.2869099494121843,0.2865548044434872,0.9019138104143678,0.901508118740358,0.76805910791063,0.8974063685419958,0.8969792788487174,0.7526454569778374,0.5780077503743203,0.5768799063541297,0.3026031658242566,0.5695438300688878,0.5683837947232321,0.28830015171599577,0.5748502994011976,0.6946705741886464,0.07533842350376611,2.5042665004730225
3,0.8,0.5,0.0,0.5,4,42,10,3,0.17078125179632817,0.29727559068495124,0.6732879288147167,0.6696560970349544,0.5038648928030438,0.7852802150932446,0.7846251091678986,0.6010060305727019,0.3462173593649874,0.34172057515378806,0.11960870956889356,0.37493597278931157,0.3736622250862697,0.14532804951821357,0,0.0,inf,0.8708224296569824
3,0.8,0.5,0.0,0.5,5,31,3,3,0.29505135991277176,0.29530216631464934,0.7893604470334368,0.7887214729506181,0.6087639900510177,0.7889606460971246,0.7883188157233194,0.6085417084158432,0.6571211120546576,0.6564276642829949,0.47392307168234943,0.6444080303082955,0.6436864403758702,0.44488729445134056,0.5748502994011976,0.6946705741886464,0.05951960260575903,0.5910382270812988
3,0.8,0.5,0.0,0.5,6,18,4,4,0.3075619917035833,0.3073762154095664,0.902462641840836,0.9020594281071008,0.7700580044778049,0.897406368541996,0.8969792788487176,0.7526454569778374,0.8315072837959879,0.8310572568623775,0.6618054094433068,0.8357447021357429,0.8353020509100346,0.6777225590952062,0.572289156626506,0.6907634026278094,0.07674113302431128,0.12672638893127441
3,0.8,0.5,0.0,0.5,7,108,3,3,0.3000960427427214,0.30006657630309463,0.7919954100813236,0.7913658592256422,0.6149134768877957,0.7926764584473263,0.7920479364188315,0.6178455857756018,0.6723511680709455,0.671690500055526,0.5078006074885633,0.6710761095271227,0.670411439649869,0.5060781026638148,0.5696969696969697,0.6884933714202007,0.05584706243021717,2.7447190284729004
3,0.8,0.5,0.0,0.5,8,32,10,4,0.17068309552663077,0.2307068920971625,0.688384554492626,0.6849451292666165,0.5188428676738805,0.9059896953135614,0.9056014712345598,0.78488266182146,0.3710669565288261,0.3667789439326237,0.13487942036345102,0.5839573365525113,0.5828476636274899,0.3153687444426345,0,0.0,inf,0.885873556137085
3,0.8,0.5,0.0,0.5,9,25,4,4,0.28999564489917856,0.28967696566936385,0.9041296431413824,0.9037339420232676,0.7760883163884392,0.9000920107272863,0.8996771460213145,0.7622414951112423,0.5817213933144612,0.5806064583620327,0.30928567669377277,0.5740608484987776,0.5729166889125226,0.29646770121656035,0.5670731707317073,0.6861898753790645,0.07680419500356081,0.5489466190338135
3,0.8,0.5,0.0,0.75,0,114,10,3,0.13306305449707564,0.27479033475428544,0.6252201855115492,0.6212000392077975,0.4524288314105588,0.7916267295012034,0.790994464710824,0.6144266258107057,0.30953275477313963,0.3049781854131425,0.09462768675038859,0.3862745401080619,0.3850329004067273,0.15913988880652757,0,0.0,inf,3.28778338432312
3,0.8,0.5,0.0,0.75,1,60,10,2,0.1099222600781147,0.2918203857150752,0.508324693213999,0.5028626759525007,0.3266687942709171,0.5976802337166613,0.5969738544387009,0.39109438552078163,0.2773933020436834,0.27241899845868456,0.07228011760417569,0.3422002806825873,0.34138587962167677,0.174960691641255,0,0.0,inf,1.8549244403839111
3,0.8,0.5,0.0,0.75,2,21,10,4,0.16697433493860503,0.27601273802696885,0.7264717904667348,0.7236461910090364,0.6018094268828627,0.9116055475593928,0.9112424542131328,0.8049349549879696,0.5730326647447922,0.5703415273591285,0.36570811677955306,0.8218349120156891,0.821362937249629,0.6293450096268156,0,0.0,inf,0.4705014228820801
3,0.8,0.5,0.0,0.75,3,17,4,4,0.3075619917035833,0.3073762154095663,0.902462641840836,0.9020594281071008,0.7700580044778049,0.897406368541996,0.8969792788487176,0.7526454569778374,0.831507283795988,0.8310572568623776,0.6618054094433068,0.8357447021357428,0.8353020509100344,0.6777225590952062,0.572289156626506,0.6907634026278094,0.07674113302431126,0.22756338119506836
3,0.8,0.5,0.0,0.75,4,40,4,4,0.28999564489917856,0.28967696566936385,0.9041296431413824,0.9037339420232676,0.7760883163884392,0.9000920107272863,0.8996771460213145,0.7622414951112423,0.5817213933144612,0.5806064583620327,0.30928567669377277,0.5740608484987777,0.5729166889125227,0.29646770121656035,0.5670731707317073,0.6861898753790645,0.07680419500356087,0.8297634124755859
3,0.8,0.5,0.0,0.75,5,75,4,4,0.2926859041788298,0.2924940346636297,0.9032922516795583,0.9028927793128343,0.7730668342239174,0.9037907607564276,0.9033926442098374,0.7752391372397232,0.8306936655910727,0.8302419177365985,0.6589970286474999,0.8294772696226799,0.829021252431157,0.6564476401607514,0.5696969696969697,0.6884933714202007,0.07670029010908751,1.614823818206787
3,0.8,0.5,0.0,0.75,6,39,10,4,0.15919232384484736,0.2690944795178721,0.7213886526516597,0.7185132978829839,0.5910081597869287,0.9137594533047027,0.9134059329538328,0.8127690521941776,0.489594554973038,0.4863812453378741,0.23782873551733924,0.5969473729725018,0.5958824465842397,0.33795995639299703,0,0.0,inf,0.6301796436309814
3,0.8,0.5,0.0,0.75,7,40,4,4,0.2926859041788298,0.2924940346636297,0.9032922516795583,0.9028927793128343,0.7730668342239174,0.9037907607564276,0.9033926442098374,0.7752391372397232,0.8306936655910727,0.8302419177365985,0.6589970286474999,0.8294772696226799,0.829021252431157,0.6564476401607514,0.5696969696969697,0.6884933714202007,0.07670029010908751,0.7480905055999756
3,0.8,0.5,0.0,0.75,8,44,10,3,0.14857838486226993,0.31703412069505577,0.6618765871530334,0.6581296051815123,0.3991053948364693,0.7303232410180941,0.7294623299636516,0.45744797462502,0.4566274790758515,0.45289628415078237,0.1632093753797466,0.5960555189006077,0.5951809391979389,0.35653127194845763,0,0.0,inf,0.969512939453125
3,0.8,0.5,0.0,0.75,9,1000,10,5,0.1866195592042932,0.28383515996625563,0.8135837783577656,0.8117203248723153,0.7179849001351707,1.0,1.0,1.0,0.6191894252395341,0.616881795229824,0.33340237765355973,0.7375733655715296,0.7367405406672015,0.4724246305454723,0,0.0,inf,22.077614545822144
3,0.8,0.5,0.0,1.0,0,62,10,4,0.14845536893496453,0.27649645821692853,0.6709124400927239,0.6676141247275033,0.5544323752336757,0.9083491277292126,0.907971490705844,0.7934094346634827,0.4489356537022704,0.4455838074331389,0.22363695165527098,0.5879077429223251,0.5868117435177123,0.32235560277843,0,0.0,inf,1.8276891708374023
3,0.8,0.5,0.0,1.0,1,43,10,5,0.16877448139009246,0.2728404394673698,0.7920103451883372,0.7899601371753076,0.698633677691061,1.0,1.0,1.0,0.5645633031770301,0.561966647003622,0.3076617959456231,0.7375733655715296,0.7367405406672015,0.4724246305454723,0,0.0,inf,1.1872854232788086
3,0.8,0.5,0.0,1.0,2,51,10,4,0.12136842960626021,0.2078321510885957,0.6237416610763434,0.6198660891662369,0.442398639460846,0.9083491277292126,0.907971490705844,0.7934094346634827,0.33356939054989426,0.32938045972673535,0.10839664020006659,0.587907742922325,0.5868117435177121,0.32235560277843,0,0.0,inf,1.4774670600891113
3,0.8,0.5,0.0,1.0,3,39,10,4,0.14063639111017934,0.26902262549338574,0.7033730348405759,0.7003520333439931,0.5351897869694497,0.9037907607564276,0.9033926442098374,0.7752391372397232,0.599497862063503,0.5970140629745562,0.40377413660054917,0.8294772696226799,0.829021252431157,0.6564476401607514,0,0.0,inf,1.0294098854064941
3,0.8,0.5,0.0,1.0,4,67,10,3,0.09175936823762908,0.21907039812179216,0.4889348273204148,0.483644098309818,0.33160860673832315,0.7548712966501103,0.7541043224033086,0.5123044922655382,0.29678349295510165,0.2923361599926932,0.11300122164381751,0.5929240519143224,0.5920661274059542,0.33570984919437624,0,0.0,inf,1.9084758758544922
3,0.8,0.5,0.0,1.0,5,118,10,4,0.14221967034021102,0.2793847305763493,0.7132642313021874,0.7103590412557934,0.5541911798134376,0.9037907607564276,0.9033926442098374,0.7752391372397232,0.5965692981223649,0.5940829770621211,0.387088468002156,0.8294772696226799,0.829021252431157,0.6564476401607514,0,0.0,inf,3.5111405849456787
3,0.8,0.5,0.0,1.0,6,35,10,5,0.14452819659727373,0.22756199606029023,0.7139335242312254,0.7110744007967092,0.5818567471049342,1.0,1.0,1.0,0.4900582103724099,0.4869669343948593,0.24123686900011987,0.7375733655715296,0.7367405406672015,0.4724246305454723,0,0.0,inf,0.9877300262451172
3,0.8,0.5,0.0,1.0,7,27,10,3,0.1050215054300238,0.2566162318789004,0.5876498380982195,0.5833919969811031,0.43833446306049,0.792676458447326,0.7920479364188314,0.6178455857756018,0.46145159678917824,0.4580563292265481,0.3138112662888829,0.6710761095271226,0.6704114396498689,0.5060781026638148,0,0.0,inf,0.7587101459503174
3,0.8,0.5,0.0,1.0,8,44,10,4,0.14021072876958526,0.2711926217064101,0.6919783780656239,0.6888432246055579,0.5187252739957384,0.9000920107272863,0.8996771460213145,0.7622414951112423,0.4140243289678866,0.41039293889440304,0.15781930009659573,0.5740608484987775,0.5729166889125225,0.29646770121656035,0,0.0,inf,1.3219146728515625
3,0.8,0.5,0.0,1.0,9,28,10,5,0.1556184270719279,0.2623719841098855,0.7631654278528335,0.7608371627128268,0.6489208221748739,1.0,1.0,1.0,0.5494587471752993,0.5467806886540696,0.2730159842884704,0.7375733655715295,0.7367405406672013,0.4724246305454723,0,0.0,inf,0.7150201797485352
3,0.8,0.5,0.25,0.0,0,30,4,4,0.2878514609258369,0.28771988979018603,0.9069960203513316,0.9066131841674229,0.7868715044443074,0.9116055475593928,0.9112424542131328,0.8049349549879696,0.5865187721693972,0.5854204295827203,0.3181599924574393,0.5933517525706161,0.5922745061043153,0.3316882713421359,0.15,0.20951183741881416,0.3415263930094495,0.3373298645019531
3,0.8,0.5,0.25,0.0,1,17,4,4,0.30330959509333777,0.30324649544915616,0.908286786541069,0.9079097241974984,0.7915753497024844,0.9083491277292126,0.907971490705844,0.7934094346634827,0.5886766846770783,0.5875857803902927,0.3219956443730734,0.5879077429223251,0.5868117435177123,0.32235560277843,0.15,0.20951183741881416,0.3419285831255362,0.10862421989440918
3,0.8,0.5,0.25,0.0,2,31,3,3,0.3000960427427212,0.3000665763030945,0.7919954100813236,0.7913658592256422,0.6149134768877957,0.792676458447326,0.7920479364188314,0.6178455857756018,0.6723511680709455,0.671690500055526,0.5078006074885633,0.6710761095271226,0.6704114396498689,0.5060781026638148,0.5696969696969697,0.6884933714202007,0.055847062430217184,0.7492327690124512
3,0.8,0.5,0.25,0.0,3,18,3,3,0.3034411497477426,0.3031720513147306,0.7919171422000004,0.7912873128296978,0.6146580667163571,0.7916267295012033,0.7909944647108239,0.6144266258107057,0.6744585519968018,0.673802075766916,0.5128575145547655,0.6865809274896538,0.6859468433771049,0.542968341433499,0.572289156626506,0.6907634026278094,0.05556410867826107,0.34339261054992676
3,0.8,0.5,0.25,0.0,4,171,10,3,0.19513634407891503,0.2968773589389614,0.6933026138105748,0.6897137203713695,0.5234064048231014,0.7852802150932446,0.7846251091678986,0.6010060305727019,0.35566577244603603,0.3509640129858006,0.12243611252211016,0.37493597278931157,0.3736622250862697,0.14532804951821357,0,0.0,inf,3.9839119911193848
3,0.8,0.5,0.25,0.0,5,30,10,3,0.19295252814362068,0.29633165530931366,0.6927221174762817,0.6891273190513925,0.5332321147264618,0.7849276230002521,0.7842712471813089,0.5998687124749003,0.5325369846013117,0.5291269222261594,0.3597898170980336,0.6768387497441453,0.6761799567006874,0.527325252875187,0,0.0,inf,0.8194575309753418
3,0.8,0.5,0.25,0.0,6,27,2,2,0.3008090782574572,0.30080907825745745,0.5916192536088873,0.59090064872952,0.37797664007241627,0.5960908120545209,0.5953808212273226,0.38786077858471907,0.34725239205509434,0.34644172825904335,0.18464448020227536,0.33954695184358247,0.33872793912201543,0.17025642675852654,0.5670731707317073,0.6861898753790645,0.040364107047199976,0.6119813919067383
3,0.8,0.5,0.25,0.0,7,18,4,4,0.30225652517010054,0.3021997676838216,0.9062134325366955,0.9058270894842648,0.7840181975146335,0.9059896953135614,0.9056014712345598,0.78488266182146,0.5852097082025102,0.5841068448379703,0.31582286357372535,0.5839573365525113,0.5828476636274897,0.3153687444426345,0.15,0.20951183741881416,0.34185618977859156,0.4116635322570801
3,0.8,0.5,0.25,0.0,8,36,10,3,0.19350131576737545,0.2947849173297007,0.7030633543739139,0.6995876348575575,0.5244177784243487,0.7849276230002521,0.7842712471813089,0.5998687124749003,0.36782413289543014,0.36320936068849474,0.12293055658742054,0.37430486447919226,0.373029329116335,0.14414618051325584,0,0.0,inf,0.9686777591705322
3,0.8,0.5,0.25,0.0,9,23,3,3,0.29965609163136636,0.2994088774763783,0.7894055587341606,0.7887667457732628,0.6089106796367217,0.7889606460971244,0.7883188157233192,0.6085417084158432,0.6707786783405367,0.6701128855814311,0.5067592679602066,0.6827081189134144,0.6820642499665682,0.536681216439622,0.572289156626506,0.6907634026278094,0.05548571522935419,0.577552080154419
3,0.8,0.5,0.25,0.25,0,111,10,3,0.16913476697346097,0.3127730344731555,0.6550579288404413,0.6510733635658755,0.3912803605773157,0.7250071641342934,0.7241254949570672,0.44647024161769056,0.46172801642323424,0.4578446914259185,0.180852643872486,0.5880574779608787,0.5871603983222972,0.34186166083827674,0.30158730158730157,0.43424601179320743,0.5629231443749427,3.4762513637542725
3,0.8,0.5,0.25,0.25,1,114,2,2,0.29845323867529133,0.2984532386752915,0.5923035749787092,0.5915865303510878,0.37932760189374876,0.5936479709519707,0.5929324165216566,0.3829540138806239,0.3623620447897751,0.3615706970695275,0.21309892399116745,0.3614980604274912,0.3607042949307468,0.212808677534589,0.5696969696969697,0.6884933714202007,0.04017790481172945,3.2650859355926514
3,0.8,0.5,0.25,0.25,2,109,2,2,0.3068011020001426,0.30680110200014254,0.5878399019601795,0.5871126581313231,0.3706193494105449,0.5879077429223252,0.5871790535706989,0.3717161405198315,0.8313787680515661,0.83116854713833,0.8470017763599165,0.8321863395202956,0.8319764965397318,0.8493589643652412,0.6415094339622641,0.7813936385364957,0.022935882400406272,3.3436033725738525
3,0.8,0.5,0.25,0.25,3,26,3,3,0.2996560916313663,0.2994088774763782,0.7894055587341606,0.7887667457732628,0.6089106796367217,0.7889606460971244,0.7883188157233192,0.6085417084158432,0.6707786783405367,0.6701128855814311,0.5067592679602066,0.6827081189134145,0.6820642499665682,0.536681216439622,0.572289156626506,0.6907634026278094,0.05548571522935419,0.5830445289611816
3,0.8,0.5,0.25,0.25,4,38,10,3,0.16736645715239204,0.28982792894708787,0.6696736038705371,0.6660266174278191,0.5217027172065954,0.8021489417124285,0.8015540214626932,0.6413806962628472,0.5091486489978051,0.5058008898775762,0.30024550714146786,0.6640652098143663,0.6633936463526338,0.47901294122685556,0.09523809523809523,0.15015015015015015,0.8756077302793134,1.1131784915924072
3,0.8,0.5,0.25,0.25,5,112,9,3,0.17100004755575357,0.2905877288184039,0.6863858755767852,0.6832762108862829,0.5185368353669296,0.8021489417124285,0.8015540214626932,0.6413806962628472,0.3921253763545653,0.38838363891407973,0.1436110981070708,0.40498555723662083,0.40379607055457095,0.18615098045841807,0.10975609756097561,0.17436791630340018,0.7392532214030102,3.1275012493133545
3,0.8,0.5,0.25,0.25,6,69,10,5,0.18161754337257305,0.23191823083270574,0.7922144147914402,0.7900162015915078,0.6552946660753606,1.0,1.0,1.0,0.5139839990738775,0.5108358526608255,0.24247141470456024,0.7375733655715295,0.7367405406672013,0.4724246305454723,0.08695652173913043,0.13056534795665228,0.8758461044917603,1.921152114868164
3,0.8,0.5,0.25,0.25,7,13,4,4,0.3014739477837169,0.3013041683753724,0.8935377271244854,0.8931004679309203,0.7850522125650151,0.9083491277292126,0.907971490705844,0.7934094346634827,0.5909293899538083,0.5898458610414552,0.3262378533603068,0.5879077429223251,0.5868117435177123,0.32235560277843,0.2,0.273000273000273,0.2669248845621829,0.13443422317504883
3,0.8,0.5,0.25,0.25,8,24,4,4,0.30243759351109356,0.302504812146476,0.8927586622940304,0.8923178826819123,0.7822854013679056,0.9116055475593928,0.9112424542131328,0.8049349549879696,0.8255089853811186,0.8250463704449814,0.6407570460166337,0.821834912015689,0.8213629372496289,0.6293450096268156,0.2,0.273000273000273,0.27198998849426587,0.30089521408081055
3,0.8,0.5,0.25,0.25,9,29,4,3,0.2604683616807384,0.2962193353611099,0.7738668374864223,0.7729122643575205,0.6268168096843235,0.8019282820082536,0.8013325861275414,0.6406540834881669,0.4249908489279916,0.4234139858138721,0.19714205299329005,0.4045942902943182,0.40340372512137557,0.185435262866209,0.2,0.273000273000273,0.3238927219855542,0.22609877586364746
3,0.8,0.5,0.25,0.5,0,51,10,3,0.1496192498004594,0.29573305025025953,0.6751429022020543,0.6716642021811804,0.49384142018299026,0.7849276230002521,0.7842712471813089,0.5998687124749003,0.3606134135391048,0.35640455579984215,0.12290727309228698,0.37430486447919226,0.373029329116335,0.14414618051325584,0.3877551020408163,0.4946628482166102,0.5000999492973588,1.5096149444580078
3,0.8,0.5,0.25,0.5,1,111,10,5,0.17800433255782372,0.2302707160175598,0.769318609784925,0.7669445181503571,0.6338143612023078,1.0,1.0,1.0,0.4944358683061327,0.4912637584270348,0.2341802912654171,0.7375733655715296,0.7367405406672015,0.4724246305454723,0.17391304347826086,0.2502502502502502,0.6434465974281223,3.457771062850952
3,0.8,0.5,0.25,0.5,2,23,4,4,0.2926859041788298,0.2924940346636297,0.9032922516795583,0.9028927793128343,0.7730668342239174,0.9037907607564276,0.9033926442098374,0.7752391372397232,0.8306936655910727,0.8302419177365985,0.6589970286474999,0.8294772696226799,0.829021252431157,0.6564476401607514,0.5696969696969697,0.6884933714202007,0.07670029010908752,0.42984557151794434
3,0.8,0.5,0.25,0.5,3,42,3,3,0.3034411497477426,0.3031720513147306,0.7919171422000004,0.7912873128296978,0.6146580667163571,0.7916267295012033,0.7909944647108239,0.6144266258107057,0.6744585519968018,0.673802075766916,0.5128575145547655,0.6865809274896537,0.6859468433771048,0.542968341433499,0.572289156626506,0.6907634026278094,0.055564108678261045,1.0184988975524902
3,0.8,0.5,0.25,0.5,4,41,10,4,0.17040076226690634,0.2790102881228201,0.7476692816028772,0.7450514299570737,0.6130179014291305,0.9083491277292126,0.907971490705844,0.7934094346634827,0.48367243052821557,0.4804010048381982,0.22046996365026378,0.587907742922325,0.5868117435177121,0.32235560277843,0.17391304347826086,0.2502502502502502,0.6551991628442008,1.182032585144043
3,0.8,0.5,0.25,0.5,5,33,10,3,0.1461968814625922,0.2980669299441884,0.6452431144385951,0.6413855255589193,0.44215606787952794,0.7595386266093844,0.7587891678710779,0.523012647821584,0.46715508056990196,0.4635806730918044,0.17183008504269864,0.60003105193931,0.5991924558208825,0.34859032320172656,0.19047619047619047,0.286000286000286,0.5771466407662873,0.9247856140136719
3,0.8,0.5,0.25,0.5,6,111,4,4,0.3075619917035833,0.3073762154095664,0.902462641840836,0.9020594281071008,0.7700580044778049,0.897406368541996,0.8969792788487176,0.7526454569778374,0.8315072837959879,0.8310572568623775,0.6618054094433068,0.8357447021357429,0.8353020509100346,0.6777225590952062,0.572289156626506,0.6907634026278094,0.07674113302431128,3.3011744022369385
3,0.8,0.5,0.25,0.5,7,109,4,4,0.2926859041788298,0.2924940346636297,0.9032922516795583,0.9028927793128343,0.7730668342239174,0.9037907607564276,0.9033926442098374,0.7752391372397232,0.8306936655910727,0.8302419177365985,0.6589970286474999,0.8294772696226799,0.829021252431157,0.6564476401607514,0.5696969696969697,0.6884933714202007,0.07670029010908752,3.326784610748291
3,0.8,0.5,0.25,0.5,8,112,10,3,0.14298030600113532,0.2825764200991446,0.671791619114586,0.6683199839349149,0.5333040859779441,0.8021489417124285,0.8015540214626932,0.6413806962628472,0.4202648990221059,0.41650569735812965,0.18197022084838038,0.40498555723662083,0.40379607055457095,0.18615098045841807,0.19047619047619047,0.286000286000286,0.5779680020290394,3.3984029293060303
3,0.8,0.5,0.25,0.5,9,117,10,3,0.15114567800513812,0.2874377123605864,0.6746311309535191,0.6711892413454955,0.5484884399391762,0.8019282820082536,0.8013325861275414,0.6406540834881669,0.406586972476855,0.40273868181156536,0.17565937819413302,0.4045942902943182,0.40340372512137557,0.185435262866209,0.19047619047619047,0.286000286000286,0.5789409154754703,3.467277765274048
3,0.8,0.5,0.25,0.75,0,1000,10,4,0.13115671460260983,0.2361641814441969,0.6547922669771862,0.651256850623314,0.4900501926265325,0.9083491277292126,0.907971490705844,0.7934094346634827,0.4281914014897193,0.42462257287699273,0.1808546819439338,0.5879077429223251,0.5868117435177123,0.32235560277843,0.2608695652173913,0.36036036036036034,0.8606596081017277,24.172096014022827
3,0.8,0.5,0.25,0.75,1,47,10,3,0.13540289295134947,0.3002958969046445,0.7161750066592323,0.7132234107371878,0.5517234934504707,0.7889606460971244,0.7883188157233192,0.6085417084158432,0.5137251308947905,0.5106332320326911,0.2712724723744678,0.6827081189134145,0.6820642499665682,0.536681216439622,0.16901408450704225,0.2669336002669336,0.9187029587258695,1.0273089408874512
3,0.8,0.5,0.25,0.75,2,77,10,4,0.15858441508762236,0.28818589685127294,0.737926757780718,0.7352684807529248,0.5886934648717549,0.9083491277292126,0.907971490705844,0.7934094346634827,0.49097841742231224,0.48783747420465534,0.2163608055012182,0.5879077429223251,0.5868117435177123,0.32235560277843,0.2608695652173913,0.36036036036036034,0.7778098594779488,1.7286686897277832
3,0.8,0.5,0.25,0.75,3,41,10,5,0.1781050038287325,0.28346838170955063,0.8063390188318353,0.8044250161600516,0.7033903713441956,1.0,1.0,1.0,0.608537184601867,0.6061955682185761,0.32244023168042235,0.7375733655715295,0.7367405406672013,0.4724246305454723,0.2608695652173913,0.36036036036036034,0.7232718637404802,0.8657491207122803
3,0.8,0.5,0.25,0.75,4,37,4,4,0.2926859041788298,0.2924940346636297,0.9032922516795583,0.9028927793128343,0.7730668342239174,0.9037907607564276,0.9033926442098374,0.7752391372397232,0.8306936655910727,0.8302419177365985,0.6589970286474999,0.8294772696226799,0.829021252431157,0.6564476401607514,0.5696969696969697,0.6884933714202007,0.07670029010908751,0.4834098815917969
3,0.8,0.5,0.25,0.75,5,43,10,3,0.13507310285254046,0.30409278844413673,0.7071402309474215,0.704102465142192,0.542221168590141,0.7916267295012033,0.7909944647108239,0.6144266258107057,0.5032253155916605,0.5000764527264134,0.2662375496595394,0.6865809274896538,0.6859468433771049,0.542968341433499,0.16901408450704225,0.2669336002669336,0.9182507273947893,0.8598055839538574
3,0.8,0.5,0.25,0.75,6,57,10,3,0.13443178942007503,0.29833470655826105,0.6709163157794586,0.6674962760438119,0.494108629804819,0.7852802150932446,0.7846251091678986,0.6010060305727019,0.3652416627302725,0.3612088072432218,0.1331525138167024,0.37493597278931157,0.3736622250862697,0.14532804951821357,0.3333333333333333,0.43451811940557916,0.8632472963092814,1.1991064548492432
3,0.8,0.5,0.25,0.75,7,26,10,3,0.11320644630575362,0.25941174881248086,0.6108673184120975,0.606883692143221,0.48704584108014576,0.8021489417124285,0.8015540214626932,0.6413806962628472,0.4419065559500773,0.43842507913417617,0.2633701035034495,0.6640652098143663,0.6633936463526338,0.47901294122685556,0.2857142857142857,0.40950040950040945,0.8288475153979602,0.4617137908935547
3,0.8,0.5,0.25,0.75,8,42,10,4,0.1494909965820825,0.2687045867325709,0.7002858986212813,0.6972439199739333,0.558535080607755,0.9137594533047027,0.9134059329538328,0.8127690521941776,0.45627209418713915,0.45291447303813226,0.20505432594426895,0.5969473729725018,0.5958824465842397,0.33795995639299703,0.2608695652173913,0.36036036036036034,0.8382201441104704,0.8860867023468018
3,0.8,0.5,0.25,0.75,9,71,10,4,0.13017961907488249,0.2396279921292088,0.6684482586601335,0.6649868262649855,0.4452157992164644,0.9000920107272863,0.8996771460213145,0.7622414951112423,0.36051175700546895,0.35642612419897945,0.09569032222045296,0.5740608484987777,0.5729166889125227,0.29646770121656035,0.3333333333333333,0.5005005005005004,0.8129445441880224,1.6563303470611572
3,0.8,0.5,0.25,1.0,0,114,10,4,0.12619026388556914,0.25984521459742327,0.6447316673893798,0.6412376440693721,0.49833194097066164,0.9059896953135614,0.9056014712345598,0.78488266182146,0.4381431483688675,0.43480088921753124,0.19206997944422866,0.5839573365525113,0.5828476636274899,0.3153687444426345,0.24242424242424243,0.42147410568463195,1.1778577978336675,2.767122507095337
3,0.8,0.5,0.25,1.0,1,57,10,5,0.16000521902678122,0.2737430498816944,0.783075150075374,0.7809591713248882,0.6714751740794482,1.0,1.0,1.0,0.5723009806277816,0.5697813675119617,0.30193435565445065,0.7375733655715295,0.7367405406672014,0.4724246305454723,0.24242424242424243,0.42147410568463195,0.999018623509424,1.1940772533416748
3,0.8,0.5,0.25,1.0,2,78,10,3,0.09668343437512564,0.2650637454177127,0.5768101223034449,0.572540461728534,0.39067917532636304,0.7849276230002521,0.7842712471813089,0.5998687124749003,0.29509401683834624,0.29077042939578157,0.09623561656145471,0.37430486447919226,0.373029329116335,0.14414618051325584,0.24242424242424243,0.3259838786154576,1.4549074268900624,1.9664509296417236
3,0.8,0.5,0.25,1.0,3,114,10,4,0.12422990540023902,0.2585315227315046,0.6324420264660267,0.6288135228444117,0.48535272523176426,0.9059896953135614,0.9056014712345598,0.78488266182146,0.4451122191216884,0.4417965071897127,0.21894781791607434,0.5839573365525113,0.5828476636274897,0.3153687444426345,0.24242424242424243,0.42147410568463195,1.2401757112456977,2.538449287414551
3,0.8,0.5,0.25,1.0,4,111,10,4,0.1237944095824081,0.2680598156477753,0.6649082311165023,0.6615719306684118,0.47688446906747933,0.9000920107272863,0.8996771460213145,0.7622414951112423,0.41280089762974154,0.4092558357889935,0.15267586509345288,0.5740608484987777,0.5729166889125227,0.29646770121656035,0.24242424242424243,0.33143511404380965,1.2552394014026995,3.0290164947509766
3,0.8,0.5,0.25,1.0,5,44,10,3,0.10163815013654232,0.28136436394459186,0.6006369691068834,0.5965126871679517,0.387036534124821,0.7375733655715295,0.7367405406672014,0.4724246305454723,0.5754107095182796,0.5727316928469854,0.4545535825021195,1.0,1.0,1.0,0.17391304347826086,0.2716284123319299,1.3664418524355497,1.2578089237213135
3,0.8,0.5,0.25,1.0,6,24,10,4,0.1415362397785121,0.2905734900757007,0.7213101932487344,0.7185320308439362,0.5521009308110232,0.897406368541996,0.8969792788487176,0.7526454569778374,0.5762579689876837,0.573695938864861,0.35736990589342754,0.8357447021357428,0.8353020509100344,0.6777225590952062,0.22,0.32705973300032704,1.1946365898728963,0.40543317794799805
3,0.8,0.5,0.25,1.0,7,61,10,4,0.1298528494601246,0.2690587901372952,0.6927495609332545,0.6896649869296956,0.5130592336091149,0.9037907607564276,0.9033926442098374,0.7752391372397232,0.5872034790286667,0.5846862689121852,0.3805063957506962,0.8294772696226799,0.829021252431157,0.6564476401607514,0.22929936305732485,0.3295978905735003,1.2331818347890697,1.7314200401306152
3,0.8,0.5,0.25,1.0,8,1000,10,4,0.12297411509807803,0.2516234378596184,0.6341538279317379,0.6305417719558815,0.4871576645117486,0.9059896953135614,0.9056014712345598,0.78488266182146,0.4416856714803058,0.43834898830213254,0.21043487981852751,0.5839573365525113,0.5828476636274897,0.3153687444426345,0.24242424242424243,0.42147410568463195,1.1876921543542789,23.65452551841736
3,0.8,0.5,0.25,1.0,9,44,10,5,0.15432418568192657,0.2696120114269754,0.7686699280337166,0.7664237723926007,0.6504419548443336,1.0,1.0,1.0,0.5642257012257241,0.5616725863348053,0.2883029767207244,0.7375733655715295,0.7367405406672014,0.4724246305454723,0.24242424242424243,0.42147410568463195,0.987587759930115,1.2815923690795898
3,0.8,0.5,0.5,0.0,0,15,4,4,0.3022565251701005,0.3021997676838216,0.9062134325366954,0.9058270894842647,0.7840181975146335,0.9059896953135614,0.9056014712345598,0.78488266182146,0.5852097082025101,0.5841068448379702,0.31582286357372535,0.5839573365525113,0.5828476636274899,0.3153687444426345,0.15,0.20951183741881416,0.34185618977859156,0.10634112358093262
3,0.8,0.5,0.5,0.0,1,27,4,4,0.30428482175404264,0.30446028467943204,0.9075030477238635,0.9071224809899361,0.7887321917624809,0.9116055475593928,0.9112424542131328,0.8049349549879696,0.8265696202747511,0.8261092144636512,0.6445372756707703,0.8218349120156891,0.821362937249629,0.6293450096268156,0.15,0.20951183741881416,0.34696298990639945,0.15907740592956543
3,0.8,0.5,0.5,0.0,2,31,10,3,0.1729945982868394,0.30431538286462356,0.697237256050759,0.6938774579612499,0.5278455619512189,0.7916267295012033,0.7909944647108239,0.6144266258107057,0.523553745917652,0.5202836800494346,0.32447844609589843,0.6865809274896537,0.6859468433771048,0.542968341433499,0,0.0,inf,0.8172459602355957
3,0.8,0.5,0.5,0.0,3,36,10,3,0.17075566308156503,0.3013799157365497,0.680504434708624,0.6769567194280135,0.5127005309993616,0.7926764584473263,0.7920479364188315,0.6178455857756018,0.5480164454454541,0.5449118607366679,0.3751075291278299,0.6710761095271227,0.670411439649869,0.5060781026638148,0,0.0,inf,0.9897851943969727
3,0.8,0.5,0.5,0.0,4,40,10,3,0.1714668680269474,0.3004991981786873,0.6987267081289716,0.6953760131462461,0.5270944483052502,0.7889606460971244,0.7883188157233192,0.6085417084158432,0.5315561096522798,0.5283321522443353,0.32493680868077285,0.6827081189134144,0.6820642499665682,0.536681216439622,0,0.0,inf,1.156569480895996
3,0.8,0.5,0.5,0.0,5,16,4,4,0.2869099494121843,0.28655480444348697,0.9019138104143678,0.901508118740358,0.76805910791063,0.8974063685419958,0.8969792788487174,0.7526454569778374,0.5780077503743202,0.5768799063541296,0.3026031658242566,0.5695438300688876,0.568383794723232,0.28830015171599577,0.5748502994011976,0.6946705741886464,0.07533842350376613,0.158400297164917
3,0.8,0.5,0.5,0.0,6,35,2,2,0.30676087177327976,0.30676087177327976,0.5886439109427256,0.587918508065989,0.3721699660878811,0.5843445647456531,0.5836076786123202,0.3649394192885749,0.35909302384762254,0.35829465429702717,0.20757393653979087,0.3673307667621875,0.36653677469947066,0.2249150250260693,0.73125,0.8220937500000001,0.016289380704928684,0.9209926128387451
3,0.8,0.5,0.5,0.0,7,34,10,3,0.17304549317069606,0.3043202821075645,0.6972372560507589,0.6938774579612499,0.5278455619512189,0.7916267295012033,0.7909944647108239,0.6144266258107057,0.5235537459176519,0.5202836800494345,0.32447844609589843,0.6865809274896538,0.6859468433771049,0.542968341433499,0,0.0,inf,0.9321005344390869
3,0.8,0.5,0.5,0.0,8,58,4,4,0.3075619917035833,0.3073762154095663,0.902462641840836,0.9020594281071008,0.7700580044778049,0.897406368541996,0.8969792788487176,0.7526454569778374,0.8315072837959878,0.8310572568623775,0.6618054094433068,0.8357447021357427,0.8353020509100343,0.6777225590952062,0.572289156626506,0.6907634026278094,0.07674113302431128,1.5808417797088623
3,0.8,0.5,0.5,0.0,9,24,10,3,0.1655146308118892,0.29617627310077016,0.6835217475438644,0.6799997116552707,0.502413745107617,0.7889606460971246,0.7883188157233194,0.6085417084158432,0.5153967923215033,0.5120589981898401,0.29338085256133467,0.6444080303082954,0.6436864403758701,0.44488729445134056,0,0.0,inf,0.61423659324646
3,0.8,0.5,0.5,0.25,0,27,2,2,0.29845323867529133,0.2984532386752915,0.5923035749787092,0.5915865303510878,0.37932760189374876,0.5936479709519707,0.5929324165216566,0.3829540138806239,0.3623620447897751,0.3615706970695275,0.21309892399116745,0.3614980604274912,0.3607042949307468,0.212808677534589,0.5696969696969697,0.6884933714202007,0.040177904811729476,0.5862085819244385
3,0.8,0.5,0.5,0.25,1,110,2,2,0.3008090782574572,0.30080907825745745,0.5916192536088873,0.59090064872952,0.37797664007241627,0.5960908120545209,0.5953808212273226,0.38786077858471907,0.34725239205509434,0.34644172825904335,0.18464448020227536,0.33954695184358247,0.33872793912201543,0.17025642675852654,0.5670731707317073,0.6861898753790645,0.040364107047199976,3.2602174282073975
3,0.8,0.5,0.5,0.25,2,68,4,4,0.2926859041788298,0.2924940346636297,0.9032922516795583,0.9028927793128343,0.7730668342239174,0.9037907607564276,0.9033926442098374,0.7752391372397232,0.8306936655910727,0.8302419177365985,0.6589970286474999,0.8294772696226799,0.829021252431157,0.6564476401607514,0.5696969696969697,0.6884933714202007,0.07670029010908752,1.975092887878418
3,0.8,0.5,0.5,0.25,3,40,10,3,0.15482469442606966,0.29569193860395054,0.6947228360256096,0.6914790674704666,0.5365810922501663,0.8019282820082536,0.8013325861275414,0.6406540834881669,0.4051085553089009,0.4012295956117214,0.15948493636565006,0.4045942902943182,0.40340372512137557,0.185435262866209,0.11764705882352941,0.1668335001668335,0.7786412637123421,1.0869097709655762
3,0.8,0.5,0.5,0.25,4,46,10,3,0.1498594131762505,0.2971411864414307,0.6892745574221707,0.6859503025850284,0.5242484581249129,0.7849276230002521,0.7842712471813089,0.5998687124749003,0.49910654035195884,0.4958131319925172,0.2881746085270453,0.6768387497441453,0.6761799567006874,0.527325252875187,0.30158730158730157,0.4946628482166102,0.5228295885473919,1.3293213844299316
3,0.8,0.5,0.5,0.25,5,48,10,3,0.1526402191711683,0.3009981750624899,0.7026821627914291,0.6994984536407476,0.531278150825613,0.7889606460971244,0.7883188157233192,0.6085417084158432,0.5225577981318955,0.5194150892544925,0.2954661038518636,0.6827081189134145,0.6820642499665682,0.536681216439622,0.2903225806451613,0.48262548262548266,0.5190674595643328,1.3983263969421387
3,0.8,0.5,0.5,0.25,6,27,4,4,0.3075619917035833,0.3073762154095664,0.902462641840836,0.9020594281071008,0.7700580044778049,0.897406368541996,0.8969792788487176,0.7526454569778374,0.8315072837959879,0.8310572568623775,0.6618054094433068,0.8357447021357429,0.8353020509100346,0.6777225590952062,0.572289156626506,0.6907634026278094,0.07674113302431128,0.4722259044647217
3,0.8,0.5,0.5,0.25,7,49,2,2,0.3068011020001426,0.30680110200014254,0.5878399019601795,0.5871126581313231,0.3706193494105449,0.5879077429223252,0.5871790535706989,0.3717161405198315,0.8313787680515661,0.83116854713833,0.8470017763599165,0.8321863395202956,0.8319764965397318,0.8493589643652412,0.6415094339622641,0.7813936385364957,0.022935882400406272,1.3281128406524658
3,0.8,0.5,0.5,0.25,8,115,10,4,0.16924396790600899,0.28749165468898946,0.7779684500481601,0.7756692126271717,0.6180864300423466,0.9116055475593928,0.9112424542131328,0.8049349549879696,0.5029659110136719,0.499823772260419,0.2208116398992473,0.5933517525706161,0.5922745061043153,0.3316882713421359,0.09523809523809523,0.1365001365001365,0.8992145192800038,3.5778157711029053
3,0.8,0.5,0.5,0.25,9,122,10,3,0.15253923190832144,0.30465099886606556,0.6951269974291312,0.6918700532431845,0.5261069408685882,0.7916267295012033,0.7909944647108239,0.6144266258107057,0.5137182761100741,0.5105265752198295,0.2932731757091515,0.6865809274896537,0.6859468433771048,0.542968341433499,0.3076923076923077,0.5005005005005004,0.5083836816636994,3.5651426315307617
3,0.8,0.5,0.5,0.5,0,35,10,3,0.1302974411986425,0.28126313817394777,0.6809325026076989,0.677656901539216,0.5482950153758466,0.8019282820082536,0.8013325861275414,0.6406540834881669,0.4383447136979098,0.434828967081348,0.19844303951195538,0.4045942902943182,0.40340372512137557,0.185435262866209,0.23529411764705882,0.316105579263474,0.2072037339813413,0.934138298034668
3,0.8,0.5,0.5,0.5,1,22,10,4,0.1534845949905289,0.2882339761131843,0.7345379111665654,0.7318649194366948,0.5781993125306693,0.9116055475593928,0.9112424542131328,0.8049349549879696,0.6053323830737641,0.6029184962702547,0.36376763829713776,0.821834912015689,0.8213629372496289,0.6293450096268156,0.23529411764705882,0.316105579263474,0.24573284696591907,0.6384623050689697
3,0.8,0.5,0.5,0.5,2,40,2,2,0.3068011020001426,0.30680110200014254,0.5878399019601795,0.5871126581313231,0.3706193494105449,0.5879077429223252,0.5871790535706989,0.3717161405198315,0.8313787680515661,0.83116854713833,0.8470017763599165,0.8321863395202956,0.8319764965397318,0.8493589643652412,0.6415094339622641,0.7813936385364957,0.02293588240040627,1.0183258056640625
3,0.8,0.5,0.5,0.5,3,38,4,4,0.2869099494121843,0.28655480444348697,0.9019138104143678,0.901508118740358,0.76805910791063,0.8974063685419958,0.8969792788487174,0.7526454569778374,0.5780077503743203,0.5768799063541297,0.3026031658242566,0.5695438300688878,0.5683837947232321,0.28830015171599577,0.5748502994011976,0.6946705741886464,0.07533842350376614,0.9042677879333496
3,0.8,0.5,0.5,0.5,4,119,10,3,0.13324260647628317,0.29620192920458793,0.6810993016297496,0.6777833359856916,0.49809867195285545,0.7849276230002521,0.7842712471813089,0.5998687124749003,0.3775732189209198,0.3736161535709646,0.13535411992010013,0.37430486447919226,0.373029329116335,0.14414618051325584,0.40425531914893614,0.5746083590394967,0.1427606368747874,3.561103582382202
3,0.8,0.5,0.5,0.5,5,79,10,3,0.12586462083503544,0.2745739907208682,0.6353191058289755,0.6314844801515073,0.4497828476364162,0.7916267295012034,0.790994464710824,0.6144266258107057,0.33602607968424386,0.3317473927226795,0.10109715638694418,0.3862745401080619,0.3850329004067273,0.15913988880652757,0.5,0.6260331993231016,0.10976285149105376,2.3755135536193848
3,0.8,0.5,0.5,0.5,6,29,2,2,0.29845323867529133,0.2984532386752915,0.5923035749787092,0.5915865303510878,0.37932760189374876,0.5936479709519707,0.5929324165216566,0.3829540138806239,0.3623620447897751,0.3615706970695275,0.21309892399116745,0.3614980604274912,0.3607042949307468,0.212808677534589,0.5696969696969697,0.6884933714202007,0.04017790481172945,0.6209473609924316
3,0.8,0.5,0.5,0.5,7,88,2,2,0.3008090782574572,0.30080907825745745,0.5916192536088873,0.59090064872952,0.37797664007241627,0.5960908120545209,0.5953808212273226,0.38786077858471907,0.34725239205509434,0.34644172825904335,0.18464448020227536,0.33954695184358247,0.33872793912201543,0.17025642675852654,0.5670731707317073,0.6861898753790645,0.040364107047199976,2.53743052482605
3,0.8,0.5,0.5,0.5,8,45,4,4,0.2869099494121842,0.28655480444348697,0.9019138104143678,0.901508118740358,0.76805910791063,0.8974063685419958,0.8969792788487174,0.7526454569778374,0.5780077503743202,0.5768799063541296,0.3026031658242566,0.5695438300688876,0.568383794723232,0.28830015171599577,0.5748502994011976,0.6946705741886464,0.07533842350376613,1.2150757312774658
3,0.8,0.5,0.5,0.5,9,58,10,3,0.1245489100891766,0.2729088735469225,0.6395147114239944,0.6357236126892215,0.47358971892479224,0.792676458447326,0.7920479364188314,0.6178455857756018,0.48778522841567196,0.48448385690352164,0.31052947223799965,0.6710761095271226,0.6704114396498689,0.5060781026638148,0.46616541353383456,0.5929496375356248,0.13104082888251123,1.6976697444915771
3,0.8,0.5,0.5,0.75,0,26,10,4,0.137859213024333,0.2822678725412614,0.6972487586381585,0.6942683500297673,0.5464503886198564,0.9116055475593928,0.9112424542131328,0.8049349549879696,0.5945017234144334,0.5920868802691525,0.32042737968526547,0.8218349120156891,0.821362937249629,0.6293450096268156,0.35294117647058826,0.4504504504504504,0.26652543056480493,0.7424821853637695
3,0.8,0.5,0.5,0.75,1,27,10,4,0.1527022554111463,0.28935414767449696,0.7461925318086176,0.7436691912451633,0.6124219293119714,0.9083491277292126,0.907971490705844,0.7934094346634827,0.5267215829591839,0.5238696229134467,0.24774488438065298,0.5879077429223251,0.5868117435177123,0.32235560277843,0.2857142857142857,0.37537537537537535,0.30440400264601863,0.7993884086608887
3,0.8,0.5,0.5,0.75,2,111,4,4,0.2869099494121843,0.28655480444348713,0.9019138104143678,0.901508118740358,0.76805910791063,0.8974063685419958,0.8969792788487174,0.7526454569778374,0.5780077503743203,0.5768799063541297,0.3026031658242566,0.5695438300688876,0.568383794723232,0.28830015171599577,0.5748502994011976,0.6946705741886464,0.07533842350376611,3.297203302383423
3,0.8,0.5,0.5,0.75,3,45,10,3,0.1075553195144781,0.27149882584738366,0.6181348784936628,0.6142199720119383,0.44074181324760303,0.7916267295012034,0.790994464710824,0.6144266258107057,0.328124045596236,0.323923261423004,0.10742664710154147,0.3862745401080619,0.3850329004067273,0.15913988880652757,0.35555555555555557,0.4757232480004757,0.24855142550311526,1.3228216171264648
3,0.8,0.5,0.5,0.75,4,54,10,4,0.13621276102241625,0.2787672488998857,0.7089156592626783,0.7060429403615968,0.5590070856048669,0.9116055475593928,0.9112424542131328,0.8049349549879696,0.5874230553706972,0.5849586661019098,0.32499789014879954,0.821834912015689,0.8213629372496289,0.6293450096268156,0.35294117647058826,0.4504504504504504,0.2652277660565195,1.5444278717041016
3,0.8,0.5,0.5,0.75,5,120,10,3,0.11930642782370332,0.3025591361926379,0.69602398376135,0.6929411728038793,0.5317432524992626,0.7926764584473263,0.7920479364188315,0.6178455857756018,0.5554973132633162,0.5527540253341602,0.33999692217591776,0.6710761095271227,0.670411439649869,0.5060781026638148,0.3458646616541353,0.4635507991212689,0.268433907281775,3.580869674682617
3,0.8,0.5,0.5,0.75,6,37,10,3,0.11651191451560179,0.3048476555210415,0.7004520598528344,0.6974133737164454,0.5377712053075949,0.7916267295012033,0.7909944647108239,0.6144266258107057,0.5302143069922649,0.5273140746012183,0.3295047072135444,0.6865809274896538,0.6859468433771049,0.542968341433499,0.35074626865671643,0.46890744565163167,0.2661705215149564,1.0595135688781738
3,0.8,0.5,0.5,0.75,7,112,10,5,0.16706529233751616,0.2862701025675106,0.8049659480497289,0.8030723166802693,0.6798167471228409,1.0,1.0,1.0,0.60112243107881,0.5987857381662894,0.2945131974969195,0.7375733655715295,0.7367405406672013,0.4724246305454723,0.2857142857142857,0.37537537537537535,0.3384998944793901,3.435901403427124
3,0.8,0.5,0.5,0.75,8,38,10,4,0.11729217516184214,0.2293460076020496,0.6688340909729409,0.6654807395357316,0.4707757008451943,0.9116055475593928,0.9112424542131328,0.8049349549879696,0.49200310202236913,0.4888738609280368,0.2392829309722488,0.821834912015689,0.8213629372496289,0.6293450096268156,0.3879310344827586,0.5138218065974719,0.2507624641246214,1.0576653480529785
3,0.8,0.5,0.5,0.75,9,23,10,3,0.12244102954464228,0.30200996311232103,0.708935791069542,0.7059770769947993,0.5500054164935223,0.789789857030486,0.789150994948784,0.6112350182388241,0.5734852261537081,0.5708456058399434,0.3521445926308152,0.6668307613228104,0.6661552998165207,0.4990750972068573,0.3458646616541353,0.4635507991212689,0.26978884046946067,0.6192755699157715
3,0.8,0.5,0.5,1.0,0,48,10,4,0.1071687989839275,0.2430918065301106,0.6496602513484866,0.6462494584412809,0.49269348781239664,0.9137594533047027,0.9134059329538328,0.8127690521941776,0.41349734629792245,0.4100496904245719,0.18537315405864518,0.5969473729725018,0.5958824465842397,0.33795995639299703,0.39285714285714285,0.4930303437766124,0.5728224695079229,1.3714823722839355
3,0.8,0.5,0.5,1.0,1,1000,10,4,0.11655344064144223,0.2579824051822771,0.6592280300551018,0.6558474017551293,0.4597354760414421,0.9000920107272863,0.8996771460213145,0.7622414951112423,0.3689781685914959,0.3651839844346368,0.12654449547267105,0.5740608484987776,0.5729166889125226,0.29646770121656035,0.22297297297297297,0.31460031460031457,0.6318453111559981,22.36375117301941
3,0.8,0.5,0.5,1.0,2,54,10,4,0.13207623230825444,0.2908655518544509,0.7215576128656195,0.7188181389971012,0.5488321295721271,0.897406368541996,0.8969792788487176,0.7526454569778374,0.5663768547915188,0.563795450415657,0.3313352161213137,0.8357447021357427,0.8353020509100343,0.6777225590952062,0.2462686567164179,0.34529302821985747,0.59963235806645,1.6036896705627441
3,0.8,0.5,0.5,1.0,3,111,10,4,0.11458556916208443,0.24645634081004467,0.6793385765305369,0.6762127617108196,0.49707261586656815,0.9059896953135614,0.9056014712345598,0.78488266182146,0.4003397222811384,0.39680937585683146,0.162627750186211,0.5839573365525113,0.5828476636274899,0.3153687444426345,0.39285714285714285,0.4930303437766124,0.5798836441554254,3.542466640472412
3,0.8,0.5,0.5,1.0,4,65,10,4,0.11671130380497112,0.2563168865102655,0.6616326710218564,0.6582703415437511,0.4564008853656042,0.8974063685419958,0.8969792788487174,0.7526454569778374,0.3971258549191147,0.39349369918370786,0.13108186215831447,0.5695438300688878,0.5683837947232321,0.28830015171599577,0.2185430463576159,0.30968468468468463,0.6379536842833433,1.8760714530944824
3,0.8,0.5,0.5,1.0,5,58,10,3,0.09500178052978311,0.2812703244379068,0.6422008878834696,0.6386576747468957,0.46574086376926105,0.7926764584473263,0.7920479364188315,0.6178455857756018,0.48378399322414384,0.48068705758349733,0.2790861953883022,0.6710761095271227,0.670411439649869,0.5060781026638148,0.24812030075187969,0.34771613718982136,0.6701665130813694,1.7776377201080322
3,0.8,0.5,0.5,1.0,6,49,10,4,0.11096259628097532,0.2484658559902125,0.6459012831072056,0.642468324708933,0.4694319415546789,0.9059896953135614,0.9056014712345598,0.78488266182146,0.4004644381674278,0.3969577503280604,0.15863880543566805,0.5839573365525113,0.5828476636274897,0.3153687444426345,0.41379310344827586,0.517263675158412,0.5312605200045158,1.1426904201507568
3,0.8,0.5,0.5,1.0,7,51,10,5,0.15249419202060072,0.27128980167073075,0.7759846729850225,0.7738156263517199,0.651761575705663,1.0,1.0,1.0,0.5621634439425224,0.5596062541902893,0.2898992371934709,0.7375733655715295,0.7367405406672013,0.4724246305454723,0.33,0.4253180218845455,0.504284753949138,1.5060698986053467
3,0.8,0.5,0.5,1.0,8,67,10,5,0.1367375327649261,0.262620193275305,0.7247732028784527,0.722126404095593,0.5759148609778935,1.0,1.0,1.0,0.5580581784365695,0.5554979210344139,0.2724807005179612,0.7375733655715296,0.7367405406672015,0.4724246305454723,0.39285714285714285,0.4930303437766124,0.4574568427292933,1.8279376029968262
3,0.8,0.5,0.5,1.0,9,69,10,4,0.1137235100398845,0.246514571660314,0.6396256808599106,0.6361137149392234,0.4856426159926567,0.9116055475593928,0.9112424542131328,0.8049349549879696,0.47674921708698415,0.4736697419370821,0.24201056211681735,0.821834912015689,0.8213629372496289,0.6293450096268156,0.36363636363636365,0.4930303437766124,0.5936231735617097,1.8180975914001465
3,0.8,0.5,0.75,0.0,0,31,10,3,0.14233688203205902,0.29291761787829146,0.6275217506735419,0.623556722699843,0.469154933043371,0.789789857030486,0.789150994948784,0.6112350182388241,0.48666398675100003,0.48330935559462834,0.2896627272767702,0.6668307613228104,0.6661552998165207,0.4990750972068573,0,0.0,inf,0.8351504802703857
3,0.8,0.5,0.75,0.0,1,47,10,4,0.17834451094677053,0.3041278804228777,0.7799755457679075,0.7777027484503163,0.6125862023852572,0.9083491277292126,0.907971490705844,0.7934094346634827,0.5020231292828385,0.49888450760820463,0.2166660179972505,0.5879077429223251,0.5868117435177123,0.32235560277843,0,0.0,inf,1.3702878952026367
3,0.8,0.5,0.75,0.0,2,32,10,3,0.14650001043967312,0.2937977988672154,0.6499351441136237,0.6461947398505413,0.4793869086717229,0.7852802150932446,0.7846251091678986,0.6010060305727019,0.3434239971879875,0.3391136007896295,0.11629356833797466,0.37493597278931157,0.3736622250862697,0.14532804951821357,0,0.0,inf,0.8351948261260986
3,0.8,0.5,0.75,0.0,3,22,10,4,0.17822618760837775,0.3032352482434323,0.7790912546312729,0.7768056632584279,0.6104208407625127,0.9059896953135614,0.9056014712345598,0.78488266182146,0.5004049086871319,0.4972499397597065,0.21443964727535447,0.5839573365525113,0.5828476636274899,0.3153687444426345,0,0.0,inf,0.6045436859130859
3,0.8,0.5,0.75,0.0,4,47,2,2,0.30254059460160804,0.3025405946016079,0.5933918153386777,0.5926772493795246,0.3814880303054271,0.5976802337166613,0.5969738544387009,0.39109438552078163,0.35018950663915355,0.3493839445111943,0.189828214412545,0.3422002806825873,0.34138587962167677,0.174960691641255,0.5748502994011976,0.6946705741886464,0.039004223156157244,1.2095685005187988
3,0.8,0.5,0.75,0.0,5,22,3,3,0.2972879112772519,0.29730737121756873,0.7964599900015984,0.7958463173618422,0.6257449183498832,0.8019282820082536,0.8013325861275414,0.6406540834881669,0.3960108404152614,0.39479911886199737,0.17246448557582922,0.4045942902943182,0.40340372512137557,0.185435262866209,0.15,0.20951183741881416,0.3206791654325414,0.46329832077026367
3,0.8,0.5,0.75,0.0,6,108,3,3,0.29479873514155075,0.2948250570627073,0.7964875200702813,0.7958739447619763,0.6258352922217565,0.8021489417124285,0.8015540214626932,0.6413806962628472,0.3960597378169803,0.394848151817842,0.17255484581567282,0.40498555723662083,0.40379607055457095,0.18615098045841807,0.15,0.20951183741881416,0.32067316533057905,3.2824814319610596
3,0.8,0.5,0.75,0.0,7,111,10,4,0.17001910066584575,0.29811946266776795,0.7389593433651994,0.7362622108404798,0.5913675546687653,0.897406368541996,0.8969792788487176,0.7526454569778374,0.6019579119166097,0.59944842061389,0.3914785400711979,0.8357447021357429,0.8353020509100345,0.6777225590952062,0,0.0,inf,2.8296687602996826
3,0.8,0.5,0.75,0.0,8,30,3,3,0.2947987351415507,0.2948250570627074,0.7964875200702813,0.7958739447619763,0.6258352922217565,0.8021489417124285,0.8015540214626932,0.6413806962628472,0.3960597378169803,0.394848151817842,0.17255484581567282,0.40498555723662083,0.40379607055457095,0.18615098045841807,0.15,0.20951183741881416,0.32067316533057916,0.6583297252655029
3,0.8,0.5,0.75,0.0,9,52,10,4,0.15415273404587312,0.2551255951693141,0.6933063855377104,0.6900504966484137,0.5112214537087227,0.897406368541996,0.8969792788487176,0.7526454569778374,0.5496453006334328,0.5467119973671525,0.35292152227479473,0.8357447021357429,0.8353020509100345,0.6777225590952062,0,0.0,inf,1.3224542140960693
3,0.8,0.5,0.75,0.25,0,65,10,4,0.1613571146167075,0.2977187209369239,0.758867579608976,0.756429080444555,0.5868538899566743,0.9059896953135614,0.9056014712345598,0.78488266182146,0.500533891183169,0.49746305224643084,0.20816651767481814,0.5839573365525113,0.5828476636274897,0.3153687444426345,0.11764705882352941,0.18768768768768768,1.068487747900167,1.9042155742645264
3,0.8,0.5,0.75,0.25,1,50,10,4,0.1468397156401853,0.28059514391463014,0.7332714333396139,0.7305726961672273,0.5695071692676568,0.9083491277292126,0.907971490705844,0.7934094346634827,0.46605575987404296,0.46277093305965455,0.19586152317076883,0.5879077429223251,0.5868117435177123,0.32235560277843,0.09523809523809523,0.14829644459274088,1.2366335758660392,1.4954352378845215
3,0.8,0.5,0.75,0.25,2,35,10,4,0.16488409860481,0.3052058527155462,0.7659458475448,0.7635711340569515,0.6033050694294732,0.897406368541996,0.8969792788487176,0.7526454569778374,0.6312625368917698,0.6289864288734206,0.3922743888090064,0.8357447021357427,0.8353020509100343,0.6777225590952062,0.30158730158730157,0.5005005005005004,0.8860814348103447,0.9446122646331787
3,0.8,0.5,0.75,0.25,3,32,10,3,0.12760332173893968,0.29399298773484006,0.6320913445338748,0.6282748287351253,0.4517474456231957,0.7852802150932446,0.7846251091678986,0.6010060305727019,0.3318775967966359,0.32764221291322376,0.10834464191305114,0.37493597278931157,0.3736622250862697,0.14532804951821357,0.2846715328467153,0.47415836889521096,0.9664682261973523,0.8450419902801514
3,0.8,0.5,0.75,0.25,4,109,10,4,0.16092098606264915,0.29956825708915485,0.7585535888335854,0.7561159342241929,0.5905428370930927,0.9059896953135614,0.9056014712345598,0.78488266182146,0.5055284655882223,0.502494394752097,0.2162203452666554,0.5839573365525113,0.5828476636274899,0.3153687444426345,0.11764705882352941,0.18768768768768768,1.0767339624587282,3.1967861652374268
3,0.8,0.5,0.75,0.25,5,58,10,4,0.14750829989065972,0.28841103627055753,0.7129655696975411,0.7100475237328524,0.5264505102516099,0.9116055475593928,0.9112424542131328,0.8049349549879696,0.5800757309971165,0.5774773859589606,0.37945657199488,0.8218349120156891,0.821362937249629,0.6293450096268156,0.11764705882352941,0.18768768768768768,1.0872295667372882,1.8279354572296143
3,0.8,0.5,0.75,0.25,6,83,10,4,0.15343322922268454,0.29403336982857264,0.7434773245118753,0.7408941035803193,0.5877757428457183,0.9116055475593928,0.9112424542131328,0.8049349549879696,0.58928132563978,0.5867689937222211,0.34967663695828577,0.821834912015689,0.8213629372496289,0.6293450096268156,0.09523809523809523,0.143000143000143,1.218113594224126,2.259416341781616
3,0.8,0.5,0.75,0.25,7,53,2,2,0.3008090782574572,0.30080907825745745,0.5916192536088873,0.59090064872952,0.37797664007241627,0.5960908120545209,0.5953808212273226,0.38786077858471907,0.34725239205509434,0.34644172825904335,0.18464448020227536,0.33954695184358247,0.33872793912201543,0.17025642675852654,0.5670731707317073,0.6861898753790645,0.040364107047199976,1.420931339263916
3,0.8,0.5,0.75,0.25,8,62,10,3,0.13376920602350947,0.295400514904579,0.6763805502739411,0.6730432713840795,0.5162028727653498,0.8019282820082536,0.8013325861275414,0.6406540834881669,0.39349893735972713,0.38968171581277183,0.15602151830897334,0.4045942902943182,0.40340372512137557,0.185435262866209,0.11764705882352941,0.18768768768768768,1.1454468273873657,1.7464821338653564
3,0.8,0.5,0.75,0.25,9,34,10,3,0.1205240915982777,0.29006104896702156,0.6147751762751731,0.6107942795026113,0.4334750571763508,0.7921997857472497,0.7915695648752535,0.6162892627615703,0.42697078849235137,0.4233550335296755,0.1974943588298872,0.6492493065110276,0.6485401515758275,0.45307203333420376,0.28888888888888886,0.5005005005005004,0.9233765762787671,0.9099948406219482
3,0.8,0.5,0.75,0.5,0,111,10,5,0.16636642784153086,0.2907556601285212,0.8244570369051533,0.822755959884204,0.6950474723398136,1.0,1.0,1.0,0.5997786044656599,0.59743948162135,0.2896165119629163,0.7375733655715295,0.7367405406672013,0.4724246305454723,0.19047619047619047,0.273000273000273,0.4804474071571966,2.8535501956939697
3,0.8,0.5,0.75,0.5,1,94,10,5,0.16629461717351465,0.29111879010056063,0.8244570369051534,0.822755959884204,0.6950474723398136,1.0,1.0,1.0,0.5997786044656599,0.59743948162135,0.2896165119629163,0.7375733655715295,0.7367405406672013,0.4724246305454723,0.19047619047619047,0.273000273000273,0.4804474071571966,2.9043891429901123
3,0.8,0.5,0.75,0.5,2,45,10,4,0.1372982446407663,0.27646282551795404,0.7331026762772508,0.7304483737561334,0.572319675690335,0.9137594533047027,0.9134059329538328,0.8127690521941776,0.4721763963713396,0.46899442286191034,0.2038313672420723,0.5969473729725019,0.5958824465842398,0.33795995639299703,0.19047619047619047,0.2826355767532238,0.47421161067963463,1.3067879676818848
3,0.8,0.5,0.75,0.5,3,111,10,4,0.1414074381608461,0.2936169636824561,0.7404559478483493,0.7378689480009231,0.56525234369671,0.897406368541996,0.8969792788487176,0.7526454569778374,0.5854223868867777,0.5829162419695985,0.34857364458731255,0.8357447021357427,0.8353020509100343,0.6777225590952062,0.38095238095238093,0.5741035152799858,0.3380383600687643,3.5035860538482666
3,0.8,0.5,0.75,0.5,4,1000,10,4,0.14235219925646508,0.286389144031704,0.7334962248174938,0.7308617119597749,0.5682013273186292,0.9083491277292126,0.907971490705844,0.7934094346634827,0.5152493865444272,0.5123480750302603,0.2224186454700683,0.5879077429223251,0.5868117435177123,0.32235560277843,0.23529411764705882,0.3532944709415297,0.3648293590149645,21.911640405654907
3,0.8,0.5,0.75,0.5,5,40,10,4,0.14329913467850608,0.2973538500417,0.7456374659394854,0.7431116837366404,0.5820537033400749,0.897406368541996,0.8969792788487176,0.7526454569778374,0.5828227198469937,0.5803123404864421,0.33603056532661957,0.8357447021357427,0.8353020509100343,0.6777225590952062,0.41935483870967744,0.5741035152799858,0.2846930869355339,1.1579089164733887
3,0.8,0.5,0.75,0.5,6,37,10,5,0.16639290723380862,0.29083878235356886,0.8244570369051535,0.8227559598842041,0.6950474723398136,1.0,1.0,1.0,0.5997786044656599,0.59743948162135,0.2896165119629163,0.7375733655715295,0.7367405406672013,0.4724246305454723,0.19047619047619047,0.273000273000273,0.4804474071571966,1.0060129165649414
3,0.8,0.5,0.75,0.5,7,52,10,4,0.14393198775664484,0.29262705540094386,0.7435664263088819,0.7410376432560393,0.5950355505321527,0.9116055475593928,0.9112424542131328,0.8049349549879696,0.6117525913711069,0.6094356853664399,0.3298812451113359,0.821834912015689,0.8213629372496289,0.6293450096268156,0.23529411764705882,0.3532944709415297,0.4072316529115687,1.4998598098754883
3,0.8,0.5,0.75,0.5,8,83,10,4,0.14823235920348193,0.29423529651925673,0.7515056880908422,0.7490551969338589,0.6120762216765874,0.9116055475593928,0.9112424542131328,0.8049349549879696,0.6117525913711069,0.6094356853664399,0.3298812451113359,0.821834912015689,0.8213629372496289,0.6293450096268156,0.23529411764705882,0.3532944709415297,0.4072316529115687,2.4423084259033203
3,0.8,0.5,0.75,0.5,9,122,10,5,0.16055485383845222,0.28954789022492017,0.8144932484752436,0.812695618614802,0.6685119144848229,1.0,1.0,1.0,0.5997786044656599,0.59743948162135,0.2896165119629163,0.7375733655715295,0.7367405406672013,0.4724246305454723,0.19047619047619047,0.273000273000273,0.4804474071571966,3.177868127822876
3,0.8,0.5,0.75,0.75,0,1000,10,4,0.13424089858225718,0.2795526778984644,0.7136880094058138,0.7108947547869325,0.5930035258519741,0.9116055475593928,0.9112424542131328,0.8049349549879696,0.5564388217501276,0.5538250152708827,0.29044429930986865,0.821834912015689,0.8213629372496289,0.6293450096268156,0.2857142857142857,0.3916960438699569,0.30454380410753856,21.45913863182068
3,0.8,0.5,0.75,0.75,1,120,10,4,0.11720732011345525,0.2566877069913693,0.7078155801363469,0.7049325995742894,0.542803533247718,0.9116055475593928,0.9112424542131328,0.8049349549879696,0.44273858801093363,0.4394099815017417,0.18716999474944188,0.5933517525706161,0.5922745061043153,0.3316882713421359,0.2857142857142857,0.40040040040040037,0.30522329003144333,2.753967523574829
3,0.8,0.5,0.75,0.75,2,107,10,4,0.1264657424714207,0.28666207536576793,0.6999941881529023,0.6970408396905915,0.4906888800193637,0.9000920107272863,0.8996771460213145,0.7622414951112423,0.4312427863591441,0.4278547316161155,0.15453925766887788,0.5740608484987775,0.5729166889125225,0.29646770121656035,0.3409090909090909,0.48435532306500045,0.2877324481864748,3.3135650157928467
3,0.8,0.5,0.75,0.75,3,116,10,3,0.08846311382785361,0.27401705027625584,0.6171474487565466,0.6133419307361291,0.44803561005804043,0.7926764584473263,0.7920479364188315,0.6178455857756018,0.4717768852559569,0.46859388509358274,0.21448710364636703,0.6710761095271227,0.670411439649869,0.5060781026638148,0.23300970873786409,0.33678538351435544,0.35738019666107357,3.250157117843628
3,0.8,0.5,0.75,0.75,4,67,10,5,0.17072023608358186,0.2873437451433725,0.8105227693624265,0.8086846441716665,0.6910670184610683,1.0,1.0,1.0,0.5811953932190776,0.5787439600003689,0.29592520738486616,0.7375733655715295,0.7367405406672014,0.4724246305454723,0.24,0.3217503217503217,0.4061379806227936,1.474923849105835
3,0.8,0.5,0.75,0.75,5,34,10,5,0.15639138769480368,0.2854869550560489,0.7965018006053343,0.7945456107765035,0.6501098284651086,1.0,1.0,1.0,0.5948114984599692,0.5924653909265064,0.2794745195282509,0.7375733655715295,0.7367405406672013,0.4724246305454723,0.2857142857142857,0.3916960438699569,0.35925175814752275,0.6650815010070801
3,0.8,0.5,0.75,0.75,6,1000,10,3,0.08746755959543814,0.27381859104739653,0.6028640868548821,0.5989178003330463,0.4243711007586785,0.792676458447326,0.7920479364188314,0.6178455857756018,0.4442408337398606,0.44089314335697305,0.20440585979654458,0.6710761095271226,0.6704114396498689,0.5060781026638148,0.23300970873786409,0.3276003276003276,0.3790557329324027,20.39162850379944
3,0.8,0.5,0.75,0.75,7,1000,10,4,0.12761531758669853,0.27446233660932784,0.7154667550413836,0.7126875862804042,0.5467125082526649,0.9083491277292126,0.907971490705844,0.7934094346634827,0.48854218176375747,0.48552388734157875,0.20860727689965186,0.5879077429223251,0.5868117435177123,0.32235560277843,0.35294117647058826,0.5005005005005004,0.2459351616722971,21.412678003311157
3,0.8,0.5,0.75,0.75,8,1000,10,4,0.12228238663174358,0.2731719299835961,0.6916031621437495,0.6885893462491675,0.5300716473122161,0.9083491277292126,0.907971490705844,0.7934094346634827,0.4731062247268166,0.46999498342340734,0.217598772720504,0.5879077429223251,0.5868117435177123,0.32235560277843,0.2857142857142857,0.3916960438699569,0.30811082335108175,22.916868925094604
3,0.8,0.5,0.75,0.75,9,35,10,5,0.15061390787229206,0.2837192313973752,0.7860873563380453,0.7840310544197258,0.6227229129860402,1.0,1.0,1.0,0.5948114984599692,0.5924653909265065,0.2794745195282509,0.7375733655715296,0.7367405406672015,0.4724246305454723,0.2857142857142857,0.3916960438699569,0.3592517581475225,0.6789953708648682
3,0.8,0.5,0.75,1.0,0,110,10,4,0.12117144286048931,0.2831910785652542,0.7128249012461088,0.7100306638976361,0.5458752716848594,0.897406368541996,0.8969792788487176,0.7526454569778374,0.5431139946313478,0.5404296022776824,0.30103772574871557,0.8357447021357427,0.8353020509100343,0.6777225590952062,0.275,0.3697727578324593,0.5123431929482911,2.327587366104126
3,0.8,0.5,0.75,1.0,1,27,10,3,0.07482951141789146,0.27057898601442887,0.5448116552624773,0.5404133559089441,0.3520113003593836,0.7852802150932446,0.7846251091678986,0.6010060305727019,0.30763794912200143,0.30360388350030315,0.11162259240258446,0.37493597278931157,0.3736622250862697,0.14532804951821357,0.28448275862068967,0.43655990792554666,0.4772249237136346,0.4180936813354492
3,0.8,0.5,0.75,1.0,2,122,10,4,0.11408467548774008,0.25793465381242064,0.690416406358652,0.6874336537379508,0.5265880049192291,0.9083491277292126,0.907971490705844,0.7934094346634827,0.4341951958931545,0.4309098803936417,0.18878587948058334,0.587907742922325,0.5868117435177121,0.32235560277843,0.39285714285714285,0.513466834710358,0.4532696395302876,3.1236283779144287
3,0.8,0.5,0.75,1.0,3,57,10,5,0.12815510973829314,0.26171998978782673,0.7442301278536205,0.7417880484797026,0.5711774543297562,1.0,1.0,1.0,0.5320959993397985,0.529408081885309,0.2371455362348926,0.7375733655715295,0.7367405406672013,0.4724246305454723,0.39285714285714285,0.513466834710358,0.365032568878978,1.6828148365020752
3,0.8,0.5,0.75,1.0,4,40,10,3,0.08395397314644705,0.2732535238665729,0.6274355773504744,0.6237983247665952,0.4230680686263574,0.7852802150932446,0.7846251091678986,0.6010060305727019,0.34864601544622165,0.3448038368621873,0.1204068342681402,0.37493597278931157,0.3736622250862697,0.14532804951821357,0.25,0.371157674528461,0.5295834984576866,1.1818320751190186
3,0.8,0.5,0.75,1.0,5,108,10,2,0.048120317426550076,0.26391935563632474,0.45486203075479825,0.44955961333703365,0.2907092416705742,0.5976802337166613,0.5969738544387009,0.39109438552078163,0.25778785738356874,0.2534291968745737,0.07743328694117263,0.3422002806825873,0.34138587962167677,0.174960691641255,0.32038834951456313,0.48262548262548266,0.5438226794044909,2.7195467948913574
3,0.8,0.5,0.75,1.0,6,31,10,5,0.1434997528567055,0.25807057547959583,0.7526009922465985,0.7502189078813606,0.6098231394639265,1.0,1.0,1.0,0.4889183169387471,0.48595285862065013,0.23181836031558764,0.7375733655715296,0.7367405406672015,0.4724246305454723,0.33,0.42900042900042895,0.43449637931812884,0.6009502410888672
3,0.8,0.5,0.75,1.0,7,110,10,5,0.1289739607879109,0.2619650340425408,0.7169437824575612,0.714241277364187,0.5503956220305998,1.0,1.0,1.0,0.5515998228755853,0.5490240631168993,0.25911120280261046,0.7375733655715295,0.7367405406672014,0.4724246305454723,0.39285714285714285,0.513466834710358,0.36625084314133255,2.3699533939361572
3,0.8,0.5,0.75,1.0,8,118,10,5,0.14551437208442325,0.26781419589169875,0.7648069515779005,0.7625412478886563,0.6323355583513272,1.0,1.0,1.0,0.5527795522761484,0.5501830753738808,0.2796040070682505,0.7375733655715296,0.7367405406672015,0.4724246305454723,0.33,0.4253180218845455,0.44897853549143724,2.432054281234741
3,0.8,0.5,0.75,1.0,9,46,10,4,0.12138224232230156,0.2853317708414734,0.7116396297509778,0.7088323920188381,0.5424573882952298,0.897406368541996,0.8969792788487176,0.7526454569778374,0.5588169857664003,0.5562232303897287,0.3072645237324181,0.8357447021357429,0.8353020509100346,0.6777225590952062,0.275,0.36703370036703364,0.5215698301016278,0.8180708885192871
3,0.8,0.5,1.0,0.0,0,1000,10,4,0.11888788407431616,0.24658917671755373,0.6076181591886207,0.6036945686567798,0.44115788640716785,0.897406368541996,0.8969792788487176,0.7526454569778374,0.5152048869820115,0.5122643236869588,0.29223966448211625,0.8357447021357428,0.8353020509100344,0.6777225590952062,0,0.0,inf,22.866869688034058
3,0.8,0.5,1.0,0.0,1,1000,10,3,0.09476276887118498,0.253291922110802,0.5014461137735023,0.49622903678832586,0.2895624400823468,0.7595386266093844,0.7587891678710779,0.523012647821584,0.35240384723596646,0.3482540725265225,0.12265431062032052,0.6000310519393101,0.5991924558208827,0.34859032320172656,0,0.0,inf,20.629666328430176
3,0.8,0.5,1.0,0.0,2,41,10,3,0.10280634076912241,0.25990739508684235,0.5978665896546568,0.5937382569166434,0.4492242209666077,0.7921997857472497,0.7915695648752535,0.6162892627615703,0.3138211938094313,0.3095255942753709,0.11514734930879429,0.3872963856355671,0.3860576089203469,0.1610374468129141,0,0.0,inf,0.8124771118164062
3,0.8,0.5,1.0,0.0,3,53,10,4,0.15778700862475967,0.29198231708607725,0.7553427853808613,0.7528809268402603,0.5863534825412678,0.9059896953135614,0.9056014712345598,0.78488266182146,0.47941363797254977,0.47623191325714526,0.20602110326550196,0.5839573365525113,0.5828476636274899,0.3153687444426345,0,0.0,inf,1.3199074268341064
3,0.8,0.5,1.0,0.0,4,114,10,4,0.14179859322573346,0.2701325691258111,0.6543877648182912,0.6509312324839162,0.5159244664700089,0.897406368541996,0.8969792788487176,0.7526454569778374,0.5301465538476287,0.527296014111689,0.3096669443585078,0.8357447021357429,0.8353020509100346,0.6777225590952062,0,0.0,inf,3.522707223892212
3,0.8,0.5,1.0,0.0,5,113,10,3,0.09946944006475796,0.2500340127563409,0.5544684134762146,0.5499065181745875,0.39173262683038174,0.7889606460971246,0.7883188157233194,0.6085417084158432,0.3904817701281829,0.38667818944498317,0.21934187779740652,0.6444080303082954,0.6436864403758701,0.44488729445134056,0,0.0,inf,3.5026543140411377
3,0.8,0.5,1.0,0.0,6,26,10,4,0.14914482783466,0.28259117724549226,0.715076079677755,0.7122109691789229,0.5476313741747116,0.9083491277292126,0.907971490705844,0.7934094346634827,0.4343561849135936,0.4309018990570619,0.18314116196635014,0.5879077429223251,0.5868117435177123,0.32235560277843,0,0.0,inf,0.5501346588134766
3,0.8,0.5,1.0,0.0,7,117,10,3,0.10528743808228552,0.2598467413004259,0.5702509992763178,0.5658471682108948,0.3924857501899684,0.789789857030486,0.789150994948784,0.6112350182388241,0.41835235466863635,0.4147191430504738,0.20058038730157768,0.6668307613228104,0.6661552998165207,0.4990750972068573,0,0.0,inf,3.478346109390259
3,0.8,0.5,1.0,0.0,8,31,10,3,0.1024306872799804,0.2592529071336115,0.6036995705890162,0.5996311196850709,0.4454965108507479,0.7916267295012034,0.790994464710824,0.6144266258107057,0.3096874300009728,0.3053659523813037,0.11094133755655951,0.3862745401080619,0.3850329004067273,0.15913988880652757,0,0.0,inf,0.7119295597076416
3,0.8,0.5,1.0,0.0,9,115,10,4,0.15197325888377916,0.29293847808232937,0.7154063066028895,0.7125507140273595,0.553204262580381,0.9116055475593928,0.9112424542131328,0.8049349549879696,0.5694546149061138,0.5668322350641234,0.33549339635733244,0.8218349120156891,0.821362937249629,0.6293450096268156,0,0.0,inf,2.6073484420776367
3,0.8,0.5,1.0,0.25,0,33,10,4,0.12359837608452609,0.27066530165407904,0.6992561610460548,0.6962863048212926,0.5270468853855046,0.9137594533047027,0.9134059329538328,0.8127690521941776,0.4473282735629856,0.44402448394419947,0.18256545474176372,0.5969473729725018,0.5958824465842397,0.33795995639299703,0.09523809523809523,0.1921921921921922,1.66932126472381,0.6435861587524414
3,0.8,0.5,1.0,0.25,1,35,10,3,0.08930656382203586,0.2519554448050785,0.5228027912525729,0.5179403045176937,0.32652008133214766,0.7595386266093844,0.7587891678710779,0.523012647821584,0.36406334059399714,0.3601155571756447,0.11213874962283736,0.6000310519393101,0.5991924558208827,0.34859032320172656,0.11764705882352941,0.22040389012866077,1.7319417243280697,0.7222645282745361
3,0.8,0.5,1.0,0.25,2,45,10,4,0.1350394042761114,0.2776049201863751,0.6958005117572069,0.6927969189366823,0.5261997081826895,0.9059896953135614,0.9056014712345598,0.78488266182146,0.42950067757047794,0.4260908539865284,0.17745976955404366,0.5839573365525113,0.5828476636274899,0.3153687444426345,0.11764705882352941,0.22040389012866077,1.5448017626795685,0.9157636165618896
3,0.8,0.5,1.0,0.25,3,42,10,5,0.15492508951835415,0.2569092699823431,0.7613120918212425,0.7589996643330972,0.6330724266956209,1.0,1.0,1.0,0.5749344348961464,0.5724507192442307,0.2842364700979776,0.7375733655715295,0.7367405406672013,0.4724246305454723,0.09523809523809523,0.19066685733352398,1.4798641383821103,1.1730029582977295
3,0.8,0.5,1.0,0.25,4,1000,10,5,0.16836112401369818,0.2773854764493641,0.801423759062283,0.7994997348605258,0.6851222093725796,1.0,1.0,1.0,0.5782118186909306,0.5757469441572836,0.28499754051633047,0.7375733655715295,0.7367405406672014,0.4724246305454723,0.09523809523809523,0.1921921921921922,1.4779057081994316,23.6889705657959
3,0.8,0.5,1.0,0.25,5,114,10,5,0.1281834476250602,0.2197354785038519,0.7032051232920035,0.7002742632114292,0.5069443487028379,1.0,1.0,1.0,0.4649121988920144,0.4617135233711288,0.17242296205719773,0.7375733655715295,0.7367405406672013,0.4724246305454723,0.09523809523809523,0.1921921921921922,1.66932126472381,3.118713140487671
3,0.8,0.5,1.0,0.25,6,31,10,4,0.14375449686289435,0.2878100543227726,0.7354849430410368,0.732873812083048,0.5707093910457003,0.9059896953135614,0.9056014712345598,0.78488266182146,0.4860790831465316,0.4830083101455186,0.2096965048154916,0.5839573365525113,0.5828476636274899,0.3153687444426345,0.11764705882352941,0.21840021840021837,1.5495056347659868,0.6025481224060059
3,0.8,0.5,1.0,0.25,7,78,10,5,0.14702823122987135,0.27259748888809765,0.7657769013168788,0.763512367925489,0.6240191745172204,1.0,1.0,1.0,0.535849640958114,0.5331441709310705,0.24898010978396518,0.7375733655715295,0.7367405406672014,0.4724246305454723,0.09523809523809523,0.18768768768768768,1.4206213809654904,2.1394147872924805
3,0.8,0.5,1.0,0.25,8,61,10,4,0.12654107723995348,0.2760820329887989,0.6967432663535703,0.6937477940403074,0.5389688692395275,0.9137594533047027,0.9134059329538328,0.8127690521941776,0.44577924411195835,0.44246513659880415,0.1908400628847233,0.5969473729725019,0.5958824465842398,0.33795995639299703,0.11764705882352941,0.22040389012866077,1.5358236323381982,1.8259127140045166
3,0.8,0.5,1.0,0.25,9,21,10,4,0.13881459955825867,0.28245478005009356,0.6962994813429961,0.6932999030685041,0.5298308033594656,0.9083491277292126,0.907971490705844,0.7934094346634827,0.43901832649748074,0.43566415968698513,0.1824072788752486,0.5879077429223251,0.5868117435177123,0.32235560277843,0.11764705882352941,0.22040389012866077,1.5432874427448984,0.5474250316619873
3,0.8,0.5,1.0,0.5,0,60,10,4,0.10748364134521014,0.25235714432115564,0.6585941970904453,0.6552694135329787,0.48015375503860186,0.9137594533047027,0.9134059329538328,0.8127690521941776,0.4006856432499001,0.3971613457946288,0.1579629864813251,0.5969473729725017,0.5958824465842396,0.33795995639299703,0.19047619047619047,0.36126351915825594,0.7962366182821686,1.4678852558135986
3,0.8,0.5,1.0,0.5,1,54,10,4,0.12068581729689741,0.2767638964981002,0.6685769785731489,0.665363135064548,0.4907864815631843,0.897406368541996,0.8969792788487176,0.7526454569778374,0.509708710327705,0.5068402090155228,0.2596581071434318,0.8357447021357427,0.8353020509100343,0.6777225590952062,0.3,0.49364432926076757,0.5880809338407258,1.135852575302124
3,0.8,0.5,1.0,0.5,2,79,10,5,0.14703633405524127,0.2650808158733658,0.7578612681979534,0.7555405925879134,0.6280682042919474,1.0,1.0,1.0,0.5265373204693499,0.5238055977600067,0.25347118287472714,0.7375733655715295,0.7367405406672014,0.4724246305454723,0.23529411764705882,0.40718684786481396,0.6046686806828087,2.438779354095459
3,0.8,0.5,1.0,0.5,3,102,10,4,0.12477386181868504,0.2799367183631213,0.6788861368555162,0.6757657405406888,0.5078897532668697,0.9059896953135614,0.9056014712345598,0.78488266182146,0.45662870086600793,0.4534416615862666,0.19081679621072647,0.5839573365525113,0.5828476636274899,0.3153687444426345,0.23529411764705882,0.40718684786481396,0.692824712910718,2.925525665283203
3,0.8,0.5,1.0,0.5,4,36,10,4,0.12029897484146401,0.2586841887838605,0.636581246907818,0.6330524617373647,0.49221687958207383,0.9116055475593928,0.9112424542131328,0.8049349549879696,0.504836025528709,0.50193440343891,0.2744233280015058,0.8218349120156891,0.821362937249629,0.6293450096268156,0.19047619047619047,0.3532944709415297,0.7634981125002968,0.6664524078369141
3,0.8,0.5,1.0,0.5,5,1000,10,5,0.13816832502848753,0.25998887732588205,0.7469103911812304,0.7444870118688167,0.5908519505162179,1.0,1.0,1.0,0.5401663459377724,0.5375161893635166,0.2475466335080445,0.7375733655715296,0.7367405406672015,0.4724246305454723,0.19047619047619047,0.3532944709415297,0.6552013801995175,24.75981378555298
3,0.8,0.5,1.0,0.5,6,112,10,4,0.11909492867766677,0.25678917253908196,0.6796315866063777,0.6765179960050948,0.5252956245356254,0.9083491277292126,0.907971490705844,0.7934094346634827,0.473183220931463,0.47009278558334094,0.20344453436854534,0.587907742922325,0.5868117435177121,0.32235560277843,0.19047619047619047,0.36126351915825594,0.800983979064202,3.4897072315216064
3,0.8,0.5,1.0,0.5,7,38,10,4,0.12529299029375468,0.2740859191829197,0.6944900988313948,0.6915253840081339,0.5270370386785739,0.9083491277292126,0.907971490705844,0.7934094346634827,0.44307817452331394,0.43981699221122705,0.1886742132537744,0.5879077429223251,0.5868117435177123,0.32235560277843,0.23529411764705882,0.40718684786481396,0.7059269542266883,0.8003373146057129
3,0.8,0.5,1.0,0.5,8,35,10,4,0.1235575859144698,0.2658956848929252,0.6996803540762583,0.6967702938307799,0.5378585144659599,0.9116055475593928,0.9112424542131328,0.8049349549879696,0.5290536884761292,0.5263008192004738,0.2771015147611347,0.821834912015689,0.8213629372496289,0.6293450096268156,0.23529411764705882,0.40718684786481396,0.6924594148528774,0.6807034015655518
3,0.8,0.5,1.0,0.5,9,78,10,4,0.1088739550310421,0.25857195169858643,0.6382513632095427,0.6347417951352855,0.46559992091144803,0.9037907607564276,0.9033926442098374,0.7752391372397232,0.5393854169434424,0.536689037827417,0.26588891686383476,0.8294772696226799,0.829021252431157,0.6564476401607514,0.3025210084033613,0.49819404658114336,0.622909378339893,1.788649082183838
3,0.8,0.5,1.0,0.75,0,1000,10,4,0.10835459603487968,0.25575874190674086,0.6574454612005561,0.6541647489511933,0.49189648824633897,0.9083491277292126,0.907971490705844,0.7934094346634827,0.4249199699877449,0.4216044362908445,0.18444924354941172,0.5879077429223251,0.5868117435177123,0.32235560277843,0.35294117647058826,0.5362505362505362,0.472991660065736,21.833706617355347
3,0.8,0.5,1.0,0.75,1,66,10,3,0.06845339912142702,0.25439979550370384,0.5753592252349424,0.5712420512141482,0.4010063959995893,0.7916267295012034,0.790994464710824,0.6144266258107057,0.3154362095753079,0.3114313539980387,0.11730840418956243,0.3862745401080619,0.3850329004067273,0.15913988880652757,0.26666666666666666,0.49364432926076757,0.570574579137887,1.3498170375823975
3,0.8,0.5,1.0,0.75,2,111,10,4,0.09448304979082653,0.23771854987466298,0.6368723701004563,0.6333634275130553,0.4524075790081302,0.9116055475593928,0.9112424542131328,0.8049349549879696,0.3907397150603035,0.38718956627200435,0.14871383412843006,0.5933517525706161,0.5922745061043153,0.3316882713421359,0.2857142857142857,0.46398329660132237,0.5527567424513128,2.512510299682617
3,0.8,0.5,1.0,0.75,3,41,10,3,0.07956221629543091,0.2669977512910849,0.5805705575492143,0.5765107980766877,0.4046476299387694,0.7926764584473263,0.7920479364188315,0.6178455857756018,0.41209575479648514,0.4086632764880023,0.17079985288975694,0.6710761095271227,0.670411439649869,0.5060781026638148,0.23300970873786409,0.4504504504504504,0.6103271211341966,0.7777366638183594
3,0.8,0.5,1.0,0.75,4,114,10,4,0.10091103914721433,0.24230461951741772,0.6337430543357401,0.6302285534645679,0.458299716519067,0.9116055475593928,0.9112424542131328,0.8049349549879696,0.4841622013745637,0.48118135073979296,0.240264058788613,0.821834912015689,0.8213629372496289,0.6293450096268156,0.35294117647058826,0.517263675158412,0.48602639180832896,2.968580961227417
3,0.8,0.5,1.0,0.75,5,63,10,4,0.10754572785033494,0.2503904330163415,0.6461643768386406,0.6427522197739375,0.4784475798776706,0.9083491277292126,0.907971490705844,0.7934094346634827,0.4196928858705134,0.41631969741642194,0.1764164230880853,0.587907742922325,0.5868117435177121,0.32235560277843,0.2857142857142857,0.48262548262548266,0.5475927311856424,1.894547700881958
3,0.8,0.5,1.0,0.75,6,1000,10,5,0.13039237247504198,0.26067353749069255,0.7158210041073053,0.713116653650083,0.5462132309764256,1.0,1.0,1.0,0.5291145325510109,0.5264201638187518,0.22957968626181186,0.7375733655715296,0.7367405406672015,0.4724246305454723,0.2857142857142857,0.5005005005005004,0.44255647413986643,23.415937900543213
3,0.8,0.5,1.0,0.75,7,112,10,5,0.14059339179227207,0.25308925220087936,0.7375142106850018,0.7350060966123443,0.5857956158887984,1.0,1.0,1.0,0.5282396254514309,0.5255271776216958,0.23873911409972112,0.7375733655715295,0.7367405406672013,0.4724246305454723,0.2857142857142857,0.51114944731966,0.4824134462329552,2.702585220336914
3,0.8,0.5,1.0,0.75,8,111,10,3,0.07801381831920999,0.2589194595257312,0.6065841366559913,0.602783669518216,0.4264824657576857,0.7916267295012033,0.7909944647108239,0.6144266258107057,0.41875452745704966,0.4153689392058655,0.2024000700578749,0.6865809274896538,0.6859468433771049,0.542968341433499,0.3,0.5325522566901877,0.5163697723797666,2.884644031524658
3,0.8,0.5,1.0,0.75,9,35,10,4,0.11352584271529403,0.2683722575848079,0.6760010862061239,0.6728980848300827,0.5228358895057199,0.9083491277292126,0.907971490705844,0.7934094346634827,0.4456301486668763,0.4424340162562247,0.20062030170829634,0.5879077429223251,0.5868117435177123,0.32235560277843,0.35294117647058826,0.5362505362505362,0.472991660065736,1.0123391151428223
3,0.8,0.5,1.0,1.0,0,1000,10,4,0.0884893117109661,0.22803000948735255,0.5863835665730428,0.5824548267733558,0.41574318275457117,0.9059896953135614,0.9056014712345598,0.78488266182146,0.39318757895553164,0.38972297070046613,0.1654003437266501,0.5839573365525113,0.5828476636274899,0.3153687444426345,0.39285714285714285,0.5841974587410544,0.5637041798378852,22.276499271392822
3,0.8,0.5,1.0,1.0,1,39,10,4,0.0923163969572761,0.23226610269774114,0.626027990862816,0.622487651824626,0.46136887862766934,0.9116055475593928,0.9112424542131328,0.8049349549879696,0.4894221262179768,0.4865184654056312,0.2168643582237624,0.8218349120156891,0.821362937249629,0.6293450096268156,0.48484848484848486,0.5841974587410544,0.4730401197350013,1.1677076816558838
3,0.8,0.5,1.0,1.0,2,81,10,3,0.06815871536554508,0.25425724263726746,0.5831479778596103,0.5791389124180374,0.3845447102880398,0.7303232410180941,0.7294623299636516,0.45744797462502,0.3430742048740097,0.3392674410248034,0.11521373785882753,0.5960555189006077,0.5951809391979389,0.35653127194845763,0.21428571428571427,0.4504504504504504,0.6899973277756999,1.6070818901062012
3,0.8,0.5,1.0,1.0,3,1000,10,4,0.09146864347990445,0.22783882589785698,0.6112681297874701,0.6075830807231154,0.43064039437205626,0.9116055475593928,0.9112424542131328,0.8049349549879696,0.47644317859518737,0.47346093227867836,0.21583700689790503,0.821834912015689,0.8213629372496289,0.6293450096268156,0.39285714285714285,0.5841974587410544,0.49805317262527865,20.985015392303467
3,0.8,0.5,1.0,1.0,4,99,10,4,0.08388861509691058,0.22668551954100513,0.5742877486597704,0.5702262717729013,0.3885309178627263,0.9037907607564276,0.9033926442098374,0.7752391372397232,0.455565137250687,0.4524403222272237,0.21960232239567537,0.8294772696226799,0.829021252431157,0.6564476401607514,0.24444444444444444,0.48577989754460343,0.5836028539562818,3.1351571083068848
3,0.8,0.5,1.0,1.0,5,1000,10,4,0.0943155557303662,0.2422248186190338,0.6091647928604516,0.605464870624364,0.4321049718108525,0.9116055475593928,0.9112424542131328,0.8049349549879696,0.4875248465886008,0.484610450478848,0.21505758327536348,0.8218349120156891,0.821362937249629,0.6293450096268156,0.48484848484848486,0.5841974587410544,0.47289739086493904,23.552153825759888
3,0.8,0.5,1.0,1.0,6,50,10,5,0.10406588632261755,0.2262016442797095,0.6646299247879112,0.6614577208351603,0.47737534095961764,1.0,1.0,1.0,0.47338841710324286,0.47039654880427273,0.19440541196855446,0.7375733655715295,0.7367405406672013,0.4724246305454723,0.39285714285714285,0.5841974587410544,0.4002589729712431,1.0033137798309326
3,0.8,0.5,1.0,1.0,7,34,10,5,0.11450076727754435,0.24015864795041023,0.6988129813844761,0.6959638219653324,0.5239502353318768,1.0,1.0,1.0,0.4730681962828414,0.47007415334106695,0.20001175223656292,0.7375733655715295,0.7367405406672013,0.4724246305454723,0.39285714285714285,0.5841974587410544,0.39696407707439046,0.7222521305084229
3,0.8,0.5,1.0,1.0,8,112,10,3,0.06708188789460294,0.2450931725575123,0.5638726587914656,0.5597100277070378,0.3821826797189276,0.7852802150932446,0.7846251091678986,0.6010060305727019,0.2981183334319336,0.2940878853044059,0.10823106015295625,0.37493597278931157,0.3736622250862697,0.14532804951821357,0.28448275862068967,0.5326724137931035,0.6840275061183068,2.870685577392578
3,0.8,0.5,1.0,1.0,9,31,10,5,0.11607202146942563,0.24374596293105705,0.6990852748159504,0.6962389776915987,0.5243921545685776,1.0,1.0,1.0,0.488977278880314,0.48607397646725037,0.21567705691372144,0.7375733655715295,0.7367405406672013,0.4724246305454723,0.39285714285714285,0.5841974587410544,0.4002589729712432,0.5699293613433838
3,0.8,0.75,0.0,0.0,0,22,3,3,0.29479873514155086,0.2948250570627074,0.7964875200702813,0.7958739447619763,0.6258352922217565,0.8021489417124285,0.8015540214626932,0.6413806962628472,0.3960597378169803,0.394848151817842,0.17255484581567282,0.40498555723662083,0.40379607055457095,0.18615098045841807,0.15,0.20951183741881416,0.32067316533057916,0.293595552444458
3,0.8,0.75,0.0,0.0,1,37,10,4,0.21374075576022986,0.3036929642602866,0.8016933166577631,0.7995127420379202,0.665560895241295,0.9083491277292126,0.907971490705844,0.7934094346634827,0.5124525208485712,0.5091515207664098,0.24289081053862432,0.5879077429223251,0.5868117435177123,0.32235560277843,0,0.0,inf,0.6631572246551514
3,0.8,0.75,0.0,0.0,2,44,10,4,0.21299873768892744,0.30267828760067866,0.8003749167042674,0.7981761712507006,0.6612071050970181,0.9059896953135614,0.9056014712345598,0.78488266182146,0.5102290438532328,0.5069061525119001,0.2391694425389633,0.5839573365525113,0.5828476636274899,0.3153687444426345,0,0.0,inf,1.2342469692230225
3,0.8,0.75,0.0,0.0,3,35,4,4,0.30313941404723277,0.3029659639855237,0.8764684591392198,0.8759591851273475,0.7583493054557772,0.897406368541996,0.8969792788487176,0.7526454569778374,0.828651460098456,0.8281954112976898,0.6518838228656073,0.8357447021357427,0.8353020509100343,0.6777225590952062,0.572289156626506,0.7096648887693664,0.06447940620934621,0.3137929439544678
3,0.8,0.75,0.0,0.0,4,23,10,4,0.18497561920749475,0.2301750452923161,0.7027481099206715,0.6993132574087917,0.5330186139258957,0.897406368541996,0.8969792788487176,0.7526454569778374,0.5585901084335614,0.5554166175200375,0.4008082593994045,0.8357447021357427,0.8353020509100343,0.6777225590952062,0,0.0,inf,0.601097583770752
3,0.8,0.75,0.0,0.0,5,31,10,4,0.19724590073415033,0.2905094584750465,0.7891239294023421,0.7868056193148012,0.6617952755144232,0.9137594533047027,0.9134059329538328,0.8127690521941776,0.5019618727119796,0.498590698799519,0.2407746027288344,0.5969473729725019,0.5958824465842398,0.33795995639299703,0,0.0,inf,0.7475495338439941
3,0.8,0.75,0.0,0.0,6,29,10,3,0.18005937501481334,0.29130110887637967,0.6537925790685062,0.649784477882947,0.5051213372873221,0.7921997857472497,0.7915695648752535,0.6162892627615703,0.495691648913775,0.492057440476568,0.32382431168010306,0.6492493065110276,0.6485401515758275,0.45307203333420376,0,0.0,inf,0.604360818862915
3,0.8,0.75,0.0,0.0,7,33,10,3,0.1478344996450095,0.22307558886698955,0.5144769660549966,0.5084080934011352,0.3023780464109711,0.7250071641342934,0.7241254949570672,0.44647024161769056,0.3217209926280443,0.31634622542279117,0.11140891727405978,0.5880574779608787,0.5871603983222972,0.34186166083827674,0,0.0,inf,0.5603444576263428
3,0.8,0.75,0.0,0.0,8,33,10,3,0.18301840975728387,0.29289348057278486,0.6702026037077957,0.6663790698465071,0.5103292298123439,0.789789857030486,0.789150994948784,0.6112350182388241,0.5398967185089399,0.5365752085983033,0.3880203504305637,0.6668307613228104,0.6661552998165207,0.4990750972068573,0,0.0,inf,0.6680803298950195
3,0.8,0.75,0.0,0.0,9,32,10,3,0.157068439486428,0.2644908620954175,0.6238653917314696,0.6195244251242275,0.4758746091347573,0.7921997857472497,0.7915695648752535,0.6162892627615703,0.3184847588879813,0.3135926385683282,0.11302272754099252,0.3872963856355671,0.3860576089203469,0.1610374468129141,0,0.0,inf,0.6993744373321533
3,0.8,0.75,0.0,0.25,0,1000,10,3,0.1617794474487988,0.2966457799473126,0.6478699823772305,0.6439898483939548,0.4914176883349801,0.7916267295012033,0.7909944647108239,0.6144266258107057,0.5011309863677462,0.49773553667527554,0.3392939060393797,0.6865809274896538,0.6859468433771049,0.542968341433499,0,0.0,inf,21.180606603622437
3,0.8,0.75,0.0,0.25,1,33,10,3,0.1567367198206268,0.2926632682938713,0.609748118943643,0.6053025627930929,0.3741893268942189,0.7548712966501103,0.7541043224033086,0.5123044922655382,0.43376070521256027,0.42974449397368786,0.17385199053425882,0.5929240519143224,0.5920661274059542,0.33570984919437624,0,0.0,inf,0.9039137363433838
3,0.8,0.75,0.0,0.25,2,36,10,3,0.1477250174068446,0.2960016743959094,0.5636417995215877,0.5587072713118052,0.3524668623079446,0.7303232410180941,0.7294623299636516,0.45744797462502,0.4318322276239139,0.42783883156139635,0.19737134216139626,0.5960555189006077,0.5951809391979389,0.35653127194845763,0,0.0,inf,0.9931502342224121
3,0.8,0.75,0.0,0.25,3,113,10,3,0.1471565839600132,0.2802737267781954,0.602022691942286,0.5976461733309478,0.4456868129778196,0.7852802150932446,0.7846251091678986,0.6010060305727019,0.3146710499429234,0.3100180359662486,0.10970224426959292,0.37493597278931157,0.3736622250862697,0.14532804951821357,0,0.0,inf,3.4532015323638916
3,0.8,0.75,0.0,0.25,4,37,10,3,0.1640327384568791,0.2940771492233056,0.6610550833078116,0.6573334021669044,0.5051515750254761,0.8019282820082536,0.8013325861275414,0.6406540834881669,0.3552807285103271,0.3509116346057535,0.12855268414786747,0.4045942902943182,0.40340372512137557,0.185435262866209,0,0.0,inf,1.001270055770874
3,0.8,0.75,0.0,0.25,5,25,10,4,0.1865047201725506,0.30071841406092964,0.7584957983835514,0.7559301877952714,0.6090661285099727,0.897406368541996,0.8969792788487176,0.7526454569778374,0.6394247505455742,0.6370765053214109,0.44739915772998734,0.8357447021357427,0.8353020509100343,0.6777225590952062,0,0.0,inf,0.6995470523834229
3,0.8,0.75,0.0,0.25,6,53,10,3,0.16118738837881372,0.29385835725105375,0.6552293429028923,0.6514438125722608,0.49169482747937004,0.8019282820082536,0.8013325861275414,0.6406540834881669,0.3545588941297919,0.35018507777132624,0.1273547475377914,0.4045942902943182,0.40340372512137557,0.185435262866209,0,0.0,inf,1.5280261039733887
3,0.8,0.75,0.0,0.25,7,50,10,4,0.136011057280752,0.15703844014722704,0.5515511781304164,0.5463270180900223,0.32620043221594663,0.9059896953135614,0.9056014712345598,0.78488266182146,0.32822428746626986,0.323328819620987,0.09023874100260217,0.5839573365525113,0.5828476636274897,0.3153687444426345,0,0.0,inf,1.402193307876587
3,0.8,0.75,0.0,0.25,8,35,10,3,0.16059475325679506,0.2913338518528424,0.6667812070079,0.6631213961751328,0.499276542020692,0.8021489417124285,0.8015540214626932,0.6413806962628472,0.36880877801738826,0.36452991072653196,0.13242441598105834,0.40498555723662083,0.40379607055457095,0.18615098045841807,0,0.0,inf,0.9832942485809326
3,0.8,0.75,0.0,0.25,9,32,10,3,0.1540305368903213,0.28851629769180986,0.6218668376427553,0.6177010346999999,0.4683277150944831,0.7926764584473263,0.7920479364188315,0.6178455857756018,0.499716761185273,0.49631255546145103,0.3216673911256616,0.6710761095271227,0.670411439649869,0.5060781026638148,0,0.0,inf,0.8736705780029297
3,0.8,0.75,0.0,0.5,0,33,10,4,0.13997213379181697,0.22690430212354254,0.6364766714146748,0.6326173637815871,0.4503469942620856,0.9083491277292126,0.907971490705844,0.7934094346634827,0.48416726001630633,0.48080679679705196,0.28157191471323817,0.587907742922325,0.5868117435177121,0.32235560277843,0,0.0,inf,0.8447771072387695
3,0.8,0.75,0.0,0.5,1,45,10,4,0.16735879931203948,0.28448843320037004,0.7354470806002877,0.7327191497294783,0.5930435480809823,0.9059896953135614,0.9056014712345598,0.78488266182146,0.4707632452883887,0.46743431009991065,0.2092951449797719,0.5839573365525113,0.5828476636274899,0.3153687444426345,0,0.0,inf,1.1864519119262695
3,0.8,0.75,0.0,0.5,2,1000,10,4,0.1662344244273124,0.2866686972072867,0.7280375976359192,0.7252354279713511,0.581911350605189,0.9116055475593928,0.9112424542131328,0.8049349549879696,0.6036933773661479,0.6012028951140495,0.40240903069227757,0.8218349120156891,0.821362937249629,0.6293450096268156,0,0.0,inf,23.75709581375122
3,0.8,0.75,0.0,0.5,3,37,10,3,0.13914670976402466,0.29060128573838634,0.6567865408723373,0.6531371654128569,0.4792578869891197,0.7889606460971244,0.7883188157233192,0.6085417084158432,0.49020231551086013,0.486874829848054,0.2722537568451263,0.6827081189134144,0.6820642499665682,0.536681216439622,0,0.0,inf,1.0115387439727783
3,0.8,0.75,0.0,0.5,4,25,10,4,0.15628482987364145,0.2763905692254276,0.7321657233027002,0.729409266516906,0.5887377233641398,0.9137594533047027,0.9134059329538328,0.8127690521941776,0.4672365026081698,0.463893179554277,0.2069522847678498,0.5969473729725018,0.5958824465842397,0.33795995639299703,0,0.0,inf,0.4286954402923584
3,0.8,0.75,0.0,0.5,5,36,10,3,0.13929728153655888,0.2948732322470774,0.588250635552198,0.5837328830297264,0.3683838151152753,0.7375733655715297,0.7367405406672015,0.4724246305454723,0.6424760473392459,0.6400505525694931,0.5991937781422372,1.0,1.0,1.0,0,0.0,inf,0.810067892074585
3,0.8,0.75,0.0,0.5,6,61,2,2,0.29845323867529133,0.2984532386752915,0.5923035749787092,0.5915865303510878,0.37932760189374876,0.5936479709519707,0.5929324165216566,0.3829540138806239,0.3623620447897751,0.3615706970695275,0.21309892399116745,0.3614980604274912,0.3607042949307468,0.212808677534589,0.5696969696969697,0.6884933714202007,0.040177904811729476,1.4030425548553467
3,0.8,0.75,0.0,0.5,7,51,10,3,0.12999279180150072,0.27812775557440333,0.6038774093481205,0.5996819230637346,0.4330782583256919,0.7852802150932446,0.7846251091678986,0.6010060305727019,0.3234241965361747,0.3190292332993353,0.10896806375351113,0.37493597278931157,0.3736622250862697,0.14532804951821357,0,0.0,inf,1.5254130363464355
3,0.8,0.75,0.0,0.5,8,112,10,5,0.16024168890826754,0.22069721180091542,0.7417411464447285,0.7390692943704622,0.5684461605733707,1.0,1.0,1.0,0.6159009865221717,0.6134752049478867,0.419806402006866,0.7375733655715295,0.7367405406672014,0.4724246305454723,0,0.0,inf,3.362935781478882
3,0.8,0.75,0.0,0.5,9,33,10,4,0.1570965485524249,0.2786536634022982,0.7235257758939355,0.7206780989009473,0.5713933424550657,0.9137594533047027,0.9134059329538328,0.8127690521941776,0.49186355279225247,0.4886716583369882,0.21540831214474565,0.5969473729725019,0.5958824465842398,0.33795995639299703,0,0.0,inf,0.7706911563873291
3,0.8,0.75,0.0,0.75,0,38,10,4,0.1343626655724194,0.270775245786673,0.6944115301288832,0.6913242821150057,0.5302723277729404,0.9137594533047027,0.9134059329538328,0.8127690521941776,0.47067578401293575,0.4674250799824761,0.20688566875630646,0.5969473729725018,0.5958824465842397,0.33795995639299703,0,0.0,inf,0.9651308059692383
3,0.8,0.75,0.0,0.75,1,45,10,5,0.14637537930549352,0.2360270446700116,0.7290388247532873,0.7263254727745659,0.5628435547539246,1.0,1.0,1.0,0.5159439660914701,0.5130028184987168,0.2339560176314829,0.7375733655715295,0.7367405406672013,0.4724246305454723,0,0.0,inf,1.2969346046447754
3,0.8,0.75,0.0,0.75,2,110,10,3,0.1247593527846747,0.29421035902249976,0.6435784594076165,0.6398995536211166,0.4691682981498589,0.7926764584473263,0.7920479364188315,0.6178455857756018,0.503526050827149,0.5003975471807439,0.31194352605189707,0.6710761095271227,0.670411439649869,0.5060781026638148,0,0.0,inf,3.353353500366211
3,0.8,0.75,0.0,0.75,3,54,10,4,0.13361465695213606,0.27043837930970666,0.6924334544528511,0.6893264395175738,0.5346474583737443,0.9137594533047027,0.9134059329538328,0.8127690521941776,0.4665440346676788,0.4632682460087591,0.20963127586304198,0.5969473729725019,0.5958824465842398,0.33795995639299703,0,0.0,inf,1.6544249057769775
3,0.8,0.75,0.0,0.75,4,97,10,3,0.12182873893168704,0.29161577506219744,0.6517890478704281,0.6481905580598268,0.47341659377883505,0.7889606460971244,0.7883188157233192,0.6085417084158432,0.4869080715098673,0.4836701267945289,0.30235032123080074,0.6827081189134144,0.6820642499665682,0.536681216439622,0,0.0,inf,2.1307969093322754
3,0.8,0.75,0.0,0.75,5,1000,10,4,0.1470157626468051,0.2853149498477525,0.7019227502895498,0.6989279307890535,0.5524276990453135,0.9116055475593928,0.9112424542131328,0.8049349549879696,0.6097216611675699,0.6073407804871965,0.3596223958447662,0.821834912015689,0.8213629372496289,0.6293450096268156,0,0.0,inf,21.18747115135193
3,0.8,0.75,0.0,0.75,6,41,10,4,0.1523993598016494,0.2787148027008252,0.7096439634048581,0.7067085324048219,0.5695450817003103,0.9059896953135614,0.9056014712345598,0.78488266182146,0.4619055638077578,0.45859820465937795,0.2069827189946063,0.5839573365525113,0.5828476636274897,0.3153687444426345,0,0.0,inf,0.865119457244873
3,0.8,0.75,0.0,0.75,7,1000,10,4,0.14244093209383493,0.27693442484527553,0.6961518029207575,0.6930859233209603,0.5318231735024302,0.9083491277292126,0.907971490705844,0.7934094346634827,0.4698743320060093,0.466623560576745,0.20816081994659288,0.587907742922325,0.5868117435177121,0.32235560277843,0,0.0,inf,22.359134674072266
3,0.8,0.75,0.0,0.75,8,74,10,4,0.13300633914122784,0.2412321421407753,0.6617686164723359,0.6583224486459807,0.5115664915528997,0.9083491277292126,0.907971490705844,0.7934094346634827,0.40969107588907333,0.4060293723426469,0.1751928036193589,0.5879077429223251,0.5868117435177123,0.32235560277843,0,0.0,inf,1.5414717197418213
3,0.8,0.75,0.0,0.75,9,57,10,4,0.13090680367247828,0.2322448364697719,0.6715284931775158,0.6681668075935041,0.49722202279479893,0.9083491277292126,0.907971490705844,0.7934094346634827,0.4075742095521137,0.40387943284704464,0.15074585380181352,0.5879077429223251,0.5868117435177123,0.32235560277843,0,0.0,inf,1.6564290523529053
3,0.8,0.75,0.0,1.0,0,25,10,5,0.1496382615535404,0.26110307296275576,0.7637297573876776,0.7614290886429635,0.64294868221371,1.0,1.0,1.0,0.53992541160042,0.5372206091428614,0.2832572368099112,0.7375733655715295,0.7367405406672013,0.4724246305454723,0,0.0,inf,0.6557989120483398
3,0.8,0.75,0.0,1.0,1,110,10,4,0.13434739088302108,0.28407222829583534,0.7031855743298093,0.7002338927262876,0.5298095909451593,0.897406368541996,0.8969792788487176,0.7526454569778374,0.5764159547750702,0.5738622099590796,0.3494829676978683,0.8357447021357428,0.8353020509100344,0.6777225590952062,0,0.0,inf,3.3972461223602295
3,0.8,0.75,0.0,1.0,2,30,10,3,0.10039619072671602,0.26849457672177485,0.5979225914748119,0.5938900075765042,0.4077871381368558,0.7921997857472497,0.7915695648752535,0.6162892627615703,0.40562138675247617,0.40200162352915486,0.17587843504678077,0.6492493065110276,0.6485401515758275,0.45307203333420376,0,0.0,inf,0.894019603729248
3,0.8,0.75,0.0,1.0,3,48,10,3,0.08837695339879512,0.24016708509027818,0.5611669314734313,0.5568142526732708,0.38989054984726434,0.8021489417124285,0.8015540214626932,0.6413806962628472,0.31149401018730805,0.3073567519619699,0.12248208252158499,0.40498555723662083,0.40379607055457095,0.18615098045841807,0,0.0,inf,1.406818151473999
3,0.8,0.75,0.0,1.0,4,112,10,4,0.12142505266690343,0.26552781562972083,0.6354499530241915,0.6318745707109387,0.4710454857737571,0.9083491277292126,0.907971490705844,0.7934094346634827,0.4369871414566366,0.4336489804176744,0.19660895376284507,0.5879077429223251,0.5868117435177123,0.32235560277843,0,0.0,inf,3.5447640419006348
3,0.8,0.75,0.0,1.0,5,25,10,3,0.10182176811520305,0.2625018902260945,0.6071158209488223,0.6032206365865831,0.45656307066177537,0.8021489417124285,0.8015540214626932,0.6413806962628472,0.3676330941201889,0.36383522368163596,0.16695523401156082,0.40498555723662083,0.40379607055457095,0.18615098045841807,0,0.0,inf,0.6344738006591797
3,0.8,0.75,0.0,1.0,6,112,10,4,0.11991698539872098,0.27238691164366663,0.6685058759513752,0.665216941926359,0.48921467903608956,0.9000920107272863,0.8996771460213145,0.7622414951112423,0.4020173586091138,0.39842222476886363,0.15007232814129545,0.5740608484987777,0.5729166889125227,0.29646770121656035,0,0.0,inf,3.549041748046875
3,0.8,0.75,0.0,1.0,7,1000,10,3,0.07437878745795808,0.20825084135262256,0.45518654209415726,0.4497077462316293,0.2924976575167429,0.7595386266093844,0.7587891678710779,0.523012647821584,0.27066281189942903,0.26620670855567974,0.0912162460359284,0.6000310519393101,0.5991924558208827,0.34859032320172656,0,0.0,inf,21.584469318389893
3,0.8,0.75,0.0,1.0,8,41,10,4,0.12445656961862835,0.2721959999855774,0.6930631026624342,0.6900163605139134,0.5150715693318945,0.897406368541996,0.8969792788487176,0.7526454569778374,0.5512796348221259,0.5485803287538235,0.32479715198290743,0.8357447021357428,0.8353020509100344,0.6777225590952062,0,0.0,inf,1.2034831047058105
3,0.8,0.75,0.0,1.0,9,27,10,4,0.12815276253591554,0.2731465432174333,0.7093495037918599,0.7064590291851081,0.531708287048721,0.897406368541996,0.8969792788487176,0.7526454569778374,0.5414609211646962,0.5386963328919416,0.3254613756369453,0.8357447021357429,0.8353020509100345,0.6777225590952062,0,0.0,inf,0.7108814716339111
3,0.8,0.75,0.25,0.0,0,35,3,3,0.2972879112772519,0.297307371217569,0.7964599900015984,0.7958463173618422,0.6257449183498832,0.8019282820082536,0.8013325861275414,0.6406540834881669,0.3960108404152614,0.39479911886199737,0.17246448557582922,0.4045942902943182,0.40340372512137557,0.185435262866209,0.15,0.20951183741881416,0.3206791654325413,0.8613572120666504
3,0.8,0.75,0.25,0.0,1,109,10,2,0.10729673539035987,0.2662101844518189,0.46006340551968494,0.4537516055667543,0.29485091690372933,0.5879077429223252,0.5871790535706989,0.3717161405198315,0.28105199641756684,0.2757899274745637,0.09255451244053821,0.3520314727147999,0.3512212189685411,0.196052578243971,0,0.0,inf,3.3566606044769287
3,0.8,0.75,0.25,0.0,2,45,10,4,0.1616876928741281,0.22334773909516747,0.6501276878708122,0.6461831579549128,0.412297056655747,0.897406368541996,0.8969792788487176,0.7526454569778374,0.490205680028124,0.4866360334032073,0.26693611589311683,0.8357447021357429,0.8353020509100346,0.6777225590952062,0,0.0,inf,1.1670546531677246
3,0.8,0.75,0.25,0.0,3,28,10,4,0.18275616511207424,0.29737070014267747,0.7390165786877476,0.7362540467997492,0.5934393127020926,0.897406368541996,0.8969792788487176,0.7526454569778374,0.6581790462112508,0.655962769338033,0.4436315723378268,0.8357447021357427,0.8353020509100343,0.6777225590952062,0,0.0,inf,0.6354708671569824
3,0.8,0.75,0.25,0.0,4,34,2,2,0.3008090782574572,0.30080907825745745,0.5916192536088873,0.59090064872952,0.37797664007241627,0.5960908120545209,0.5953808212273226,0.38786077858471907,0.34725239205509434,0.34644172825904335,0.18464448020227536,0.33954695184358247,0.33872793912201543,0.17025642675852654,0.5670731707317073,0.6861898753790645,0.040364107047199976,0.8467681407928467
3,0.8,0.75,0.25,0.0,5,39,10,3,0.16147641973359259,0.2939395738072837,0.6513321674598369,0.6474878855287721,0.4861390539587927,0.792676458447326,0.7920479364188314,0.6178455857756018,0.5194759221885803,0.5162029146319704,0.3602300161655894,0.6710761095271226,0.6704114396498689,0.5060781026638148,0,0.0,inf,0.9741683006286621
3,0.8,0.75,0.25,0.0,6,23,10,4,0.19039044663819574,0.2999633544307995,0.7656573559875146,0.7631628350163668,0.6203063864812989,0.897406368541996,0.8969792788487176,0.7526454569778374,0.6478451362931323,0.6455461016595937,0.46166307186705985,0.8357447021357428,0.8353020509100344,0.6777225590952062,0,0.0,inf,0.568671464920044
3,0.8,0.75,0.25,0.0,7,16,4,4,0.30293317848462376,0.3027662029316586,0.8764684591392198,0.8759591851273475,0.7583493054557772,0.897406368541996,0.8969792788487176,0.7526454569778374,0.828651460098456,0.8281954112976899,0.6518838228656073,0.8357447021357429,0.8353020509100345,0.6777225590952062,0.572289156626506,0.7096648887693664,0.06447940620934625,0.19390511512756348
3,0.8,0.75,0.25,0.0,8,33,10,4,0.1912384287006958,0.29600982113335517,0.7754499563297493,0.7730673203281321,0.6303960508239146,0.9059896953135614,0.9056014712345598,0.78488266182146,0.4888924976212254,0.4855688055055439,0.22309438269441,0.5839573365525113,0.5828476636274899,0.3153687444426345,0,0.0,inf,0.8399972915649414
3,0.8,0.75,0.25,0.0,9,121,10,3,0.14352842847872332,0.2735858736310842,0.6394879867381921,0.6355206393288793,0.48830230894298643,0.7916267295012034,0.790994464710824,0.6144266258107057,0.33426523563897215,0.3297412866351093,0.11616377969591977,0.3862745401080619,0.3850329004067273,0.15913988880652757,0,0.0,inf,3.6007580757141113
3,0.8,0.75,0.25,0.25,0,35,10,4,0.17116131914799246,0.30263666166228975,0.7416640975660809,0.7389954507650244,0.5843399565082882,0.897406368541996,0.8969792788487176,0.7526454569778374,0.6178301241510303,0.6154209387728028,0.40737711442304586,0.8357447021357428,0.8353020509100344,0.6777225590952062,0.32,0.505482541410685,1.1600466998002332,0.9384763240814209
3,0.8,0.75,0.25,0.25,1,43,10,4,0.1719215270814673,0.304068667584747,0.7524074347384633,0.7498490191350718,0.5952749155453968,0.897406368541996,0.8969792788487176,0.7526454569778374,0.6228810917659419,0.6205028933854935,0.4112343914117459,0.8357447021357428,0.8353020509100344,0.6777225590952062,0.32,0.505482541410685,1.1668599848187995,1.2376344203948975
3,0.8,0.75,0.25,0.25,2,36,10,4,0.1757443201109079,0.30179077022223205,0.7677279557834167,0.7653395219558778,0.6145670659684801,0.9116055475593928,0.9112424542131328,0.8049349549879696,0.6395251382889847,0.6372653323692236,0.40269806357108007,0.8218349120156891,0.821362937249629,0.6293450096268156,0.09523809523809523,0.16918326777481707,1.4557675253750253,1.037733793258667
3,0.8,0.75,0.25,0.25,3,38,10,4,0.1749672707642568,0.29979149715856396,0.7565287457803099,0.7540227738819549,0.6051433057751913,0.9059896953135614,0.9056014712345598,0.78488266182146,0.49125017254967096,0.4880571521250403,0.21525950387845924,0.5839573365525113,0.5828476636274899,0.3153687444426345,0.09523809523809523,0.16918326777481707,1.4703626902875249,0.5894443988800049
3,0.8,0.75,0.25,0.25,4,63,10,3,0.1397061420031451,0.2884081829079137,0.6298546780850504,0.6259249518819722,0.46389226179693327,0.7921997857472497,0.7915695648752535,0.6162892627615703,0.4558574188546533,0.4523123979219694,0.2696340893372021,0.6492493065110276,0.6485401515758275,0.45307203333420376,0.32,0.4694443864883473,1.2922565545170972,1.2239484786987305
3,0.8,0.75,0.25,0.25,5,73,10,3,0.13250577715871442,0.30452886079309033,0.5702369483368936,0.5655255904755604,0.34122582060634965,0.7375733655715297,0.7367405406672015,0.4724246305454723,0.6406523548998869,0.6382170406392179,0.5866453239570564,1.0,1.0,1.0,0.32,0.54776,1.2716087906750944,1.5339078903198242
3,0.8,0.75,0.25,0.25,6,39,10,4,0.172685770068553,0.2968652501033558,0.7534444567225462,0.7509023852412309,0.5953721255897915,0.9059896953135614,0.9056014712345598,0.78488266182146,0.4731295839159945,0.46981593509930175,0.20574275694178507,0.5839573365525113,0.5828476636274897,0.3153687444426345,0.09523809523809523,0.16918326777481707,1.463031788544662,0.808387279510498
3,0.8,0.75,0.25,0.25,7,68,10,4,0.16017344536357114,0.28586264699710584,0.7460316431584103,0.7434183135592588,0.5922320171514347,0.9137594533047027,0.9134059329538328,0.8127690521941776,0.48470840425633105,0.48147536032934196,0.20928261814526564,0.5969473729725018,0.5958824465842397,0.33795995639299703,0.08695652173913043,0.158052789631737,1.4905999634744618,1.4589412212371826
3,0.8,0.75,0.25,0.25,8,114,10,3,0.137747049947006,0.293076359885321,0.6244543656238253,0.6204646918596874,0.4550257413553762,0.7926764584473263,0.7920479364188315,0.6178455857756018,0.48488493875144756,0.4815263282744045,0.3157243213948654,0.6710761095271227,0.670411439649869,0.5060781026638148,0.30597014925373134,0.459754648007356,1.3141119896249784,3.4408528804779053
3,0.8,0.75,0.25,0.25,9,36,10,4,0.16043038666054907,0.2831052697631231,0.7266454760977447,0.7238210335258097,0.564726070578263,0.9137594533047027,0.9134059329538328,0.8127690521941776,0.4797481442162142,0.476467562450066,0.1973636891876901,0.5969473729725018,0.5958824465842397,0.33795995639299703,0.09523809523809523,0.16918326777481707,1.4544068907883951,0.9739539623260498
3,0.8,0.75,0.25,0.5,0,109,10,4,0.14116209553731218,0.28045819092877095,0.7174936972776811,0.7146463980862436,0.551464614151838,0.8974063685419958,0.8969792788487174,0.7526454569778374,0.45302515462592335,0.449675609468696,0.18721395097474938,0.5695438300688876,0.568383794723232,0.28830015171599577,0.32,0.4902862045719188,0.8000264263613224,3.1872341632843018
3,0.8,0.75,0.25,0.5,1,42,10,4,0.15645546332490598,0.2946525027365478,0.7334360178554855,0.730742297653867,0.5700471796783627,0.897406368541996,0.8969792788487176,0.7526454569778374,0.6089182279523498,0.6065156771047306,0.38001416718530084,0.8357447021357429,0.8353020509100345,0.6777225590952062,0.32,0.4902862045719188,0.8086851838936957,1.1598842144012451
3,0.8,0.75,0.25,0.5,2,96,10,3,0.10983702999118408,0.264689650522916,0.587094120811252,0.5828226003869702,0.43550173718969515,0.7926764584473263,0.7920479364188315,0.6178455857756018,0.4582565837494942,0.45483351637182173,0.2754199095063098,0.6710761095271227,0.670411439649869,0.5060781026638148,0.32,0.4902862045719188,0.8665642944858369,2.8982627391815186
3,0.8,0.75,0.25,0.5,3,37,10,4,0.15481449926174853,0.29290027584839723,0.7258224778859925,0.7230764349309693,0.5822109383992344,0.9116055475593928,0.9112424542131328,0.8049349549879696,0.6219077528040533,0.6196099290865387,0.3548662403448185,0.821834912015689,0.8213629372496289,0.6293450096268156,0.19047619047619047,0.3203203203203203,0.9133256761459343,1.0350687503814697
3,0.8,0.75,0.25,0.5,4,35,10,3,0.11558026626378792,0.2698824076803695,0.6055948355719806,0.6015374379772056,0.4249917444277717,0.7852802150932446,0.7846251091678986,0.6010060305727019,0.310626361357212,0.3062998843246847,0.09773584064748798,0.37493597278931157,0.3736622250862697,0.14532804951821357,0.32,0.4902862045719188,0.8909715410602796,0.9959118366241455
3,0.8,0.75,0.25,0.5,5,47,2,2,0.29845323867529133,0.2984532386752915,0.5923035749787092,0.5915865303510878,0.37932760189374876,0.5936479709519707,0.5929324165216566,0.3829540138806239,0.3623620447897751,0.3615706970695275,0.21309892399116745,0.3614980604274912,0.3607042949307468,0.212808677534589,0.5696969696969697,0.6884933714202007,0.040177904811729476,1.2285196781158447
3,0.8,0.75,0.25,0.5,6,63,10,4,0.1423054835513499,0.26083433368040476,0.6902734186234657,0.687129014189237,0.533147766833898,0.9083491277292126,0.907971490705844,0.7934094346634827,0.444459825906134,0.4410278124376698,0.17832173224085748,0.5879077429223251,0.5868117435177123,0.32235560277843,0.17391304347826086,0.3003003003003003,0.9587823788530678,1.8142127990722656
3,0.8,0.75,0.25,0.5,7,1000,10,4,0.1495651656010192,0.2834255836951472,0.7261196779409222,0.7233527734526741,0.5631189491124607,0.9116055475593928,0.9112424542131328,0.8049349549879696,0.5697596774247109,0.5671175360479155,0.34724904934099526,0.821834912015689,0.8213629372496289,0.6293450096268156,0.17391304347826086,0.26255763960681994,0.9901108687146927,21.661076545715332
3,0.8,0.75,0.25,0.5,8,26,10,5,0.16259622276902197,0.2536756351753429,0.747841324347304,0.7453198305111398,0.5948757654980552,1.0,1.0,1.0,0.49679917128142503,0.49374690286480855,0.22062013014585777,0.7375733655715295,0.7367405406672014,0.4724246305454723,0.17391304347826086,0.26255763960681994,1.008460034038288,0.6085190773010254
3,0.8,0.75,0.25,0.5,9,46,10,4,0.13990798268722768,0.2755893090643496,0.7258926232885069,0.7231332719578788,0.5667683324671531,0.9137594533047027,0.9134059329538328,0.8127690521941776,0.46785659323465334,0.464602573350272,0.199133485610283,0.5969473729725018,0.5958824465842397,0.33795995639299703,0.19047619047619047,0.3203203203203203,0.9078363594461276,1.330747365951538
3,0.8,0.75,0.25,0.75,0,32,10,3,0.11108895428265562,0.2924897655934762,0.6785427847607973,0.6752955791651836,0.5157590834460115,0.7889606460971244,0.7883188157233192,0.6085417084158432,0.5023393964999613,0.4992825421200965,0.3037182852903705,0.6827081189134144,0.6820642499665682,0.536681216439622,0.31333333333333335,0.42147410568463195,1.0017367789572142,0.6887736320495605
3,0.8,0.75,0.25,0.75,1,48,10,4,0.1270393540723465,0.2653418522360238,0.6948919233465122,0.691866505712635,0.5315172362557704,0.9137594533047027,0.9134059329538328,0.8127690521941776,0.46013682766723274,0.45689356459978137,0.19456889047181183,0.5969473729725018,0.5958824465842397,0.33795995639299703,0.2608695652173913,0.42147410568463195,0.9448143886649594,0.9275197982788086
3,0.8,0.75,0.25,0.75,2,32,10,4,0.13036230734753174,0.27603696320028676,0.6916590340180645,0.6885698472065054,0.4931346552165894,0.9000920107272863,0.8996771460213145,0.7622414951112423,0.4267654279534161,0.42327853706877266,0.15078585645144044,0.5740608484987776,0.5729166889125226,0.29646770121656035,0.32,0.42147410568463195,0.8679466507562922,0.5670015811920166
3,0.8,0.75,0.25,0.75,3,31,10,4,0.1391631846945231,0.2823652475096682,0.7045438919541168,0.7016117069469751,0.5445001795189459,0.9083491277292126,0.907971490705844,0.7934094346634827,0.4703694568895459,0.4671844650877894,0.2036370409618123,0.5879077429223251,0.5868117435177123,0.32235560277843,0.2608695652173913,0.3938364594102299,0.94439210317604,0.6150281429290771
3,0.8,0.75,0.25,0.75,4,111,10,4,0.13249818429782084,0.2790051600791724,0.7011797028051204,0.6981837529916451,0.5106694154407606,0.9037907607564276,0.9033926442098374,0.7752391372397232,0.6085244477173665,0.6061411003571162,0.38126209985877274,0.8294772696226799,0.829021252431157,0.6564476401607514,0.32,0.42147410568463195,0.8323112486595997,3.027991533279419
3,0.8,0.75,0.25,0.75,5,31,10,4,0.1458924557888739,0.29707662174495053,0.749517764056733,0.7470369162950207,0.5712859570440889,0.897406368541996,0.8969792788487176,0.7526454569778374,0.6149814135113068,0.6126716213357497,0.34562773554253523,0.8357447021357429,0.8353020509100345,0.6777225590952062,0.31333333333333335,0.42147410568463195,0.8841046578928206,0.7666912078857422
3,0.8,0.75,0.25,0.75,6,61,10,4,0.1319289159762946,0.27143374073114973,0.6726453734944408,0.6694149895540138,0.5169420394112373,0.9083491277292126,0.907971490705844,0.7934094346634827,0.45359423816170663,0.4503307111919259,0.20841548445171823,0.587907742922325,0.5868117435177121,0.32235560277843,0.2608695652173913,0.3773406914768171,0.9874111767012819,1.7088782787322998
3,0.8,0.75,0.25,0.75,7,116,10,3,0.10966930991282539,0.28933579220109307,0.6537591566332396,0.650262153900492,0.47728353025599085,0.7889606460971244,0.7883188157233192,0.6085417084158432,0.48094142322579786,0.4777537573891027,0.23615382926368816,0.6827081189134144,0.6820642499665682,0.536681216439622,0.16901408450704225,0.31065548306927615,1.100691508681273,3.4428822994232178
3,0.8,0.75,0.25,0.75,8,28,10,4,0.1326883985625324,0.28559202532975325,0.7124747153092285,0.7096284991042042,0.540638234461588,0.9037907607564276,0.9033926442098374,0.7752391372397232,0.6146000587009757,0.6122894590411345,0.3440669501351886,0.8294772696226799,0.829021252431157,0.6564476401607514,0.3087248322147651,0.42147410568463195,0.8877630210328985,0.6853713989257812
3,0.8,0.75,0.25,0.75,9,49,10,5,0.1652691192277522,0.28597780889562713,0.8041834122913291,0.8022848265771514,0.676253609127804,1.0,1.0,1.0,0.6002448626787414,0.5979068333962364,0.29247154079055593,0.7375733655715296,0.7367405406672015,0.4724246305454723,0.2608695652173913,0.3773406914768171,0.8999650227759249,1.14445161819458
3,0.8,0.75,0.25,1.0,0,1000,10,3,0.08782236634272592,0.2728741474630966,0.5740038558060491,0.5698008486918533,0.37080182080081503,0.7889606460971246,0.7883188157233194,0.6085417084158432,0.3953724417633776,0.39176102882884084,0.14868802920568716,0.6444080303082954,0.6436864403758701,0.44488729445134056,0.2336448598130841,0.3564715794931622,1.4862257167004103,21.98191785812378
3,0.8,0.75,0.25,1.0,1,98,10,4,0.10196762767954257,0.2409829675849836,0.6049337424386425,0.6011095845911234,0.426928636921979,0.9059896953135614,0.9056014712345598,0.78488266182146,0.4025984611238727,0.39911068043025183,0.17403018059356348,0.5839573365525113,0.5828476636274899,0.3153687444426345,0.24242424242424243,0.364000364000364,1.175421400028276,2.931997299194336
3,0.8,0.75,0.25,1.0,2,31,10,4,0.11688809131851473,0.2663203122103974,0.6249279648969625,0.6213007115022124,0.4629329051799797,0.9116055475593928,0.9112424542131328,0.8049349549879696,0.5596590938593149,0.5570911211638155,0.2818557943070474,0.821834912015689,0.8213629372496289,0.6293450096268156,0.24242424242424243,0.364000364000364,1.1717074400048382,0.7958924770355225
3,0.8,0.75,0.25,1.0,3,21,10,4,0.1267844505038006,0.2873398993867557,0.7063596158170107,0.7034821864288993,0.5305456451629589,0.897406368541996,0.8969792788487176,0.7526454569778374,0.5615821688197526,0.5589846697678654,0.3203933812812547,0.8357447021357427,0.8353020509100343,0.6777225590952062,0.22,0.3564715794931622,1.2044742626066083,0.575115442276001
3,0.8,0.75,0.25,1.0,4,61,10,4,0.11077687765667815,0.27078367394542624,0.6534188887647723,0.6500253690189719,0.4573025239400965,0.9000920107272863,0.8996771460213145,0.7622414951112423,0.39375446299278594,0.3901660260564013,0.13708279066101706,0.5740608484987777,0.5729166889125227,0.29646770121656035,0.24242424242424243,0.35905470688079383,1.2399294675499284,1.7358391284942627
3,0.8,0.75,0.25,1.0,5,47,10,4,0.12694050043455202,0.2865938275865849,0.7113140454459774,0.7084796778730669,0.5338420771915227,0.897406368541996,0.8969792788487176,0.7526454569778374,0.5699122218831507,0.5673581430860288,0.327465083232188,0.8357447021357427,0.8353020509100343,0.6777225590952062,0.22,0.34771613718982136,1.205359475114386,0.8865058422088623
3,0.8,0.75,0.25,1.0,6,111,10,3,0.09324715395720837,0.2746530616913985,0.6527389327808283,0.6493145770289741,0.48843123326168486,0.7889606460971244,0.7883188157233192,0.6085417084158432,0.4593772830950621,0.4561502458493616,0.26523732981720066,0.6827081189134144,0.6820642499665682,0.536681216439622,0.22,0.36167554415729597,1.3884789058321056,2.3294262886047363
3,0.8,0.75,0.25,1.0,7,21,10,5,0.14280308010068488,0.26819405003588387,0.7592262945146393,0.7569131185357909,0.6192213841953486,1.0,1.0,1.0,0.5460967050848411,0.5434702052502344,0.2553393357448225,0.7375733655715295,0.7367405406672013,0.4724246305454723,0.24242424242424243,0.364000364000364,1.002770381701732,0.38047361373901367
3,0.8,0.75,0.25,1.0,8,47,10,4,0.12061080392780614,0.2582375540566586,0.664753911407253,0.6614990528925069,0.5224131253022319,0.9083491277292126,0.907971490705844,0.7934094346634827,0.4155372298370925,0.4121127653961209,0.18920572255072915,0.5879077429223251,0.5868117435177123,0.32235560277843,0.24242424242424243,0.364000364000364,1.2005903423772932,0.8618474006652832
3,0.8,0.75,0.25,1.0,9,36,10,5,0.14925774310848267,0.2684740317376597,0.7710456022612556,0.7688317434781622,0.6448507268389908,1.0,1.0,1.0,0.543616682667559,0.5409554179819999,0.2780411603158437,0.7375733655715296,0.7367405406672015,0.4724246305454723,0.24242424242424243,0.364000364000364,1.0411941124955786,0.7128887176513672
3,0.8,0.75,0.5,0.0,0,34,10,3,0.13935584088500205,0.3091747713093211,0.6076233542990126,0.603341881356122,0.36667819587545664,0.7595386266093844,0.7587891678710779,0.523012647821584,0.4384845251671143,0.43470094140303567,0.16009122734725809,0.60003105193931,0.5991924558208825,0.34859032320172656,0,0.0,inf,0.6672461032867432
3,0.8,0.75,0.5,0.0,1,34,10,4,0.16970688732201647,0.2973038866053892,0.7626176374125375,0.7601751942931791,0.6035677634107113,0.9083491277292126,0.907971490705844,0.7934094346634827,0.48188250835257335,0.47863210234255116,0.21196475772983786,0.5879077429223251,0.5868117435177123,0.32235560277843,0,0.0,inf,0.9881374835968018
3,0.8,0.75,0.5,0.0,2,221,10,4,0.17182139273974675,0.29917951612190197,0.755516059903402,0.7529845145445359,0.5971716956184882,0.897406368541996,0.8969792788487176,0.7526454569778374,0.6284980528424322,0.6261493516598033,0.4236106368318969,0.8357447021357429,0.8353020509100346,0.6777225590952062,0,0.0,inf,4.8986358642578125
3,0.8,0.75,0.5,0.0,3,113,10,3,0.13575749342554774,0.302318008355443,0.5945954599038152,0.5901511367829444,0.3613030057913185,0.7375733655715297,0.7367405406672015,0.4724246305454723,0.6501875200777398,0.6478168260366606,0.5940800644818854,1.0,1.0,1.0,0,0.0,inf,2.898070812225342
3,0.8,0.75,0.5,0.0,4,33,10,4,0.13952814752021728,0.23706648315472761,0.6545046038955155,0.6508365788504046,0.4483647224074262,0.9083491277292126,0.907971490705844,0.7934094346634827,0.4777749387848928,0.4743727077562478,0.27155258884454847,0.5879077429223251,0.5868117435177123,0.32235560277843,0,0.0,inf,0.6581792831420898
3,0.8,0.75,0.5,0.0,5,23,10,3,0.1403522208337074,0.29605432547699234,0.6473816461967983,0.6436376646451176,0.4715217253217103,0.7916267295012033,0.7909944647108239,0.6144266258107057,0.4774789438303229,0.47407441161196956,0.26983579136829333,0.6865809274896537,0.6859468433771048,0.542968341433499,0,0.0,inf,0.3726956844329834
3,0.8,0.75,0.5,0.0,6,36,10,4,0.17496619132230157,0.30311021095595664,0.771379330092372,0.7690212429155612,0.6031365676438616,0.9059896953135614,0.9056014712345598,0.78488266182146,0.49180915076504256,0.4886114529921295,0.21029990586891384,0.5839573365525113,0.5828476636274899,0.3153687444426345,0,0.0,inf,0.8185615539550781
3,0.8,0.75,0.5,0.0,7,29,10,4,0.17122534961122765,0.2948922351577296,0.7602054464082489,0.7577350060541935,0.6062453880865232,0.9059896953135614,0.9056014712345598,0.78488266182146,0.4784940535009958,0.4752172734087682,0.21311657370526937,0.5839573365525113,0.5828476636274897,0.3153687444426345,0,0.0,inf,0.49431490898132324
3,0.8,0.75,0.5,0.0,8,17,4,4,0.2990245817689578,0.29897183071910294,0.8821730214242254,0.8816898101780769,0.7786406354969307,0.9083491277292126,0.907971490705844,0.7934094346634827,0.5934894958492781,0.5924148096128783,0.33063733594134553,0.5879077429223251,0.5868117435177123,0.32235560277843,0.15,0.20951183741881416,0.33623790291188194,0.22385406494140625
3,0.8,0.75,0.5,0.0,9,41,10,4,0.17424267980532154,0.303023847473804,0.7670529868617929,0.7646502760098847,0.5989041663818365,0.9059896953135614,0.9056014712345598,0.78488266182146,0.48649835677400566,0.4832672418033152,0.20753407718851322,0.5839573365525113,0.5828476636274899,0.3153687444426345,0,0.0,inf,0.8102126121520996
3,0.8,0.75,0.5,0.25,0,111,10,3,0.11682184725499567,0.27788314731120994,0.6102143155992821,0.606204589102222,0.429703717599017,0.7852802150932446,0.7846251091678986,0.6010060305727019,0.31528118317064907,0.31098411384079355,0.10367719379366429,0.37493597278931157,0.3736622250862697,0.14532804951821357,0.32,0.4902862045719188,0.9203587137143966,2.2533140182495117
3,0.8,0.75,0.5,0.25,1,50,10,4,0.1560110451403339,0.3013204247257723,0.7385458967095142,0.7359151355710636,0.5667315354412277,0.9116055475593928,0.9112424542131328,0.8049349549879696,0.6253128813481138,0.623022976288783,0.3699744224460191,0.821834912015689,0.8213629372496289,0.6293450096268156,0.11764705882352941,0.19066685733352398,1.1177516045104439,0.8843684196472168
3,0.8,0.75,0.5,0.25,2,113,10,3,0.11930368684556973,0.2881233290511277,0.65113138986143,0.6475287840740658,0.4684807187162881,0.7889606460971246,0.7883188157233194,0.6085417084158432,0.4692042399765856,0.4658576107139113,0.27763860708844307,0.6444080303082954,0.6436864403758701,0.44488729445134056,0.2903225806451613,0.4427764189929999,0.9906292744918243,3.302112340927124
3,0.8,0.75,0.5,0.25,3,76,10,4,0.13270087560831542,0.26668575586517057,0.6765485081523246,0.67329288829319,0.5063243959565953,0.9000920107272863,0.8996771460213145,0.7622414951112423,0.44270240451580944,0.4392951615573492,0.18058075693956605,0.5740608484987777,0.5729166889125227,0.29646770121656035,0.32,0.4902862045719188,0.8448426748074195,1.9908392429351807
3,0.8,0.75,0.5,0.25,4,1000,10,4,0.13977607688534996,0.27648022717301673,0.7214681634615724,0.7186521012917692,0.5526571719119522,0.8974063685419958,0.8969792788487174,0.7526454569778374,0.4488220626742529,0.4454339375267408,0.18369259537423727,0.5695438300688878,0.5683837947232321,0.28830015171599577,0.32,0.4902862045719188,0.8861720483784424,22.03525710105896
3,0.8,0.75,0.5,0.25,5,119,10,3,0.11380784024560481,0.28791903906930033,0.578003728160836,0.5735374241388724,0.34863623898612806,0.7303232410180941,0.7294623299636516,0.45744797462502,0.405076896540359,0.40121144180120966,0.14108030763888124,0.5960555189006077,0.5951809391979389,0.35653127194845763,0.3076923076923077,0.4902862045719188,0.9501611721619393,3.0318453311920166
3,0.8,0.75,0.5,0.25,6,33,10,4,0.15956074923748262,0.3006302475644287,0.758834840716042,0.756409611924945,0.5894963395998281,0.9083491277292126,0.907971490705844,0.7934094346634827,0.506896290109297,0.5038847601378266,0.21679710339866215,0.5879077429223251,0.5868117435177123,0.32235560277843,0.11764705882352941,0.19066685733352398,1.1209125659197936,0.9765198230743408
3,0.8,0.75,0.5,0.25,7,65,10,3,0.12855971546786135,0.2926311315533365,0.6701472578005534,0.6667552613869769,0.4995387881108606,0.8021489417124285,0.8015540214626932,0.6413806962628472,0.38614980659952913,0.3822991229205158,0.1451662555911382,0.40498555723662083,0.40379607055457095,0.18615098045841807,0.11764705882352941,0.19066685733352398,1.2050604697988687,1.9043927192687988
3,0.8,0.75,0.5,0.25,8,75,10,4,0.15253448685951737,0.2963107663824927,0.7376794638990991,0.7350378597722432,0.5658384163171946,0.9083491277292126,0.907971490705844,0.7934094346634827,0.46165492240106015,0.4583616494415436,0.19422734853137946,0.5879077429223251,0.5868117435177123,0.32235560277843,0.09523809523809523,0.143856431281581,1.3114017800197304,1.8968653678894043
3,0.8,0.75,0.5,0.25,9,36,10,3,0.09757256864640416,0.22009605125491483,0.5740300262660496,0.5695165351455067,0.3558001370275933,0.8021489417124285,0.8015540214626932,0.6413806962628472,0.33158831517958975,0.32724075242253764,0.1007137367675411,0.40498555723662083,0.40379607055457095,0.18615098045841807,0.3161764705882353,0.4902862045719188,0.9481976519138043,1.0634686946868896
3,0.8,0.75,0.5,0.5,0,35,10,4,0.1060767468867718,0.21568382797258506,0.6430812194025178,0.6394763704223062,0.44517171557456175,0.9116055475593928,0.9112424542131328,0.8049349549879696,0.37104981631219713,0.36718727920514355,0.1197028558314082,0.5933517525706161,0.5922745061043153,0.3316882713421359,0.53125,0.7245295885098131,0.22662922985372203,0.7402136325836182
3,0.8,0.75,0.5,0.5,1,1000,10,3,0.10486612887269889,0.28437883701472594,0.6077481159784488,0.6038035374830648,0.4432473338121464,0.7849276230002521,0.7842712471813089,0.5998687124749003,0.47127845681243924,0.4680483426256224,0.21695698484575973,0.6768387497441453,0.6761799567006874,0.527325252875187,0.3983050847457627,0.6152033898305085,0.3158176515055196,21.33353066444397
3,0.8,0.75,0.5,0.5,2,34,10,4,0.1448089833890805,0.30434749484653256,0.7397902278992449,0.7372021534799076,0.5626544713494894,0.897406368541996,0.8969792788487176,0.7526454569778374,0.6000463462279264,0.5976347607197414,0.35233442654648967,0.8357447021357429,0.8353020509100345,0.6777225590952062,0.40816326530612246,0.5640892128785906,0.3585973749255519,0.6388149261474609
3,0.8,0.75,0.5,0.5,3,31,10,3,0.10490181169028148,0.2860734160740726,0.5981156595531785,0.5939493304914285,0.37166875783975106,0.7250071641342934,0.7241254949570672,0.44647024161769056,0.4201527716076006,0.41647698545169654,0.12837593053779284,0.5880574779608787,0.5871603983222972,0.34186166083827674,0.391304347826087,0.6073489219556635,0.2881818376934206,0.5855450630187988
3,0.8,0.75,0.5,0.5,4,57,10,4,0.1293122905662829,0.27048435072674737,0.6897484998555765,0.6866263572496774,0.49668539520406896,0.9037907607564276,0.9033926442098374,0.7752391372397232,0.5662393294041453,0.5635866461449492,0.3811850014992589,0.8294772696226799,0.829021252431157,0.6564476401607514,0.4032258064516129,0.6185975157123769,0.35644962122271445,1.091376781463623
3,0.8,0.75,0.5,0.5,5,49,10,5,0.16506678513524126,0.2907857816375257,0.8232842386302712,0.8215741989252014,0.691024591274484,1.0,1.0,1.0,0.5988957346901487,0.5965552927435662,0.287572847114545,0.7375733655715296,0.7367405406672015,0.4724246305454723,0.19047619047619047,0.27456027456027454,0.5071015346241058,0.9655630588531494
3,0.8,0.75,0.5,0.5,6,48,10,5,0.16475879904160484,0.2908439266013052,0.8232842386302713,0.8215741989252016,0.691024591274484,1.0,1.0,1.0,0.5988957346901488,0.5965552927435663,0.287572847114545,0.7375733655715295,0.7367405406672013,0.4724246305454723,0.19047619047619047,0.27456027456027454,0.5071015346241059,1.3502578735351562
3,0.8,0.75,0.5,0.5,7,111,10,3,0.10473769277214057,0.2830539630056906,0.604016029671437,0.6000373088876324,0.40931467965593277,0.7852802150932446,0.7846251091678986,0.6010060305727019,0.29469278679940264,0.29038830468918064,0.09309660471557986,0.37493597278931157,0.3736622250862697,0.14532804951821357,0.3488372093023256,0.5181943804698296,0.34065921926774284,3.534318685531616
3,0.8,0.75,0.5,0.5,8,112,10,4,0.13097864261296446,0.2827288818706429,0.6951005944645835,0.6920841194642341,0.5121270505623348,0.9000920107272863,0.8996771460213145,0.7622414951112423,0.4282013112697156,0.4247755548016309,0.16783338053231306,0.5740608484987777,0.5729166889125227,0.29646770121656035,0.4126984126984127,0.5640892128785906,0.3053648832941531,3.498572826385498
3,0.8,0.75,0.5,0.5,9,1000,10,3,0.11083121204157616,0.28393261682185167,0.6614639746693477,0.6580822132323715,0.5258228438610556,0.8021489417124285,0.8015540214626932,0.6413806962628472,0.4154006825806433,0.4118578305426865,0.18248695258087627,0.40498555723662083,0.40379607055457095,0.18615098045841807,0.23529411764705882,0.3585675227466272,0.40964844632722386,22.08887219429016
3,0.8,0.75,0.5,0.75,0,53,10,4,0.13785592319569037,0.30390174100210476,0.7467819183429374,0.7442948189034556,0.5780135615492481,0.897406368541996,0.8969792788487176,0.7526454569778374,0.5904806717793873,0.5880477883658868,0.32877378876361907,0.8357447021357429,0.8353020509100345,0.6777225590952062,0.35074626865671643,0.5189012541953718,0.29271467883414354,1.5542707443237305
3,0.8,0.75,0.5,0.75,1,1000,10,5,0.1516851937778971,0.27430152078091974,0.7853001954768302,0.7832298841041699,0.6531867666867089,1.0,1.0,1.0,0.5781586053011593,0.5757070205997773,0.2804614184710448,0.7375733655715295,0.7367405406672014,0.4724246305454723,0.2857142857142857,0.3938364594102299,0.3269242308710611,23.403291702270508
3,0.8,0.75,0.5,0.75,2,55,10,2,0.05694278220534941,0.27274744784007016,0.49821542509125494,0.49320469641022024,0.3552102034657168,0.5936479709519707,0.5929324165216566,0.3829540138806239,0.3183478723336459,0.31421737474831857,0.1160473646505084,0.3614980604274912,0.3607042949307468,0.212808677534589,0.2376237623762376,0.40950040950040945,0.32651332980877457,1.6230337619781494
3,0.8,0.75,0.5,0.75,3,31,10,4,0.0856802383863509,0.20873105177132645,0.5837190867722676,0.5795841432296285,0.35644978748073786,0.9137594533047027,0.9134059329538328,0.8127690521941776,0.39775993254765935,0.39413349256906394,0.14191926267516677,0.5969473729725019,0.5958824465842398,0.33795995639299703,0.48,0.67266,0.22554999786187663,0.6072061061859131
3,0.8,0.75,0.5,0.75,4,1000,10,4,0.12498973671368323,0.2783732298216944,0.6908965308114715,0.6878754573254728,0.526819058693736,0.9116055475593928,0.9112424542131328,0.8049349549879696,0.5662258559576715,0.5636641395822204,0.30542872176348645,0.821834912015689,0.8213629372496289,0.6293450096268156,0.2857142857142857,0.3938364594102299,0.34134003944115054,21.535809993743896
3,0.8,0.75,0.5,0.75,5,113,10,4,0.10723597609917655,0.24030193300661776,0.6377390113156526,0.6341840888041017,0.44806550838282344,0.9137594533047027,0.9134059329538328,0.8127690521941776,0.39825413742371574,0.3946830259521732,0.14291027075561297,0.5969473729725018,0.5958824465842397,0.33795995639299703,0.35294117647058826,0.5299417064122947,0.27064280278640496,3.221310615539551
3,0.8,0.75,0.5,0.75,6,78,10,4,0.1239115042530707,0.2732525808481369,0.699992271412457,0.697074842369966,0.5389793308923947,0.9083491277292126,0.907971490705844,0.7934094346634827,0.5091700185312853,0.5062886509487355,0.22385040355782496,0.5879077429223251,0.5868117435177123,0.32235560277843,0.35294117647058826,0.5075498033244512,0.2809683511039188,1.6320383548736572
3,0.8,0.75,0.5,0.75,7,111,10,3,0.084901641764494,0.26291505203638577,0.5709312561707972,0.5666677061663804,0.3840187628340687,0.7916267295012034,0.790994464710824,0.6144266258107057,0.31083127278030853,0.30667998327532453,0.09660093574898415,0.3862745401080619,0.3850329004067273,0.15913988880652757,0.4,0.5501684890997868,0.2766233795338537,2.6992950439453125
3,0.8,0.75,0.5,0.75,8,39,10,4,0.11858612778634135,0.2730011713297336,0.6980657152754868,0.6951015859240596,0.5353913507013018,0.9137594533047027,0.9134059329538328,0.8127690521941776,0.469513244307036,0.46636360167818475,0.20242239448554483,0.5969473729725018,0.5958824465842397,0.33795995639299703,0.2857142857142857,0.40950040950040945,0.3417545774157776,0.6634316444396973
3,0.8,0.75,0.5,0.75,9,56,10,5,0.14914160002079618,0.2838369306315187,0.7853321489260396,0.7832707975508467,0.6196855160229983,1.0,1.0,1.0,0.594131983889047,0.5917848905370254,0.277803367285312,0.7375733655715296,0.7367405406672015,0.4724246305454723,0.2857142857142857,0.3938364594102299,0.3719809181332226,1.0744168758392334
3,0.8,0.75,0.5,1.0,0,37,10,3,0.08684464347797151,0.27563930225168987,0.6705388849497858,0.6673256442099332,0.5082258820960917,0.7889606460971244,0.7883188157233192,0.6085417084158432,0.48124005530154995,0.47818359659297527,0.2681780962082046,0.6827081189134144,0.6820642499665682,0.536681216439622,0.2462686567164179,0.36839813791486653,0.5459542983603413,0.6998021602630615
3,0.8,0.75,0.5,1.0,1,51,10,4,0.09661247117849782,0.23999967352478563,0.6319349274595389,0.628395364822768,0.4715874647610859,0.9116055475593928,0.9112424542131328,0.8049349549879696,0.4143496789477869,0.41095662365831986,0.1794709426869006,0.5933517525706161,0.5922745061043153,0.3316882713421359,0.39285714285714285,0.5415251316890661,0.4081933227247786,0.9778599739074707
3,0.8,0.75,0.5,1.0,2,56,10,4,0.10529474953762401,0.2553794373511292,0.642060083996349,0.6386266567300573,0.4527496255354351,0.9083491277292126,0.907971490705844,0.7934094346634827,0.3952616931807144,0.39176865769622365,0.15430307154365186,0.5879077429223251,0.5868117435177123,0.32235560277843,0.39285714285714285,0.5161411411411411,0.4186730230687844,1.0890703201293945
3,0.8,0.75,0.5,1.0,3,27,10,4,0.11961890252216875,0.28706181348653287,0.7152002809509882,0.7124305380598343,0.5388354630183506,0.897406368541996,0.8969792788487176,0.7526454569778374,0.5634164532896947,0.5608528287655273,0.3067346682620541,0.8357447021357427,0.8353020509100343,0.6777225590952062,0.2462686567164179,0.36839813791486653,0.4677760376127452,0.5334441661834717
3,0.8,0.75,0.5,1.0,4,31,10,5,0.14355044015716226,0.2657868334624097,0.7652045077517071,0.7629437058442694,0.6298347723392976,1.0,1.0,1.0,0.537545715663905,0.5348622816264065,0.26984977382505354,0.7375733655715295,0.7367405406672013,0.4724246305454723,0.33,0.4253180218845455,0.429733359909816,0.7287909984588623
3,0.8,0.75,0.5,1.0,5,1000,10,5,0.13536705668425306,0.2672627733994718,0.7501819785170208,0.7477985093181203,0.5921318402124992,1.0,1.0,1.0,0.5448499822612639,0.5422376248908933,0.256663311025864,0.7375733655715295,0.7367405406672014,0.4724246305454723,0.39285714285714285,0.5161411411411411,0.36493156070634075,23.163482904434204
3,0.8,0.75,0.5,1.0,6,76,10,5,0.12359206333593892,0.24808935434002002,0.7254980525057387,0.7228790783700583,0.5501285054689954,1.0,1.0,1.0,0.48460384593980693,0.4816457027139559,0.20900052196476657,0.7375733655715295,0.7367405406672014,0.4724246305454723,0.39285714285714285,0.5161411411411411,0.36493156070634086,2.007187843322754
3,0.8,0.75,0.5,1.0,7,85,10,5,0.12249655084797295,0.2451309891026877,0.7213510307718783,0.7186924906412743,0.5464165828637556,1.0,1.0,1.0,0.5307591994699914,0.5280659673136283,0.25050876159464375,0.7375733655715295,0.7367405406672014,0.4724246305454723,0.39285714285714285,0.5161411411411411,0.36493156070634075,1.9445891380310059
3,0.8,0.75,0.5,1.0,8,1000,10,4,0.08401314110428858,0.2229207068522263,0.6302998026741988,0.6267633196538844,0.44684512620317063,0.9137594533047027,0.9134059329538328,0.8127690521941776,0.3717182760215275,0.36810110853585126,0.148385814980095,0.5969473729725018,0.5958824465842397,0.33795995639299703,0.43373493975903615,0.5875440658049353,0.3952617892087585,21.747395992279053
3,0.8,0.75,0.5,1.0,9,73,10,5,0.12914074147070903,0.25080442707198314,0.7298787283797556,0.7273015494914881,0.5723098729399835,1.0,1.0,1.0,0.5099938467280496,0.5071814307418072,0.24132939099410225,0.7375733655715295,0.7367405406672014,0.4724246305454723,0.39285714285714285,0.5161411411411411,0.36493156070634075,2.031860828399658
3,0.8,0.75,0.75,0.0,0,52,10,4,0.14692488911349189,0.2952588219529323,0.7200143516669105,0.7171970871051617,0.5479905015003227,0.897406368541996,0.8969792788487176,0.7526454569778374,0.5803295067011183,0.5777646396796348,0.34551748818765715,0.8357447021357427,0.8353020509100343,0.6777225590952062,0,0.0,inf,1.4654464721679688
3,0.8,0.75,0.75,0.0,1,28,10,4,0.15349323805839052,0.29244068861470757,0.7303626560598545,0.727633326738669,0.5696466648646463,0.897406368541996,0.8969792788487176,0.7526454569778374,0.5955919407353317,0.5931024867314477,0.38397548609670235,0.8357447021357427,0.8353020509100343,0.6777225590952062,0,0.0,inf,0.7971875667572021
3,0.8,0.75,0.75,0.0,2,23,5,5,0.29615108835549186,0.2959491323549752,1.0,1.0,1.0,1.0,1.0,1.0,0.7382712632211267,0.7374429749388642,0.4728567797325691,0.7375733655715296,0.7367405406672015,0.4724246305454723,0.15,0.20951183741881416,0.3627818108044065,0.4913349151611328
3,0.8,0.75,0.75,0.0,3,20,4,4,0.29352947028520665,0.2928955075055564,0.8488584210066357,0.8482395125381674,0.7616115094451495,0.9116055475593928,0.9112424542131328,0.8049349549879696,0.7467418670103295,0.7460736119066406,0.591540160190931,0.821834912015689,0.8213629372496289,0.6293450096268156,0.15,0.21049086469647213,0.32812383250182225,0.31636881828308105
3,0.8,0.75,0.75,0.0,4,118,10,3,0.1130727964651463,0.2837041061758532,0.6203293506812891,0.6164297279494138,0.4242698374704166,0.7916267295012033,0.7909944647108239,0.6144266258107057,0.44121050677012646,0.43771031205771554,0.21479886536352322,0.6865809274896537,0.6859468433771048,0.542968341433499,0,0.0,inf,2.6080284118652344
3,0.8,0.75,0.75,0.0,5,40,10,3,0.11695655641983595,0.2868200495338436,0.6063089268748079,0.6022680756911595,0.43320549913143547,0.7921997857472497,0.7915695648752535,0.6162892627615703,0.4421607894988298,0.43866946937845286,0.25246509506905646,0.6492493065110276,0.6485401515758275,0.45307203333420376,0,0.0,inf,0.7544991970062256
3,0.8,0.75,0.75,0.0,6,38,10,4,0.15495391861342991,0.293647849290631,0.7283809977934383,0.7256396833549046,0.5744260077708023,0.897406368541996,0.8969792788487176,0.7526454569778374,0.6069138270839614,0.604502674384087,0.37554846686391163,0.8357447021357428,0.8353020509100344,0.6777225590952062,0,0.0,inf,0.752913236618042
3,0.8,0.75,0.75,0.0,7,111,10,3,0.09808597283285461,0.2556711197928596,0.58449690570736,0.5802287195116881,0.40520336998400613,0.7916267295012034,0.790994464710824,0.6144266258107057,0.3427235073460924,0.33860578683583603,0.11843549165893322,0.3862745401080619,0.3850329004067273,0.15913988880652757,0,0.0,inf,2.2803170680999756
3,0.8,0.75,0.75,0.0,8,90,10,4,0.11127099844444782,0.2166129062104737,0.6432495890726804,0.639579184796918,0.4564190516625523,0.8974063685419958,0.8969792788487174,0.7526454569778374,0.34435104893445406,0.34023567761050116,0.1140914510069402,0.5695438300688876,0.568383794723232,0.28830015171599577,0,0.0,inf,2.051649570465088
3,0.8,0.75,0.75,0.0,9,29,10,3,0.12414548765834028,0.29869627486345,0.6034338958489804,0.5992119305621091,0.35453238073264054,0.7595386266093844,0.7587891678710779,0.523012647821584,0.42213366405806757,0.4183519289867709,0.14133536559681836,0.60003105193931,0.5991924558208825,0.34859032320172656,0,0.0,inf,0.5167088508605957
3,0.8,0.75,0.75,0.25,0,55,10,3,0.0994581033298283,0.2718762856983504,0.6211238893241832,0.617319580629102,0.4492701063568158,0.7849276230002521,0.7842712471813089,0.5998687124749003,0.35327046225926,0.3493265991565653,0.13536023797479124,0.37430486447919226,0.373029329116335,0.14414618051325584,0.32,0.42147410568463195,1.0045246370099792,1.6325039863586426
3,0.8,0.75,0.75,0.25,1,1000,10,4,0.13849417646227066,0.2904409509824794,0.7308779014616844,0.7282180640847428,0.5617836076662546,0.897406368541996,0.8969792788487176,0.7526454569778374,0.5694408371298153,0.5668643957215025,0.31688298710824886,0.8357447021357429,0.8353020509100346,0.6777225590952062,0.32,0.42147410568463195,0.9798783878589641,21.310705423355103
3,0.8,0.75,0.75,0.25,2,38,10,4,0.13048826785988268,0.27363522803617535,0.717767603002361,0.7149510488118213,0.5265741862924528,0.9116055475593928,0.9112424542131328,0.8049349549879696,0.46411618278835226,0.46087182481003147,0.17522345569275838,0.5933517525706161,0.5922745061043153,0.3316882713421359,0.15384615384615385,0.21840021840021837,1.2236967057273622,0.9182438850402832
3,0.8,0.75,0.75,0.25,3,114,10,3,0.09949561073651761,0.27180243993527264,0.5940962855598297,0.5900163765510794,0.40009381288626283,0.7852802150932446,0.7846251091678986,0.6010060305727019,0.30577398112449383,0.301535168829559,0.0928926371479318,0.37493597278931157,0.3736622250862697,0.14532804951821357,0.18248175182481752,0.3723895492596896,1.2190589917503059,2.578564167022705
3,0.8,0.75,0.75,0.25,4,114,10,4,0.13200078575230012,0.28329430376754156,0.7134277248844348,0.710591083245974,0.5194436239877216,0.9083491277292126,0.907971490705844,0.7934094346634827,0.4369476275882648,0.4335721297979011,0.16951766474071953,0.5879077429223251,0.5868117435177123,0.32235560277843,0.11940298507462686,0.18338949636659557,1.3151075377891757,3.2710845470428467
3,0.8,0.75,0.75,0.25,5,57,10,4,0.141790118927877,0.2868432589630411,0.7268231392863058,0.7241202563291335,0.5672413025090088,0.9059896953135614,0.9056014712345598,0.78488266182146,0.4624709142436227,0.45925012001240373,0.20086653872581475,0.5839573365525113,0.5828476636274899,0.3153687444426345,0.10526315789473684,0.1510944907171322,1.4298541147592632,1.7069768905639648
3,0.8,0.75,0.75,0.25,6,53,10,4,0.12750253666591785,0.27978260694391605,0.6996236416622021,0.6966365028265674,0.5178333060635105,0.9037907607564276,0.9033926442098374,0.7752391372397232,0.580796237435444,0.5782689847880207,0.35122300259899625,0.8294772696226799,0.829021252431157,0.6564476401607514,0.32,0.42147410568463195,1.0837106733554844,1.4573917388916016
3,0.8,0.75,0.75,0.25,7,84,10,4,0.14533290664769707,0.30082627210866825,0.7392649804608102,0.7366874013324114,0.5601871748485521,0.9083491277292126,0.907971490705844,0.7934094346634827,0.4833515428799634,0.4802590328423924,0.198253429811669,0.5879077429223251,0.5868117435177123,0.32235560277843,0.15384615384615385,0.21840021840021837,1.2161333761580775,2.5968425273895264
3,0.8,0.75,0.75,0.25,8,124,10,4,0.13723114357962019,0.29555241122998815,0.7167662065706265,0.7139668978766616,0.5377632640249105,0.897406368541996,0.8969792788487176,0.7526454569778374,0.5694408371298153,0.5668643957215025,0.31688298710824886,0.8357447021357428,0.8353020509100344,0.6777225590952062,0.32,0.42147410568463195,0.9798783878589643,3.5914294719696045
3,0.8,0.75,0.75,0.25,9,26,10,4,0.12907088871049643,0.28276767121058216,0.6990369944448451,0.6960638923858489,0.5186954644598206,0.9000920107272863,0.8996771460213145,0.7622414951112423,0.438054714660354,0.434694011549465,0.17427264515711083,0.5740608484987775,0.5729166889125225,0.29646770121656035,0.32,0.42147410568463195,0.9881554124790739,0.6969797611236572
3,0.8,0.75,0.75,0.5,0,44,10,4,0.12661919321748705,0.28221259032988,0.7082269262052061,0.7053791832888155,0.5213173302975695,0.9083491277292126,0.907971490705844,0.7934094346634827,0.45807298712190925,0.4548776416548155,0.18203954865966235,0.5879077429223251,0.5868117435177123,0.32235560277843,0.3076923076923077,0.40718684786481396,0.34420846619387774,1.2627754211425781
3,0.8,0.75,0.75,0.5,1,56,10,4,0.11487591160062459,0.27217716783535234,0.6837010889839997,0.6806055725288179,0.4986560853863658,0.9037907607564276,0.9033926442098374,0.7752391372397232,0.5524936136787705,0.5498464052052057,0.30634415223257283,0.8294772696226799,0.829021252431157,0.6564476401607514,0.3870967741935484,0.5961774193548388,0.3598157901807584,1.1353294849395752
3,0.8,0.75,0.75,0.5,2,37,10,4,0.11915141054586145,0.2755136600301281,0.7065552917995028,0.703684504150259,0.5268038675472548,0.9137594533047027,0.9134059329538328,0.8127690521941776,0.49234233184706416,0.48934071738038215,0.20347697437520795,0.5969473729725017,0.5958824465842396,0.33795995639299703,0.22857142857142856,0.3481742612177395,0.39886720700885553,0.8810741901397705
3,0.8,0.75,0.75,0.5,3,43,10,4,0.12520689989968636,0.2826085545666275,0.7081164040363338,0.7052655964817254,0.5219737203404521,0.9116055475593928,0.9112424542131328,0.8049349549879696,0.5590758697078595,0.5564738898986773,0.3077390181983493,0.8218349120156891,0.821362937249629,0.6293450096268156,0.3076923076923077,0.40718684786481396,0.3567021600997282,1.3021538257598877
3,0.8,0.75,0.75,0.5,4,113,10,4,0.13185169327967072,0.2981832252552482,0.7293426743823644,0.7267012874451825,0.5539712243519866,0.897406368541996,0.8969792788487176,0.7526454569778374,0.5766196866777319,0.5741236439033285,0.3091132884293428,0.8357447021357429,0.8353020509100345,0.6777225590952062,0.4126984126984127,0.5988023952095808,0.3174621221663,3.6956236362457275
3,0.8,0.75,0.75,0.5,5,110,10,4,0.11287924702426283,0.2689043174485422,0.6623510559448169,0.6590437379285922,0.46095986961539714,0.9000920107272863,0.8996771460213145,0.7622414951112423,0.3832656476386237,0.37961358128399775,0.13858468515690409,0.5740608484987775,0.5729166889125225,0.29646770121656035,0.36923076923076925,0.5840307692307692,0.3844429825659964,2.496216058731079
3,0.8,0.75,0.75,0.5,6,34,10,3,0.0892781406908747,0.2793023830809013,0.6106192572388695,0.6068016831135411,0.4520100856328043,0.8021489417124285,0.8015540214626932,0.6413806962628472,0.46522137540505865,0.46205141294194346,0.23469247424989298,0.6640652098143663,0.6633936463526338,0.47901294122685556,0.2702702702702703,0.40718684786481396,0.42842597230193324,0.6431190967559814
3,0.8,0.75,0.75,0.5,7,39,10,4,0.1177114764141281,0.2716290394959372,0.7094927138377762,0.7066463391697064,0.5307574342446141,0.9116055475593928,0.9112424542131328,0.8049349549879696,0.49553128513682,0.49254306996932057,0.20499578756387546,0.5933517525706161,0.5922745061043153,0.3316882713421359,0.22857142857142856,0.3481742612177395,0.4008358316808451,0.8309805393218994
3,0.8,0.75,0.75,0.5,8,54,10,3,0.0919883627071132,0.2793121717269008,0.5833179043829689,0.5791285718239455,0.3706802873167866,0.7303232410180941,0.7294623299636516,0.45744797462502,0.38796327293278715,0.384223611866502,0.12282329210307019,0.5960555189006077,0.5951809391979389,0.35653127194845763,0.4897959183673469,0.666,0.24260962410262266,1.118157148361206
3,0.8,0.75,0.75,0.5,9,40,10,4,0.13317000635444728,0.287647109883761,0.7334554718228564,0.7308581398212972,0.5716207191941841,0.9059896953135614,0.9056014712345598,0.78488266182146,0.5124557079526294,0.5095865565012889,0.22016977211603025,0.5839573365525113,0.5828476636274899,0.3153687444426345,0.3076923076923077,0.40718684786481396,0.3610359753534895,0.7645478248596191
3,0.8,0.75,0.75,0.75,0,42,10,3,0.08676012573197803,0.28835826051073193,0.6769093490831195,0.6737696402789097,0.5209751667419517,0.7889606460971244,0.7883188157233192,0.6085417084158432,0.501720220339549,0.4987972468060327,0.26467464682173253,0.6827081189134144,0.6820642499665682,0.536681216439622,0.48863636363636365,0.6031672698339365,0.11107556490158427,1.0811138153076172
3,0.8,0.75,0.75,0.75,1,43,10,4,0.1029489486714378,0.26136636516720935,0.7083814171790885,0.7055734945371298,0.55378758912587,0.9116055475593928,0.9112424542131328,0.8049349549879696,0.5130431737409918,0.5102176648421394,0.2276718907149863,0.5933517525706161,0.5922745061043153,0.3316882713421359,0.46153846153846156,0.572000572000572,0.1368535923410495,1.050173282623291
3,0.8,0.75,0.75,0.75,2,26,10,4,0.11934093617918891,0.27320252447449217,0.6878989389287866,0.6848813688340123,0.5322115652175567,0.9059896953135614,0.9056014712345598,0.78488266182146,0.4667675849422523,0.46365840202456077,0.20884592667404797,0.5839573365525113,0.5828476636274899,0.3153687444426345,0.3157894736842105,0.4118404118404118,0.22635472076539398,0.649848461151123
3,0.8,0.75,0.75,0.75,3,28,10,4,0.11879482174482525,0.26950432551048636,0.7101968774029072,0.7073972282609349,0.5632083759463639,0.9083491277292126,0.907971490705844,0.7934094346634827,0.4946194415899109,0.49167557317261856,0.22832644311359107,0.5879077429223251,0.5868117435177123,0.32235560277843,0.3157894736842105,0.4118404118404118,0.22709034557381955,0.7788543701171875
3,0.8,0.75,0.75,0.75,4,44,10,4,0.10161742367397802,0.23980503466539907,0.6352380106350513,0.63168116691041,0.4570141893094108,0.9083491277292126,0.907971490705844,0.7934094346634827,0.4066616525018142,0.4031665674969429,0.15657901316485523,0.587907742922325,0.5868117435177121,0.32235560277843,0.46153846153846156,0.572000572000572,0.10861410622153321,1.3245413303375244
3,0.8,0.75,0.75,0.75,5,1000,10,4,0.1160097226387011,0.2730970918493603,0.7153701501840847,0.7126331891091275,0.5535705404028743,0.9059896953135614,0.9056014712345598,0.78488266182146,0.5163895613976806,0.5135879482676818,0.22613844343379672,0.5839573365525113,0.5828476636274899,0.3153687444426345,0.46153846153846156,0.572000572000572,0.12188207575430014,22.013953924179077
3,0.8,0.75,0.75,0.75,6,23,10,4,0.11546377554254277,0.27554812575328375,0.7138707379255289,0.7110888163066815,0.5414790030046822,0.897406368541996,0.8969792788487176,0.7526454569778374,0.5391130678606416,0.5364076449914971,0.2908270490995177,0.8357447021357427,0.8353020509100343,0.6777225590952062,0.4017094017094017,0.5306057937636884,0.22075986619633106,0.7799117565155029
3,0.8,0.75,0.75,0.75,7,1000,10,5,0.13133860826305718,0.2518168859667409,0.7344813904562273,0.7319385663505937,0.573264771684891,1.0,1.0,1.0,0.5298323628020215,0.5271218047386724,0.24934549920997653,0.7375733655715295,0.7367405406672014,0.4724246305454723,0.3157894736842105,0.4118404118404118,0.24812084215398889,29.495172023773193
3,0.8,0.75,0.75,0.75,8,54,10,4,0.10934776501315623,0.277668082373632,0.6900409246911593,0.6870293924052061,0.4935970198163426,0.9037907607564276,0.9033926442098374,0.7752391372397232,0.5601388253624539,0.557558946274523,0.3027105653912989,0.8294772696226799,0.829021252431157,0.6564476401607514,0.39316239316239315,0.5232505232505232,0.22601312468782428,1.5640475749969482
3,0.8,0.75,0.75,0.75,9,37,10,5,0.14606060418769584,0.28527647051865657,0.7882640957128654,0.7862456567754008,0.6214733148803689,1.0,1.0,1.0,0.5895042845269011,0.5871506247033641,0.26611320164566576,0.7375733655715295,0.7367405406672013,0.4724246305454723,0.3157894736842105,0.4118404118404118,0.283611765529719,0.7686862945556641
3,0.8,0.75,0.75,1.0,0,44,10,5,0.13898829696673304,0.26304982174216,0.7533315205138367,0.7509637161872319,0.6132563158913161,1.0,1.0,1.0,0.5394117375637276,0.5367487741552847,0.26886048004915114,0.7375733655715295,0.7367405406672014,0.4724246305454723,0.33,0.4253180218845455,0.21782402043948473,1.0250487327575684
3,0.8,0.75,0.75,1.0,1,51,10,5,0.12266591450151608,0.2610656224329143,0.7100925212770601,0.7073398354328964,0.5284675655340221,1.0,1.0,1.0,0.5457515473456961,0.5431590580007846,0.24764533780775316,0.7375733655715295,0.7367405406672013,0.4724246305454723,0.4342105263157895,0.5385820603211907,0.18060749105023088,1.1726555824279785
3,0.8,0.75,0.75,1.0,2,64,10,4,0.0988669735709044,0.24648247006848187,0.6890297202566315,0.6860677845759451,0.5092381458452764,0.9083491277292126,0.907971490705844,0.7934094346634827,0.44226198312095827,0.43906708721192356,0.18699363716410825,0.5879077429223251,0.5868117435177123,0.32235560277843,0.4342105263157895,0.5385820603211907,0.17643784043181693,1.586348056793213
3,0.8,0.75,0.75,1.0,3,78,10,4,0.11145083513391513,0.279606115756467,0.727219038312892,0.7245932425323083,0.5770865130270519,0.897406368541996,0.8969792788487176,0.7526454569778374,0.5462315935845479,0.5435993089183023,0.27745532512053894,0.8357447021357427,0.8353020509100343,0.6777225590952062,0.28695652173913044,0.4078152226300374,0.2266734544627142,2.11360502243042
3,0.8,0.75,0.75,1.0,4,97,10,5,0.12357738037621745,0.2522971769304316,0.7280610118927736,0.7254790019409167,0.5522246664720418,1.0,1.0,1.0,0.5100778950195416,0.507281890657149,0.2316960491482622,0.7375733655715295,0.7367405406672013,0.4724246305454723,0.4342105263157895,0.5385820603211907,0.18145618740934388,2.839139461517334
3,0.8,0.75,0.75,1.0,5,57,10,3,0.0728099199208215,0.2910652622557102,0.583386180446755,0.5793542990062192,0.36987961121345636,0.7303232410180941,0.7294623299636516,0.45744797462502,0.37078974909113643,0.3671163259200436,0.11957080224268903,0.5960555189006077,0.5951809391979389,0.35653127194845763,0.3076923076923077,0.4126263668248401,0.21707769885022282,1.6145968437194824
3,0.8,0.75,0.75,1.0,6,44,10,4,0.09409475489646878,0.2637296567221861,0.6390943649319115,0.6356176960475972,0.4242338064129123,0.8974063685419958,0.8969792788487174,0.7526454569778374,0.3925154842762138,0.388988372763178,0.13037431189172127,0.5695438300688876,0.568383794723232,0.28830015171599577,0.30275229357798167,0.4028418662565004,0.22739097389672241,1.2707178592681885
3,0.8,0.75,0.75,1.0,7,1000,10,5,0.12423940368517085,0.255320162199317,0.7073206578000127,0.7045417694669652,0.5370326834575471,1.0,1.0,1.0,0.5416256135556234,0.5390097057418767,0.2467781682687334,0.7375733655715295,0.7367405406672013,0.4724246305454723,0.4342105263157895,0.5385820603211907,0.1820504233384871,27.33119487762451
3,0.8,0.75,0.75,1.0,8,94,10,4,0.09781603636925336,0.2688498325613952,0.6752591869091115,0.6721267634913621,0.48026890129846284,0.9037907607564276,0.9033926442098374,0.7752391372397232,0.5332454133231346,0.5305311148116943,0.27908368205573914,0.8294772696226799,0.829021252431157,0.6564476401607514,0.28205128205128205,0.39481712788485696,0.23279732012564075,2.8669931888580322
3,0.8,0.75,0.75,1.0,9,60,10,4,0.1106642183417015,0.2785461430347514,0.7060499420928155,0.7032137381289272,0.5401510018250828,0.897406368541996,0.8969792788487176,0.7526454569778374,0.5406702266805202,0.5379982221294031,0.2816517628057792,0.8357447021357429,0.8353020509100346,0.6777225590952062,0.28205128205128205,0.39325039325039324,0.23294961938379427,1.6620445251464844
3,0.8,0.75,1.0,0.0,0,120,10,4,0.1101354039084616,0.23266915652687667,0.635909374728274,0.6322465700569408,0.4140853373635679,0.9059896953135614,0.9056014712345598,0.78488266182146,0.3481277375100045,0.34414324709423905,0.09751446422608019,0.5839573365525113,0.5828476636274899,0.3153687444426345,0,0.0,inf,2.7488133907318115
3,0.8,0.75,1.0,0.0,1,1000,10,4,0.08781172126431898,0.18226824231921357,0.5741179409639879,0.5697382934052392,0.3012285799625042,0.9059896953135614,0.9056014712345598,0.78488266182146,0.3162649979545699,0.3119728770783013,0.038942534601188454,0.5839573365525113,0.5828476636274899,0.3153687444426345,0,0.0,inf,21.768681287765503
3,0.8,0.75,1.0,0.0,2,29,10,4,0.1389076729304693,0.2832228117836727,0.7134085856456437,0.7105799372786391,0.5384126737147005,0.9083491277292126,0.907971490705844,0.7934094346634827,0.43400267254327357,0.43062118558433404,0.18159081997366133,0.587907742922325,0.5868117435177121,0.32235560277843,0,0.0,inf,0.6883704662322998
3,0.8,0.75,1.0,0.0,3,112,10,4,0.12294473958874783,0.25533008033921767,0.6666934138242835,0.6634336386939554,0.48800098419357296,0.897406368541996,0.8969792788487176,0.7526454569778374,0.5595850257342758,0.5569825551106515,0.29718032134708683,0.8357447021357427,0.8353020509100343,0.6777225590952062,0,0.0,inf,3.16371750831604
3,0.8,0.75,1.0,0.0,4,26,10,4,0.1382882463185352,0.2901609226444471,0.7230804848103718,0.7203448422236415,0.5343091665333222,0.9059896953135614,0.9056014712345598,0.78488266182146,0.4493405398500605,0.44604712366354227,0.17970860977101455,0.5839573365525113,0.5828476636274899,0.3153687444426345,0,0.0,inf,0.6632671356201172
3,0.8,0.75,1.0,0.0,5,38,10,4,0.1354146585804624,0.2779864051991455,0.6644327453611426,0.6611456277246758,0.5196296120871651,0.897406368541996,0.8969792788487176,0.7526454569778374,0.5385894891299944,0.535857729390388,0.29611690936499535,0.8357447021357429,0.8353020509100345,0.6777225590952062,0,0.0,inf,1.0949954986572266
3,0.8,0.75,1.0,0.0,6,33,10,4,0.1416010500781974,0.2835268156815124,0.7371234898385175,0.7345289068400446,0.5659722332879767,0.9083491277292126,0.907971490705844,0.7934094346634827,0.4628676845218972,0.4596586483093489,0.19854150986406954,0.5879077429223251,0.5868117435177123,0.32235560277843,0,0.0,inf,0.8129177093505859
3,0.8,0.75,1.0,0.0,7,23,10,4,0.14070562151301866,0.2956123885371894,0.7249094208679545,0.7221926034555893,0.5427222454826814,0.9059896953135614,0.9056014712345598,0.78488266182146,0.44779741820176033,0.44449587769819676,0.18384198127353374,0.5839573365525113,0.5828476636274897,0.3153687444426345,0,0.0,inf,0.3772768974304199
3,0.8,0.75,1.0,0.0,8,35,10,5,0.15063892454151026,0.2772538087631612,0.7754980138598573,0.77333037225196,0.6412871867349692,1.0,1.0,1.0,0.5447794043684331,0.5421301322926895,0.25927527601852834,0.7375733655715295,0.7367405406672013,0.4724246305454723,0,0.0,inf,0.7527904510498047
3,0.8,0.75,1.0,0.0,9,33,10,5,0.14464973291216152,0.27099735101942835,0.7697674106518034,0.7675444381572368,0.6218311743740803,1.0,1.0,1.0,0.5352275507161358,0.5325226891978331,0.24729768878839234,0.7375733655715295,0.7367405406672014,0.4724246305454723,0,0.0,inf,0.8835289478302002
3,0.8,0.75,1.0,0.25,0,27,10,5,0.1369688782957633,0.2717689662640417,0.7620985605616155,0.7598233371367129,0.5959516670114415,1.0,1.0,1.0,0.5309132890832502,0.5282135993942534,0.23496491194955335,0.7375733655715295,0.7367405406672014,0.4724246305454723,0.10666666666666667,0.20188255482373127,1.4489808854351365,0.45505690574645996
3,0.8,0.75,1.0,0.25,1,43,10,3,0.07356321597509853,0.25218721571203107,0.5466461777413953,0.5422144887351679,0.3534257521989183,0.7889606460971246,0.7883188157233194,0.6085417084158432,0.3843724549646974,0.3807360207055065,0.1869449147221104,0.6444080303082955,0.6436864403758702,0.44488729445134056,0.23076923076923078,0.364000364000364,1.4816632034003245,0.8477890491485596
3,0.8,0.75,1.0,0.25,2,40,10,4,0.11448491248147312,0.2657613440604172,0.6595100274692424,0.6561949012833669,0.4634418216279162,0.9083491277292126,0.907971490705844,0.7934094346634827,0.41947380945171825,0.41606084430948226,0.15832227322775702,0.5879077429223251,0.5868117435177123,0.32235560277843,0.16,0.264000264000264,1.4879493104490196,0.9820952415466309
3,0.8,0.75,1.0,0.25,3,1000,10,4,0.13108516650210691,0.2916869097500942,0.7071663172334033,0.7043199517949877,0.5323727393284646,0.9083491277292126,0.907971490705844,0.7934094346634827,0.45373367558910627,0.4505285568729694,0.18888300083536283,0.587907742922325,0.5868117435177121,0.32235560277843,0.16,0.26113069591330457,1.503733572653463,21.123349905014038
3,0.8,0.75,1.0,0.25,4,1000,10,4,0.13406802221180664,0.29324048564958866,0.723681430277866,0.7209948862519086,0.5625797516140342,0.9083491277292126,0.907971490705844,0.7934094346634827,0.47370053564729575,0.47061159858288193,0.20690844706767586,0.5879077429223251,0.5868117435177123,0.32235560277843,0.16,0.264000264000264,1.4976290356066642,21.532049417495728
3,0.8,0.75,1.0,0.25,5,63,10,4,0.10421820438079137,0.26065090317000156,0.6517089556841958,0.6483371117194769,0.47539772016072007,0.9000920107272863,0.8996771460213145,0.7622414951112423,0.3794209732570524,0.3757972551363924,0.15296959148053388,0.5740608484987776,0.5729166889125226,0.29646770121656035,0.24242424242424243,0.364000364000364,1.3371989707599075,1.894028902053833
3,0.8,0.75,1.0,0.25,6,1000,10,4,0.12702048707999405,0.28381814774973146,0.6826936097349354,0.6796112763736978,0.5078107907185332,0.9116055475593928,0.9112424542131328,0.8049349549879696,0.5394026848663475,0.5367022194444225,0.2857551305961013,0.8218349120156891,0.821362937249629,0.6293450096268156,0.16,0.26113069591330457,1.4779714526679433,21.829596281051636
3,0.8,0.75,1.0,0.25,7,59,10,5,0.13383322674777315,0.2626880027927614,0.7629936214834948,0.7607269581731546,0.5955156868932443,1.0,1.0,1.0,0.5309132890832502,0.5282135993942534,0.23496491194955335,0.7375733655715295,0.7367405406672014,0.4724246305454723,0.10666666666666667,0.20188255482373127,1.4489808854351367,1.7229859828948975
3,0.8,0.75,1.0,0.25,8,91,10,4,0.1114852829973793,0.279458727928159,0.7069477232364387,0.7040866608288385,0.5087977846083692,0.9083491277292126,0.907971490705844,0.7934094346634827,0.4519311764336939,0.4486984368055399,0.17175304333163605,0.587907742922325,0.5868117435177121,0.32235560277843,0.16,0.264000264000264,1.5177861673590947,2.6438260078430176
3,0.8,0.75,1.0,0.25,9,41,10,5,0.1541614426590231,0.2786176315323095,0.7841087426151221,0.7820365259144574,0.652631438435833,1.0,1.0,1.0,0.5500367581005553,0.5474359513469462,0.26408324943174205,0.7375733655715296,0.7367405406672015,0.4724246305454723,0.16,0.26113069591330457,1.3216565014784347,0.768355131149292
3,0.8,0.75,1.0,0.5,0,123,10,4,0.10615464445638624,0.26055002973930874,0.6393146550623328,0.635858640737363,0.46232912217160027,0.9116055475593928,0.9112424542131328,0.8049349549879696,0.5104244001027539,0.5076001805185915,0.2399675218905765,0.8218349120156891,0.821362937249629,0.6293450096268156,0.32,0.48533381866715203,0.5181800253835582,2.372436046600342
3,0.8,0.75,1.0,0.5,1,38,10,3,0.07635722179971995,0.27330927946177963,0.5433179653282844,0.53891744401667,0.35124356283993907,0.7849276230002521,0.7842712471813089,0.5998687124749003,0.4068560037524311,0.40341142480252545,0.17420551961269445,0.6768387497441453,0.6761799567006874,0.527325252875187,0.2972972972972973,0.4954954954954955,0.5050399427747537,0.7647342681884766
3,0.8,0.75,1.0,0.5,2,58,10,4,0.08751859314235792,0.23988852406522776,0.5782573148250421,0.57422233987824,0.39160423490444235,0.9037907607564276,0.9033926442098374,0.7752391372397232,0.46967078019302777,0.4666169452425831,0.21516716862971572,0.8294772696226799,0.829021252431157,0.6564476401607514,0.391304347826087,0.5689900426742532,0.4785501263870158,1.6422827243804932
3,0.8,0.75,1.0,0.5,3,28,10,5,0.12879332972047133,0.26063866202657904,0.7367833744847312,0.7342852406628831,0.5728486185362073,1.0,1.0,1.0,0.5111930710818913,0.5084050288469628,0.2269486143154826,0.7375733655715296,0.7367405406672015,0.4724246305454723,0.21333333333333335,0.3783310869925043,0.5925208988984132,0.6548845767974854
3,0.8,0.75,1.0,0.5,4,114,10,4,0.09470840640393856,0.2508146964044443,0.6556373987396406,0.6523420317331895,0.49035659298944445,0.8974063685419958,0.8969792788487174,0.7526454569778374,0.4120174855891981,0.4086307803609456,0.1744515725260713,0.5695438300688878,0.5683837947232321,0.28830015171599577,0.3870967741935484,0.560145637865845,0.47076229116313706,2.7354843616485596
3,0.8,0.75,1.0,0.5,5,42,10,5,0.13014561121478668,0.26617393473637146,0.7373754000767171,0.7348813597754557,0.561664391978229,1.0,1.0,1.0,0.528047865236689,0.525354006376688,0.2259977686302308,0.7375733655715295,0.7367405406672013,0.4724246305454723,0.21333333333333335,0.3783310869925043,0.5779961459066917,1.1607639789581299
3,0.8,0.75,1.0,0.5,6,36,10,3,0.08476484949495638,0.27162564194551836,0.5811125174444929,0.5770908645207156,0.40597490559925353,0.7926764584473263,0.7920479364188315,0.6178455857756018,0.4482106746860472,0.4450201644888236,0.19482178032666259,0.6710761095271227,0.670411439649869,0.5060781026638148,0.3,0.5385820603211907,0.5350868512047922,0.7957444190979004
3,0.8,0.75,1.0,0.5,7,64,10,4,0.10473502080977812,0.25668666528262274,0.6303635817912413,0.6268288209038217,0.44667139201867145,0.9116055475593928,0.9112424542131328,0.8049349549879696,0.5007212183213879,0.4978478281255498,0.2372822168234429,0.8218349120156891,0.821362937249629,0.6293450096268156,0.21333333333333335,0.3783310869925043,0.6588001015500594,1.281883955001831
3,0.8,0.75,1.0,0.5,8,114,10,3,0.07812206035743623,0.27029233616736364,0.5756662685164756,0.5715775518897842,0.394804948529961,0.7889606460971244,0.7883188157233192,0.6085417084158432,0.4050805176885048,0.40162573446242067,0.18176492909416056,0.6827081189134144,0.6820642499665682,0.536681216439622,0.29464285714285715,0.5271228675483994,0.54538472586308,2.307302236557007
3,0.8,0.75,1.0,0.5,9,47,10,4,0.10868521223519752,0.2504879155695935,0.6446488198333539,0.641243916400798,0.4782666268410368,0.9116055475593928,0.9112424542131328,0.8049349549879696,0.5127863192467869,0.5099757248888493,0.24999524595686295,0.8218349120156891,0.821362937249629,0.6293450096268156,0.32,0.48533381866715203,0.5181800253835581,0.9462342262268066
3,0.8,0.75,1.0,0.75,0,55,10,5,0.12561357531469014,0.24411119697727374,0.7195992124145613,0.7169433747614933,0.5568353552228311,1.0,1.0,1.0,0.4999971749095282,0.4971519482479392,0.2230625423434899,0.7375733655715295,0.7367405406672013,0.4724246305454723,0.48,0.6735707670287109,0.1828762433658787,1.0563955307006836
3,0.8,0.75,1.0,0.75,1,42,10,5,0.12987380696397505,0.2621945541298661,0.7365559520219457,0.7340633221684766,0.5623534884977452,1.0,1.0,1.0,0.5362596761960614,0.5336240767052789,0.2346345176032058,0.7375733655715295,0.7367405406672014,0.4724246305454723,0.32,0.5338672005338672,0.26807002117147327,0.8116168975830078
3,0.8,0.75,1.0,0.75,2,116,10,5,0.12157866739782328,0.25494597260528423,0.7194663661997328,0.7168151135785817,0.5408902825486556,1.0,1.0,1.0,0.5024444097519611,0.4996204792041427,0.2176190405286488,0.7375733655715296,0.7367405406672015,0.4724246305454723,0.32,0.5338672005338672,0.27339906317732654,2.3900861740112305
3,0.8,0.75,1.0,0.75,3,49,10,5,0.12025432975688553,0.25302941980370475,0.7341346737406604,0.7316220475946629,0.5477639158642826,1.0,1.0,1.0,0.4963837432536494,0.49352541473784467,0.20928041729915203,0.7375733655715296,0.7367405406672015,0.4724246305454723,0.32,0.5338672005338672,0.27339906317732654,1.0665476322174072
3,0.8,0.75,1.0,0.75,4,1000,10,4,0.09905966799231132,0.25645833504737886,0.6374962743406255,0.6340628115530946,0.4535456365375738,0.9116055475593928,0.9112424542131328,0.8049349549879696,0.5154357629318614,0.512678429655552,0.2260653725823724,0.821834912015689,0.8213629372496289,0.6293450096268156,0.48,0.6735707670287109,0.16655269813033258,22.680832624435425
3,0.8,0.75,1.0,0.75,5,83,10,4,0.09509008649979611,0.24106210146136683,0.6309658737076012,0.6274568271002234,0.4480582370706918,0.897406368541996,0.8969792788487176,0.7526454569778374,0.4635660737844992,0.46049934003006815,0.21423524907971186,0.8357447021357427,0.8353020509100343,0.6777225590952062,0.35294117647058826,0.5843681519357194,0.2574899929930161,2.532144784927368
3,0.8,0.75,1.0,0.75,6,1000,10,4,0.10792629805862247,0.2801284200194616,0.6345379738540057,0.6310657118696582,0.44874598546130845,0.897406368541996,0.8969792788487176,0.7526454569778374,0.5034345586501684,0.5005985010806918,0.22903799801169777,0.8357447021357429,0.8353020509100346,0.6777225590952062,0.3956043956043956,0.6213109661385523,0.22307800473499792,21.852783679962158
3,0.8,0.75,1.0,0.75,7,69,10,5,0.12260698467955264,0.24599016348219493,0.6988925977896006,0.6960415501466658,0.532275206544242,1.0,1.0,1.0,0.5032980037249664,0.5004726378245968,0.21909577483104523,0.7375733655715295,0.7367405406672014,0.4724246305454723,0.48,0.6735707670287109,0.18172336851568296,1.9210307598114014
3,0.8,0.75,1.0,0.75,8,1000,10,5,0.12210838810936814,0.25770312557093805,0.7103047220633224,0.7075648168789653,0.5289611334353478,1.0,1.0,1.0,0.5315768497431181,0.5289158968625917,0.22784974526704205,0.7375733655715296,0.7367405406672015,0.4724246305454723,0.32,0.5338672005338672,0.24351063095675643,25.240927934646606
3,0.8,0.75,1.0,0.75,9,29,10,3,0.0657552827458218,0.2517252803600753,0.6597671344897746,0.6565225626779648,0.4787145776983128,0.7889606460971244,0.7883188157233192,0.6085417084158432,0.4447722370051693,0.44158718233567096,0.20087436420956514,0.6827081189134145,0.6820642499665682,0.536681216439622,0.375,0.6042627993847506,0.24743677904498348,0.5897929668426514
3,0.8,0.75,1.0,1.0,0,1000,10,5,0.11140007384573807,0.24336140848807356,0.6663899354832111,0.6632444321227403,0.48658102422223826,1.0,1.0,1.0,0.4839715930608182,0.4810508247234024,0.21031502297457208,0.7375733655715295,0.7367405406672014,0.4724246305454723,0.44,0.64128,0.13259797067152718,24.023775339126587
3,0.8,0.75,1.0,1.0,1,35,10,4,0.08384078622198805,0.22717764741466484,0.5969275451529789,0.5931321862704964,0.3992418683923226,0.9116055475593928,0.9112424542131328,0.8049349549879696,0.47026149056337946,0.46726786033120926,0.1956921692953131,0.821834912015689,0.8213629372496289,0.6293450096268156,0.66,0.7748800000000001,0.09701814005099196,1.0280036926269531
3,0.8,0.75,1.0,1.0,2,42,10,5,0.10316994639978747,0.2250828970732999,0.6808824560204869,0.6778740026973418,0.4788458011332783,1.0,1.0,1.0,0.46012756208307803,0.45707231719908104,0.18039099316152585,0.7375733655715295,0.7367405406672013,0.4724246305454723,0.44,0.64128,0.13728731103491315,1.259749412536621
3,0.8,0.75,1.0,1.0,3,1000,10,5,0.1125887622778964,0.2434238065079523,0.6937771215042,0.6908899107086903,0.5121775538919423,1.0,1.0,1.0,0.4853288504193111,0.48241584451680775,0.21045623552089884,0.7375733655715296,0.7367405406672015,0.4724246305454723,0.44,0.64128,0.13336987345010914,24.594655990600586
3,0.8,0.75,1.0,1.0,4,58,10,5,0.1087598498814988,0.23426087836388387,0.6888384893083145,0.6859047852127909,0.5058911879400959,1.0,1.0,1.0,0.47674650043829175,0.47378500228935894,0.2041531692141063,0.7375733655715295,0.7367405406672013,0.4724246305454723,0.44,0.64128,0.13368328956942338,1.6532015800476074
3,0.8,0.75,1.0,1.0,5,63,10,5,0.11142211411273564,0.24351449329527108,0.6675109998680497,0.6643761399409122,0.4868131833277624,1.0,1.0,1.0,0.48532885041931095,0.48241584451680763,0.21045623552089884,0.7375733655715295,0.7367405406672013,0.4724246305454723,0.44,0.64128,0.13336987345010914,1.8515102863311768
3,0.8,0.75,1.0,1.0,6,1000,10,4,0.07602033012978471,0.2257348034246608,0.6320286774947879,0.6285589979645838,0.4384103087077939,0.9116055475593928,0.9112424542131328,0.8049349549879696,0.3749090139096575,0.3713707079661183,0.1453688876177596,0.5933517525706161,0.5922745061043153,0.3316882713421359,0.44,0.64128,0.13587810218028845,23.704861164093018
3,0.8,0.75,1.0,1.0,7,1000,10,5,0.10386296889626319,0.22448491888006242,0.6457445064937204,0.6424044220093602,0.4637839940632526,1.0,1.0,1.0,0.48872303514029825,0.48582924010697703,0.2101495570340163,0.7375733655715295,0.7367405406672014,0.4724246305454723,0.44,0.64128,0.13336987345010914,24.10524296760559
3,0.8,0.75,1.0,1.0,8,44,10,4,0.08553969928988517,0.23124742575092871,0.5929786479534479,0.589146105974274,0.4081140351458903,0.9116055475593928,0.9112424542131328,0.8049349549879696,0.48566643435899837,0.48275985973001717,0.20720882531425172,0.8218349120156891,0.821362937249629,0.6293450096268156,0.66,0.7748800000000001,0.09701814005099194,1.1329760551452637
3,0.8,0.75,1.0,1.0,9,56,10,3,0.05782422844278677,0.2326392745335872,0.5003220997638788,0.495595590170494,0.30658806685280127,0.792676458447326,0.7920479364188314,0.6178455857756018,0.3572339850728602,0.3535819638593236,0.15119367231394248,0.6710761095271226,0.6704114396498689,0.5060781026638148,0.32673267326732675,0.5621782178217822,0.20672449381542918,1.6792502403259277
3,0.8,1.0,0.0,0.0,0,35,10,4,0.17102218956506818,0.27589374948403245,0.7215989408422725,0.7186661184666939,0.5850724306808477,0.897406368541996,0.8969792788487176,0.7526454569778374,0.5923901964070524,0.5897627823648084,0.3895106145869347,0.8357447021357429,0.8353020509100345,0.6777225590952062,0,0.0,inf,0.8813865184783936
3,0.8,1.0,0.0,0.0,1,23,10,3,0.15455098573510803,0.2895617144585759,0.6496973666911572,0.6458541136384462,0.482546230383154,0.7889606460971244,0.7883188157233192,0.6085417084158432,0.4886350145463641,0.4851731133092254,0.3025682962790902,0.6827081189134144,0.6820642499665682,0.536681216439622,0,0.0,inf,0.6607060432434082
3,0.8,1.0,0.0,0.0,2,30,10,3,0.13374208609177432,0.25776520170704037,0.5895736980604759,0.5850826237435146,0.44156531381360714,0.7849276230002521,0.7842712471813089,0.5998687124749003,0.3021404775002043,0.2974312813963954,0.11732298348843408,0.37430486447919226,0.373029329116335,0.14414618051325584,0,0.0,inf,0.6152079105377197
3,0.8,1.0,0.0,0.0,3,115,10,4,0.14504179079764332,0.22706454556106917,0.6065625411277462,0.6022508982720309,0.4384598192501455,0.897406368541996,0.8969792788487176,0.7526454569778374,0.5280217141414837,0.5248308828926385,0.3160691533594201,0.8357447021357429,0.8353020509100345,0.6777225590952062,0,0.0,inf,3.332369327545166
3,0.8,1.0,0.0,0.0,4,30,10,3,0.15102087509520243,0.2872484776496365,0.6348051025304108,0.6307983527316342,0.4815324276879497,0.789789857030486,0.789150994948784,0.6112350182388241,0.4933968191230332,0.48996703844197137,0.30194620376170483,0.6668307613228104,0.6661552998165207,0.4990750972068573,0,0.0,inf,0.5707149505615234
3,0.8,1.0,0.0,0.0,5,24,10,4,0.18682777591745403,0.3020770080515412,0.7640617663696937,0.7615625685208378,0.6173945812411252,0.9116055475593928,0.9112424542131328,0.8049349549879696,0.6512050154483422,0.6489415601145283,0.4433633107146269,0.8218349120156891,0.821362937249629,0.6293450096268156,0,0.0,inf,0.40271520614624023
3,0.8,1.0,0.0,0.0,6,27,10,3,0.13232116573569006,0.2548737314378472,0.5914139823420661,0.5869430452663925,0.43778064026650976,0.7849276230002521,0.7842712471813089,0.5998687124749003,0.2685815872230226,0.26364593380187945,0.08886371224029388,0.37430486447919226,0.373029329116335,0.14414618051325584,0,0.0,inf,0.6129782199859619
3,0.8,1.0,0.0,0.0,7,38,10,5,0.16798126669646574,0.24774966565128487,0.7688092627438549,0.766461513477999,0.6831750994100553,1.0,1.0,1.0,0.49464608430880114,0.4915284610962547,0.26950796421553636,0.7375733655715295,0.7367405406672013,0.4724246305454723,0,0.0,inf,0.8448796272277832
3,0.8,1.0,0.0,0.0,8,27,10,3,0.13463232075804954,0.2731069148432335,0.6083732583468459,0.6040763585986653,0.43639834762048924,0.7889606460971244,0.7883188157233192,0.6085417084158432,0.4295372136181644,0.4256749249960913,0.26326578262187744,0.6827081189134145,0.6820642499665682,0.536681216439622,0,0.0,inf,0.7723186016082764
3,0.8,1.0,0.0,0.0,9,43,10,3,0.12436050945280464,0.2606561635234908,0.5240616455434909,0.5187533719538772,0.34538138762662596,0.7250071641342934,0.7241254949570672,0.44647024161769056,0.3754913176256481,0.3711765007757392,0.1807559809112583,0.5880574779608787,0.5871603983222972,0.34186166083827674,0,0.0,inf,1.2912132740020752
3,0.8,1.0,0.0,0.25,0,36,10,3,0.12983632745519097,0.2851243389414866,0.6144080528802871,0.6103291140208558,0.4531620058868785,0.8021489417124285,0.8015540214626932,0.6413806962628472,0.4631941133968401,0.4597123132236067,0.28895579081734296,0.6640652098143663,0.6633936463526338,0.47901294122685556,0,0.0,inf,1.0830433368682861
3,0.8,1.0,0.0,0.25,1,33,10,4,0.16429602316161365,0.29006495334718757,0.7207289226099577,0.7178586654632569,0.5815222831806988,0.9059896953135614,0.9056014712345598,0.78488266182146,0.4537986632285279,0.4503766692269264,0.20286746508378709,0.5839573365525113,0.5828476636274899,0.3153687444426345,0,0.0,inf,0.8848404884338379
3,0.8,1.0,0.0,0.25,2,33,10,4,0.16333012159501548,0.2940235430345106,0.7263776821708287,0.7235723440441443,0.5742019849439793,0.9083491277292126,0.907971490705844,0.7934094346634827,0.48974099816771766,0.48655366111870885,0.21716818698881268,0.5879077429223251,0.5868117435177123,0.32235560277843,0,0.0,inf,0.8533854484558105
3,0.8,1.0,0.0,0.25,3,38,10,4,0.1414045896463962,0.26014818003263573,0.6823812949722096,0.6791194685129541,0.5130563693085551,0.9083491277292126,0.907971490705844,0.7934094346634827,0.43256285613238443,0.4290111989903234,0.17235001081422904,0.587907742922325,0.5868117435177121,0.32235560277843,0,0.0,inf,1.0945210456848145
3,0.8,1.0,0.0,0.25,4,113,2,2,0.30254059460160804,0.3025405946016079,0.5933918153386777,0.5926772493795246,0.3814880303054271,0.5976802337166613,0.5969738544387009,0.39109438552078163,0.35018950663915355,0.3493839445111943,0.189828214412545,0.3422002806825873,0.34138587962167677,0.174960691641255,0.5748502994011976,0.6946705741886464,0.039004223156157244,2.4269542694091797
3,0.8,1.0,0.0,0.25,5,34,10,4,0.16567104782609618,0.29076195386073556,0.7316322808936415,0.7288773399344765,0.5887608929680259,0.9083491277292126,0.907971490705844,0.7934094346634827,0.4622093922426571,0.4588449224041863,0.20666519682713028,0.5879077429223251,0.5868117435177123,0.32235560277843,0,0.0,inf,0.6845190525054932
3,0.8,1.0,0.0,0.25,6,216,10,3,0.125650510940101,0.28062799230038915,0.590187571996559,0.5858594080370123,0.4242201170882935,0.7916267295012033,0.7909944647108239,0.6144266258107057,0.46726386772795375,0.4638152708690573,0.2773104007775732,0.6865809274896538,0.6859468433771049,0.542968341433499,0,0.0,inf,5.545536518096924
3,0.8,1.0,0.0,0.25,7,19,10,3,0.13702224414410513,0.29228357215909884,0.6135172437595948,0.6094354721435034,0.4546759144219847,0.7916267295012033,0.7909944647108239,0.6144266258107057,0.46627302539879284,0.46281801445319,0.2797983513910078,0.6865809274896538,0.6859468433771049,0.542968341433499,0,0.0,inf,0.5080347061157227
3,0.8,1.0,0.0,0.25,8,125,10,5,0.14722174161791107,0.21654122329202002,0.7305199906517421,0.7277699022573612,0.5937043808313817,1.0,1.0,1.0,0.4971087164675224,0.4939850306459868,0.2328390834569052,0.7375733655715295,0.7367405406672014,0.4724246305454723,0,0.0,inf,2.5372400283813477
3,0.8,1.0,0.0,0.25,9,41,2,2,0.30254059460160804,0.3025405946016079,0.5933918153386777,0.5926772493795246,0.3814880303054271,0.5976802337166613,0.5969738544387009,0.39109438552078163,0.35018950663915355,0.3493839445111943,0.189828214412545,0.3422002806825873,0.34138587962167677,0.174960691641255,0.5748502994011976,0.6946705741886464,0.039004223156157244,0.7670655250549316
3,0.8,1.0,0.0,0.5,0,39,10,3,0.10109243353779841,0.25417205598474174,0.5527079474911766,0.5481206070231275,0.37489429610385344,0.792676458447326,0.7920479364188314,0.6178455857756018,0.4160839174757605,0.412432937870878,0.2078185842398949,0.6710761095271226,0.6704114396498689,0.5060781026638148,0,0.0,inf,0.6769838333129883
3,0.8,1.0,0.0,0.5,1,1000,10,3,0.10542213069987459,0.26588533509510315,0.559138183625906,0.5546107313088746,0.3844620242824277,0.7889606460971244,0.7883188157233192,0.6085417084158432,0.4112191839431855,0.40753179423358443,0.20789490913006767,0.6827081189134144,0.6820642499665682,0.536681216439622,0,0.0,inf,21.470584869384766
3,0.8,1.0,0.0,0.5,2,37,10,3,0.09890605463619227,0.2581155499402808,0.5484077575275117,0.5437762951021298,0.3646990418498422,0.792676458447326,0.7920479364188314,0.6178455857756018,0.4227335355813132,0.41912411419552126,0.2262959821241046,0.6710761095271226,0.6704114396498689,0.5060781026638148,0,0.0,inf,0.9996871948242188
3,0.8,1.0,0.0,0.5,3,33,10,5,0.1493283870171479,0.2557846941620295,0.747036810726889,0.7445610022448785,0.6220429059641841,1.0,1.0,1.0,0.5313928550532404,0.5286222141511082,0.25964188819505735,0.7375733655715295,0.7367405406672013,0.4724246305454723,0,0.0,inf,0.7459871768951416
3,0.8,1.0,0.0,0.5,4,55,10,4,0.14426379174294873,0.27588058523673703,0.6953524402994138,0.6922936290584512,0.5419536950503975,0.9083491277292126,0.907971490705844,0.7934094346634827,0.438255270597247,0.43483104357551183,0.18583134738867768,0.5879077429223251,0.5868117435177123,0.32235560277843,0,0.0,inf,1.5108072757720947
3,0.8,1.0,0.0,0.5,5,52,10,5,0.16304783956898164,0.2726268381797314,0.7857438442228081,0.7836448509527023,0.6837261753795169,1.0,1.0,1.0,0.5794050703848642,0.5769154299634373,0.29746447232938483,0.7375733655715296,0.7367405406672015,0.4724246305454723,0,0.0,inf,1.3801319599151611
3,0.8,1.0,0.0,0.5,6,26,10,4,0.11297141782761409,0.21326359621976854,0.6046273531532393,0.6005871554973783,0.4217846987997732,0.9083491277292126,0.907971490705844,0.7934094346634827,0.3380791219160296,0.333958564996655,0.11651153201495806,0.5879077429223251,0.5868117435177123,0.32235560277843,0,0.0,inf,0.7250590324401855
3,0.8,1.0,0.0,0.5,7,24,10,4,0.1472468376123347,0.2750925477336808,0.7024670201672336,0.6994796428051302,0.5504701027239944,0.9083491277292126,0.907971490705844,0.7934094346634827,0.4400435773528175,0.4366302513115367,0.1903000431375974,0.5879077429223251,0.5868117435177123,0.32235560277843,0,0.0,inf,0.6101350784301758
3,0.8,1.0,0.0,0.5,8,27,10,3,0.10625155608278894,0.26383632369156595,0.5431740825585887,0.5383983517078091,0.34206472440355146,0.7595386266093844,0.7587891678710779,0.523012647821584,0.37368685134305796,0.3696782581950599,0.13545070109783297,0.6000310519393101,0.5991924558208827,0.34859032320172656,0,0.0,inf,0.7112305164337158
3,0.8,1.0,0.0,0.5,9,40,10,3,0.1118841089957065,0.2813541509837279,0.5723586796716621,0.5679809282753528,0.4209213357663572,0.7849276230002521,0.7842712471813089,0.5998687124749003,0.46913743166544686,0.4658255678962389,0.26561594096347524,0.6768387497441453,0.6761799567006874,0.527325252875187,0,0.0,inf,1.029536247253418
3,0.8,1.0,0.0,0.75,0,30,10,3,0.0935846165130471,0.26101757855495406,0.5652999442050528,0.5609517823535886,0.38693068469068054,0.7849276230002521,0.7842712471813089,0.5998687124749003,0.2824611002977567,0.2781055976262834,0.09697143656866836,0.37430486447919226,0.373029329116335,0.14414618051325584,0,0.0,inf,0.7832908630371094
3,0.8,1.0,0.0,0.75,1,1000,10,4,0.1264089410051693,0.27034314146268373,0.6419263213798301,0.6383968123834867,0.4814798707074805,0.897406368541996,0.8969792788487176,0.7526454569778374,0.5195813479091859,0.5167158132947552,0.29595367913239123,0.8357447021357428,0.8353020509100344,0.6777225590952062,0,0.0,inf,20.944753885269165
3,0.8,1.0,0.0,0.75,2,114,10,5,0.1478441429312265,0.26862106429481447,0.7518530395457428,0.7494535813902429,0.6197561386133248,1.0,1.0,1.0,0.5759354126783915,0.5734632214216133,0.2795093839997023,0.7375733655715295,0.7367405406672013,0.4724246305454723,0,0.0,inf,2.966134786605835
3,0.8,1.0,0.0,0.75,3,46,10,5,0.14671537127877504,0.25678437536663246,0.7396012592510323,0.7370827783980346,0.6205359723659334,1.0,1.0,1.0,0.5392270729489423,0.5365401763063019,0.26294148436014986,0.7375733655715295,0.7367405406672014,0.4724246305454723,0,0.0,inf,0.9878082275390625
3,0.8,1.0,0.0,0.75,4,31,10,4,0.12003649744276958,0.24730990772138758,0.6315036734593226,0.6278798638116561,0.48670954399877836,0.9083491277292126,0.907971490705844,0.7934094346634827,0.42425919519292027,0.42083467998619095,0.18905478493181205,0.5879077429223251,0.5868117435177123,0.32235560277843,0,0.0,inf,0.8245296478271484
3,0.8,1.0,0.0,0.75,5,56,10,4,0.13080798946611907,0.27912323589762833,0.6978476436444132,0.6948701484958536,0.5127364071424741,0.897406368541996,0.8969792788487176,0.7526454569778374,0.5791897864981855,0.5766806027535214,0.3206956201086705,0.8357447021357429,0.8353020509100346,0.6777225590952062,0,0.0,inf,1.6680598258972168
3,0.8,1.0,0.0,0.75,6,38,10,4,0.10390849999957141,0.23780538759086936,0.6206252283503485,0.6168877527072041,0.47046237416042175,0.9037907607564276,0.9033926442098374,0.7752391372397232,0.49516243455492087,0.4921531785850964,0.2871090957460262,0.8294772696226799,0.829021252431157,0.6564476401607514,0,0.0,inf,0.9900317192077637
3,0.8,1.0,0.0,0.75,7,1000,10,4,0.11998519103746484,0.263455314432328,0.6576542781971957,0.6542807062082405,0.4722689573837881,0.897406368541996,0.8969792788487176,0.7526454569778374,0.5077915181541073,0.5048566047845955,0.2814464977984408,0.8357447021357427,0.8353020509100343,0.6777225590952062,0,0.0,inf,21.602025747299194
3,0.8,1.0,0.0,0.75,8,1000,10,4,0.12319820997043904,0.2612574218962311,0.6528340006998749,0.6494063435803342,0.4846454602284916,0.9083491277292126,0.907971490705844,0.7934094346634827,0.4257127042883412,0.4222804463170421,0.1721592659883092,0.5879077429223251,0.5868117435177123,0.32235560277843,0,0.0,inf,22.898809909820557
3,0.8,1.0,0.0,0.75,9,28,10,4,0.130148117271213,0.27409987143897163,0.6779323037529152,0.6747612303451181,0.5207818751816065,0.9116055475593928,0.9112424542131328,0.8049349549879696,0.5799518886858961,0.57744978882689,0.31942224735602653,0.821834912015689,0.8213629372496289,0.6293450096268156,0,0.0,inf,0.6713650226593018
3,0.8,1.0,0.0,1.0,0,33,10,3,0.0715145353610461,0.2290766751577861,0.5385629612534022,0.5340715250545925,0.34449127228886195,0.8019282820082536,0.8013325861275414,0.6406540834881669,0.2646284700075892,0.2603069743554107,0.08432444260545859,0.4045942902943182,0.40340372512137557,0.185435262866209,0,0.0,inf,0.9475560188293457
3,0.8,1.0,0.0,1.0,1,30,10,5,0.13173678502141645,0.2541407579679964,0.7105546450868834,0.7077832928769815,0.5782686184485473,1.0,1.0,1.0,0.5424243027124782,0.5397872591833027,0.2587705748459165,0.7375733655715295,0.7367405406672013,0.4724246305454723,0,0.0,inf,0.7824885845184326
3,0.8,1.0,0.0,1.0,2,116,10,5,0.12821127679958014,0.24902375752740513,0.6969225632898932,0.6940207494538716,0.5458122103178425,1.0,1.0,1.0,0.5419879284073835,0.5393484363194299,0.2565517898766618,0.7375733655715296,0.7367405406672015,0.4724246305454723,0,0.0,inf,2.8473899364471436
3,0.8,1.0,0.0,1.0,3,28,10,4,0.09841793947906273,0.2254970166169345,0.6058774462973298,0.6020709007797937,0.4383644105604382,0.9059896953135614,0.9056014712345598,0.78488266182146,0.3880852925405902,0.38452227182160875,0.1539496932732776,0.5839573365525113,0.5828476636274899,0.3153687444426345,0,0.0,inf,0.6106760501861572
3,0.8,1.0,0.0,1.0,4,26,10,4,0.11509777990648398,0.26074550111348116,0.6555008595550618,0.6521687675409515,0.49036144865981224,0.9116055475593928,0.9112424542131328,0.8049349549879696,0.5530750925717375,0.5504682524811273,0.2815313456886849,0.8218349120156891,0.821362937249629,0.6293450096268156,0,0.0,inf,0.4543449878692627
3,0.8,1.0,0.0,1.0,5,51,10,3,0.08201879234327293,0.2569630209837581,0.5880343190966653,0.5840033130617455,0.37929919175325083,0.7889606460971244,0.7883188157233192,0.6085417084158432,0.41610839469279476,0.4126554006983449,0.21533250640031718,0.6827081189134144,0.6820642499665682,0.536681216439622,0,0.0,inf,0.9896619319915771
3,0.8,1.0,0.0,1.0,6,23,10,5,0.1303686144833736,0.24973088740671123,0.715947310509669,0.7132273818001478,0.5853433677357016,1.0,1.0,1.0,0.5436374860144035,0.5410071932667876,0.258830894788992,0.7375733655715296,0.7367405406672015,0.4724246305454723,0,0.0,inf,0.4380824565887451
3,0.8,1.0,0.0,1.0,7,29,10,5,0.12942813255411817,0.24954660421915137,0.7077190064448363,0.7049202823109797,0.5639008061124785,1.0,1.0,1.0,0.5468633083285976,0.5442516014859098,0.2600854335329913,0.7375733655715295,0.7367405406672013,0.4724246305454723,0,0.0,inf,0.48451828956604004
3,0.8,1.0,0.0,1.0,8,38,10,4,0.09920798230418845,0.22361164686749166,0.6091061594618766,0.6053312817547587,0.4411493575236993,0.9059896953135614,0.9056014712345598,0.78488266182146,0.3366448785341488,0.3327829272418455,0.13791456714259606,0.5839573365525113,0.5828476636274899,0.3153687444426345,0,0.0,inf,0.7155635356903076
3,0.8,1.0,0.0,1.0,9,1000,10,4,0.10071285374124077,0.24146346048523915,0.6224499833608359,0.6188045738858651,0.4403509945832771,0.9059896953135614,0.9056014712345598,0.78488266182146,0.402080045330852,0.3985997389168571,0.17330847464656637,0.5839573365525113,0.5828476636274899,0.3153687444426345,0,0.0,inf,21.675692319869995
3,0.8,1.0,0.25,0.0,0,67,10,4,0.1692253921682378,0.3038874442738907,0.7555017492793764,0.7529834211928513,0.5861752374089823,0.9116055475593928,0.9112424542131328,0.8049349549879696,0.6353453785943801,0.6330547595105818,0.4075548420465429,0.821834912015689,0.8213629372496289,0.6293450096268156,0,0.0,inf,2.0277209281921387
3,0.8,1.0,0.25,0.0,1,110,10,4,0.16650857879462214,0.3038477727718476,0.752115655991709,0.7495624511982759,0.5818315937042284,0.9116055475593928,0.9112424542131328,0.8049349549879696,0.6335275901198661,0.6312255523929858,0.40562380367711215,0.821834912015689,0.8213629372496289,0.6293450096268156,0,0.0,inf,3.4066991806030273
3,0.8,1.0,0.25,0.0,2,26,10,4,0.1401654213037048,0.23180979768774196,0.6467558596246603,0.643025608099018,0.4619489381142297,0.9059896953135614,0.9056014712345598,0.78488266182146,0.46861627243027465,0.4651769619635121,0.2549916220854102,0.5839573365525113,0.5828476636274897,0.3153687444426345,0,0.0,inf,0.7054383754730225
3,0.8,1.0,0.25,0.0,3,26,10,3,0.1324342737817026,0.2862669552170958,0.6076309917959315,0.6034866696189612,0.44872347067963403,0.7926764584473263,0.7920479364188315,0.6178455857756018,0.4706178550279956,0.46719058071519354,0.2670116925608052,0.6710761095271227,0.670411439649869,0.5060781026638148,0,0.0,inf,0.6270101070404053
3,0.8,1.0,0.25,0.0,4,111,10,3,0.13588310603341558,0.2849983669390706,0.601382723953165,0.5971714686500476,0.45726882627460413,0.7921997857472497,0.7915695648752535,0.6162892627615703,0.45325412267016324,0.44971346841903176,0.2958725765737338,0.6492493065110276,0.6485401515758275,0.45307203333420376,0,0.0,inf,2.790846109390259
3,0.8,1.0,0.25,0.0,5,31,10,4,0.16440305940310754,0.29778991111455316,0.736875618973336,0.7341731674491819,0.5716035655765754,0.9083491277292126,0.907971490705844,0.7934094346634827,0.48526646188937184,0.4820443097167678,0.2120772669779912,0.587907742922325,0.5868117435177121,0.32235560277843,0,0.0,inf,0.7338500022888184
3,0.8,1.0,0.25,0.0,6,23,10,3,0.10835267448265257,0.25079630229498845,0.5374789080565768,0.5325984124895001,0.395635393937548,0.792676458447326,0.7920479364188314,0.6178455857756018,0.41994414574560285,0.41619330893061396,0.24714657498719214,0.6710761095271226,0.6704114396498689,0.5060781026638148,0,0.0,inf,0.5765361785888672
3,0.8,1.0,0.25,0.0,7,35,10,3,0.13110142175312894,0.28489103372735003,0.6338630199620882,0.6299824646867206,0.4476767754881533,0.8021489417124285,0.8015540214626932,0.6413806962628472,0.31330367331688086,0.3088392355450985,0.09682610551632011,0.40498555723662083,0.40379607055457095,0.18615098045841807,0,0.0,inf,0.8971841335296631
3,0.8,1.0,0.25,0.0,8,36,2,2,0.30254059460160804,0.3025405946016079,0.5933918153386777,0.5926772493795246,0.3814880303054271,0.5976802337166613,0.5969738544387009,0.39109438552078163,0.35018950663915355,0.3493839445111943,0.189828214412545,0.3422002806825873,0.34138587962167677,0.174960691641255,0.5748502994011976,0.6946705741886464,0.039004223156157244,0.7692606449127197
3,0.8,1.0,0.25,0.0,9,30,10,4,0.13049118721453512,0.2455275621076896,0.6665659994947772,0.663142966259047,0.533905061883507,0.9083491277292126,0.907971490705844,0.7934094346634827,0.4352247767135591,0.4316913074171247,0.20639836824306473,0.5879077429223251,0.5868117435177123,0.32235560277843,0,0.0,inf,0.8783206939697266
3,0.8,1.0,0.25,0.25,0,24,10,4,0.1562521836564986,0.29981468987664656,0.7365511942958957,0.7339013784797654,0.5703416029875953,0.9116055475593928,0.9112424542131328,0.8049349549879696,0.6180216916063157,0.6156883088616129,0.3661955132255574,0.821834912015689,0.8213629372496289,0.6293450096268156,0.09523809523809523,0.19066685733352398,2.0894903407493755,0.6675338745117188
3,0.8,1.0,0.25,0.25,1,37,10,3,0.11363230279756445,0.2774907916369901,0.5669705304736989,0.5625469066701102,0.41524901105725354,0.7852802150932446,0.7846251091678986,0.6010060305727019,0.29291670196427166,0.2885166692927196,0.11165567673935715,0.37493597278931157,0.3736622250862697,0.14532804951821357,0.24087591240875914,0.374251497005988,2.012296633573166,0.8500299453735352
3,0.8,1.0,0.25,0.25,2,32,10,4,0.13343274297156418,0.26071625429392864,0.6737458532748749,0.670475035833914,0.4988959529841241,0.897406368541996,0.8969792788487176,0.7526454569778374,0.5201822628513081,0.5172627701706288,0.3064921993576332,0.8357447021357429,0.8353020509100346,0.6777225590952062,0.24,0.4067337024065077,1.749370879380782,0.8336527347564697
3,0.8,1.0,0.25,0.25,3,83,10,3,0.10482308615250707,0.27186794236769063,0.5601127556425638,0.5556001947614189,0.3721494562280947,0.7916267295012033,0.7909944647108239,0.6144266258107057,0.39861162187219995,0.3948502152084468,0.1867514841287755,0.6865809274896537,0.6859468433771048,0.542968341433499,0.2323943661971831,0.39992217730603774,2.0416557287249018,1.5993797779083252
3,0.8,1.0,0.25,0.25,4,65,10,4,0.14875938737241712,0.2861804749590649,0.7094358148935773,0.7065131061310272,0.5503964863423555,0.9059896953135614,0.9056014712345598,0.78488266182146,0.4388818027638677,0.4354538871802767,0.18579637530825346,0.5839573365525113,0.5828476636274899,0.3153687444426345,0.09523809523809523,0.19066685733352398,2.069527067510154,1.6989424228668213
3,0.8,1.0,0.25,0.25,5,1000,10,3,0.10527831125318841,0.2593121005963034,0.5440577102882492,0.5393903406474677,0.3866138242764283,0.7852802150932446,0.7846251091678986,0.6010060305727019,0.2925407441391739,0.28812726881940465,0.0957753662787667,0.37493597278931157,0.3736622250862697,0.14532804951821357,0.24242424242424243,0.3841373856061462,2.0063779967669317,23.5650897026062
3,0.8,1.0,0.25,0.25,6,38,10,4,0.14578751542072857,0.2797775348519208,0.6957984905953147,0.6927413935115974,0.5345216762730879,0.9083491277292126,0.907971490705844,0.7934094346634827,0.4484084232724317,0.4450424177081631,0.19366250073567848,0.5879077429223251,0.5868117435177123,0.32235560277843,0.09523809523809523,0.1921921921921922,2.066589136051088,1.0861353874206543
3,0.8,1.0,0.25,0.25,7,111,10,4,0.12879363156977575,0.24546757392041407,0.651640283498877,0.6480755435446616,0.4518280558831337,0.9083491277292126,0.907971490705844,0.7934094346634827,0.47497221054793193,0.4716983116740634,0.23050404320017343,0.5879077429223251,0.5868117435177123,0.32235560277843,0.24242424242424243,0.37830476231652216,2.04387008029006,2.61574649810791
3,0.8,1.0,0.25,0.25,8,51,10,4,0.1358294347169185,0.26518245469947443,0.6709478288227634,0.6676433141020222,0.5016490914361458,0.9083491277292126,0.907971490705844,0.7934094346634827,0.43177500019571846,0.4283104235317682,0.18604997033424334,0.5879077429223251,0.5868117435177123,0.32235560277843,0.08695652173913043,0.1792837613733136,2.103052385729113,1.4333324432373047
3,0.8,1.0,0.25,0.25,9,33,10,3,0.12063400577567225,0.2837984511950769,0.6069989131435755,0.6029615858002164,0.43235422473546375,0.8019282820082536,0.8013325861275414,0.6406540834881669,0.30901138798617567,0.30468210247242555,0.1021308229784094,0.4045942902943182,0.40340372512137557,0.185435262866209,0.09523809523809523,0.19066685733352398,2.3689468502409374,0.9316377639770508
3,0.8,1.0,0.25,0.5,0,34,2,2,0.30254059460160804,0.3025405946016079,0.5933918153386777,0.5926772493795246,0.3814880303054271,0.5976802337166613,0.5969738544387009,0.39109438552078163,0.35018950663915355,0.3493839445111943,0.189828214412545,0.3422002806825873,0.34138587962167677,0.174960691641255,0.5748502994011976,0.6946705741886464,0.039004223156157244,0.8419363498687744
3,0.8,1.0,0.25,0.5,1,1000,10,3,0.08874760097177943,0.2522945012304118,0.5398559335687797,0.5352415946268116,0.3609747769678107,0.7889606460971246,0.7883188157233194,0.6085417084158432,0.39147483444437864,0.38776976700737226,0.19471348688772921,0.6444080303082955,0.6436864403758702,0.44488729445134056,0.24242424242424243,0.39363504067562083,1.4151526836738848,21.036513328552246
3,0.8,1.0,0.25,0.5,2,1000,10,4,0.1142010130322616,0.26215286639648117,0.6192954966974676,0.615525309907124,0.43793989076941836,0.897406368541996,0.8969792788487176,0.7526454569778374,0.5196071002131495,0.5167255244383092,0.2975543718035985,0.8357447021357428,0.8353020509100344,0.6777225590952062,0.23417721518987342,0.4043008872765418,1.1975545856020138,24.96644639968872
3,0.8,1.0,0.25,0.5,3,99,10,5,0.13955992729647032,0.26225086923731883,0.7506923810884574,0.748282824443554,0.596648771099447,1.0,1.0,1.0,0.5914226833850732,0.5890421060456327,0.28213248007284647,0.7375733655715295,0.7367405406672014,0.4724246305454723,0.17391304347826086,0.333667000333667,1.1850354843459767,2.1811532974243164
3,0.8,1.0,0.25,0.5,4,1000,10,3,0.09607084070482426,0.2662770762152367,0.5711845044059058,0.5668821943911359,0.38673846786019517,0.7889606460971244,0.7883188157233192,0.6085417084158432,0.40964978940533947,0.4060532192516217,0.19062394623034742,0.6827081189134144,0.6820642499665682,0.536681216439622,0.2323943661971831,0.41646031245779114,1.4680102251386054,21.341726541519165
3,0.8,1.0,0.25,0.5,5,1000,10,4,0.13692248527397752,0.28668482081336416,0.7017101265398233,0.698766040617057,0.5276678275886343,0.9116055475593928,0.9112424542131328,0.8049349549879696,0.5848362972628731,0.5823560586858639,0.32869118073922493,0.8218349120156891,0.821362937249629,0.6293450096268156,0.19047619047619047,0.36126351915825594,1.3601309402192268,21.628546953201294
3,0.8,1.0,0.25,0.5,6,49,10,4,0.12284218059035529,0.25831408808757483,0.6557562152927814,0.6523573448119159,0.47750860271519324,0.9083491277292126,0.907971490705844,0.7934094346634827,0.4523936992953813,0.44912082260925906,0.18068167300508214,0.587907742922325,0.5868117435177121,0.32235560277843,0.17391304347826086,0.3407662982131067,1.4039052570017079,1.420715570449829
3,0.8,1.0,0.25,0.5,7,63,10,4,0.12433795510310129,0.2685768917816934,0.6698302608746309,0.6665797396928101,0.4943265667303303,0.9083491277292126,0.907971490705844,0.7934094346634827,0.43894834238279945,0.43560672804999684,0.17992670087612794,0.5879077429223251,0.5868117435177123,0.32235560277843,0.17391304347826086,0.33600033600033596,1.3812768825507908,1.8662035465240479
3,0.8,1.0,0.25,0.5,8,35,10,4,0.10489712533778854,0.22987877633195034,0.6057112541290988,0.6018293683587507,0.4518978286047926,0.9037907607564276,0.9033926442098374,0.7752391372397232,0.47170142093305656,0.4685547605394741,0.2730986575103911,0.8294772696226799,0.829021252431157,0.6564476401607514,0.24242424242424243,0.42147410568463195,1.224074680272421,0.5780084133148193
3,0.8,1.0,0.25,0.5,9,44,10,4,0.13271284040984763,0.28628099297780657,0.6894841201812328,0.6864199330947548,0.5082355388792517,0.9116055475593928,0.9112424542131328,0.8049349549879696,0.583717419320877,0.5812310514519843,0.32698799289131647,0.8218349120156891,0.821362937249629,0.6293450096268156,0.19047619047619047,0.3585675227466272,1.3632210188561016,0.9005827903747559
3,0.8,1.0,0.25,0.75,0,68,10,4,0.09591817867165346,0.2400839496450632,0.5891344044521166,0.5851166212392449,0.38648086982551877,0.9000920107272863,0.8996771460213145,0.7622414951112423,0.41863846394410337,0.4152030861592947,0.18806272902556656,0.5740608484987777,0.5729166889125227,0.29646770121656035,0.24242424242424243,0.3696003696003696,1.396011450544477,1.5471994876861572
3,0.8,1.0,0.25,0.75,1,45,10,5,0.1445775639338978,0.26913728879092846,0.7526667116049937,0.7502979718824276,0.6135953146948568,1.0,1.0,1.0,0.5834640954844177,0.5810628994195943,0.2697306110946917,0.7375733655715296,0.7367405406672015,0.4724246305454723,0.24242424242424243,0.3696003696003696,1.089109751188826,1.2094228267669678
3,0.8,1.0,0.25,0.75,2,33,10,3,0.08283805005771008,0.24856580786865476,0.5564663454595886,0.5521328889595213,0.3896663416801926,0.8019282820082536,0.8013325861275414,0.6406540834881669,0.3113267751740964,0.3072615327182796,0.12373578230849491,0.4045942902943182,0.40340372512137557,0.185435262866209,0.24242424242424243,0.3696003696003696,1.421167500144719,0.8991258144378662
3,0.8,1.0,0.25,0.75,3,28,10,4,0.12448261428200513,0.2796535466281286,0.6979296129527647,0.6949926052930695,0.5090632585367174,0.897406368541996,0.8969792788487176,0.7526454569778374,0.5671266485470952,0.5645860013876757,0.29542042314018435,0.8357447021357429,0.8353020509100346,0.6777225590952062,0.24242424242424243,0.3696003696003696,1.1939835168423807,0.7914021015167236
3,0.8,1.0,0.25,0.75,4,59,10,3,0.07734386729535217,0.23989541326252806,0.5580690891814605,0.5537508823097266,0.3832174438866466,0.8021489417124285,0.8015540214626932,0.6413806962628472,0.32888967553369974,0.3249276558356915,0.12527410108092374,0.40498555723662083,0.40379607055457095,0.18615098045841807,0.24242424242424243,0.3696003696003696,1.4203833396302272,1.7396798133850098
3,0.8,1.0,0.25,0.75,5,61,10,4,0.11883636746961138,0.26988926171776917,0.6737354848635012,0.6705503139324428,0.49084998314496997,0.9116055475593928,0.9112424542131328,0.8049349549879696,0.5431639845960212,0.5404696002613992,0.29946055467988447,0.8218349120156891,0.821362937249629,0.6293450096268156,0.24242424242424243,0.3696003696003696,1.2465359597009669,1.5827136039733887
3,0.8,1.0,0.25,0.75,6,114,10,3,0.08023606364872661,0.2610880918736567,0.5603129011930489,0.5560165261114905,0.3831737008971487,0.8021489417124285,0.8015540214626932,0.6413806962628472,0.46060048664362313,0.4574159622831608,0.22470078083213532,0.6640652098143663,0.6633936463526338,0.47901294122685556,0.24242424242424243,0.3696003696003696,1.4476516157629753,2.91361665725708
3,0.8,1.0,0.25,0.75,7,113,10,3,0.09210907730879425,0.2757469643458579,0.5758081579881698,0.5716300858467889,0.4004610712541747,0.7889606460971244,0.7883188157233192,0.6085417084158432,0.424123669499658,0.4206911820578092,0.1908348669487641,0.6827081189134144,0.6820642499665682,0.536681216439622,0.16901408450704225,0.3621712164425732,1.5277288665415272,3.4737472534179688
3,0.8,1.0,0.25,0.75,8,47,10,4,0.12077767531455808,0.27911144327347664,0.688411998993851,0.685381703796842,0.4888398775154795,0.897406368541996,0.8969792788487176,0.7526454569778374,0.5676481310225222,0.5651098045390329,0.2962636683178754,0.8357447021357429,0.8353020509100346,0.6777225590952062,0.24,0.3696003696003696,1.2013582538272076,1.3332102298736572
3,0.8,1.0,0.25,0.75,9,83,10,4,0.09827826638163191,0.24618444194806838,0.623663415667805,0.6200140644912168,0.4385274342423033,0.8974063685419958,0.8969792788487174,0.7526454569778374,0.402867681740448,0.3993741160555517,0.1536802953708951,0.5695438300688876,0.568383794723232,0.28830015171599577,0.24242424242424243,0.3696003696003696,1.1832562168368215,2.5277862548828125
3,0.8,1.0,0.25,1.0,0,1000,10,4,0.10064178281313173,0.2550657501101845,0.6241665098808258,0.6205695788848368,0.4318405449299228,0.9116055475593928,0.9112424542131328,0.8049349549879696,0.5429612257948925,0.5403283938935822,0.2598495664978071,0.8218349120156891,0.821362937249629,0.6293450096268156,0.24242424242424243,0.32464897329762193,1.364045514226848,21.750417232513428
3,0.8,1.0,0.25,1.0,1,53,10,2,0.04319356756322559,0.2594542294473583,0.44318137588243695,0.4377577761628041,0.25780983446940114,0.581408430461704,0.5806647649710639,0.35946576657210166,0.23944800275790695,0.23497397867296826,0.07210646501119992,0.36252835594946636,0.3617259494053958,0.21651936258282992,0.1935483870967742,0.32464897329762193,1.867009110678738,1.3674979209899902
3,0.8,1.0,0.25,1.0,2,33,10,4,0.10858169622573458,0.2696424359990454,0.6516535429253725,0.6483062026861037,0.46330840030850184,0.897406368541996,0.8969792788487176,0.7526454569778374,0.5410532254901343,0.538396634301457,0.2698632858350024,0.8357447021357429,0.8353020509100346,0.6777225590952062,0.22,0.32464897329762193,1.3809293652963617,0.7100992202758789
3,0.8,1.0,0.25,1.0,3,1000,10,4,0.09031500524120957,0.23171588910453672,0.5837944696263134,0.5798143126283968,0.3946240675173141,0.9059896953135614,0.9056014712345598,0.78488266182146,0.3785097157075728,0.37493293434230845,0.1438614882035547,0.5839573365525113,0.5828476636274899,0.3153687444426345,0.24242424242424243,0.32464897329762193,1.3747889513554088,21.182804584503174
3,0.8,1.0,0.25,1.0,4,28,10,4,0.09779792866566966,0.24702806826025958,0.624586662502938,0.6209944833716973,0.4226578928812034,0.9116055475593928,0.9112424542131328,0.8049349549879696,0.5267679180424962,0.5240424637343994,0.2529462777464153,0.8218349120156891,0.821362937249629,0.6293450096268156,0.24242424242424243,0.32464897329762193,1.3676631542504063,0.7390389442443848
3,0.8,1.0,0.25,1.0,5,30,10,4,0.0780497201196206,0.20976885713087276,0.5883957235015898,0.5844640442489485,0.40462329171583017,0.9137594533047027,0.9134059329538328,0.8127690521941776,0.32593357466371387,0.3220594481186553,0.12493637322000896,0.5969473729725019,0.5958824465842398,0.33795995639299703,0.24242424242424243,0.32464897329762193,1.3556523157177172,0.843686580657959
3,0.8,1.0,0.25,1.0,6,73,10,3,0.07094627223422222,0.2486052190969753,0.5189198895633158,0.5142797066761737,0.32678613776489773,0.7889606460971246,0.7883188157233194,0.6085417084158432,0.3778604104745612,0.37424319933045175,0.15723206466218603,0.6444080303082954,0.6436864403758701,0.44488729445134056,0.24242424242424243,0.32464897329762193,1.6435574642444424,2.1496691703796387
3,0.8,1.0,0.25,1.0,7,31,10,5,0.11213956245872428,0.2276901125816709,0.672221024923326,0.66910467700237,0.5061219173398166,1.0,1.0,1.0,0.4965821893164961,0.4937048161979196,0.22710975766632974,0.7375733655715295,0.7367405406672014,0.4724246305454723,0.24242424242424243,0.32464897329762193,1.104123629775404,0.8642041683197021
3,0.8,1.0,0.25,1.0,8,116,10,5,0.11694252578029392,0.235816279023451,0.6847927035552941,0.68179555705525,0.5248168582540798,1.0,1.0,1.0,0.5222314409699806,0.5195003242716607,0.2392606484915922,0.7375733655715295,0.7367405406672013,0.4724246305454723,0.24242424242424243,0.32464897329762193,1.1057902816860303,3.566882848739624
3,0.8,1.0,0.25,1.0,9,72,10,4,0.09358539067809082,0.2483025844046322,0.6153911054347928,0.6116974347103654,0.4467204857855175,0.9037907607564276,0.9033926442098374,0.7752391372397232,0.5002993329837935,0.49740881357248123,0.25520851066190875,0.8294772696226799,0.829021252431157,0.6564476401607514,0.2214765100671141,0.32464897329762193,1.373044243215808,2.07608699798584
3,0.8,1.0,0.5,0.0,0,1000,10,4,0.13852527372501378,0.28121309582219695,0.660948186512718,0.657550782314669,0.4997755677410337,0.897406368541996,0.8969792788487176,0.7526454569778374,0.6152791225537287,0.6129396752523854,0.35396831040298005,0.8357447021357427,0.8353020509100343,0.6777225590952062,0,0.0,inf,22.886524200439453
3,0.8,1.0,0.5,0.0,1,25,10,4,0.1421155208807321,0.2797979211040229,0.6952275928146402,0.6921598944530485,0.5237646217607242,0.9059896953135614,0.9056014712345598,0.78488266182146,0.45427547858052325,0.4509388906917172,0.1895082479069297,0.5839573365525113,0.5828476636274897,0.3153687444426345,0,0.0,inf,0.466200590133667
3,0.8,1.0,0.5,0.0,2,42,10,5,0.16404428367566487,0.2738959958036709,0.7924480039012863,0.7904157245036925,0.6850813181377701,1.0,1.0,1.0,0.5567146514119236,0.5540923029947208,0.2810713876205057,0.7375733655715296,0.7367405406672015,0.4724246305454723,0,0.0,inf,0.7892880439758301
3,0.8,1.0,0.5,0.0,3,37,10,4,0.1545277479314292,0.2972014890319541,0.7325962822341859,0.7299053970268374,0.5653286840346641,0.9059896953135614,0.9056014712345598,0.78488266182146,0.4716602362323285,0.4684309210864259,0.19713457124276976,0.5839573365525113,0.5828476636274897,0.3153687444426345,0,0.0,inf,0.9836597442626953
3,0.8,1.0,0.5,0.0,4,38,10,3,0.10228984991666838,0.25738631324905226,0.5776391725410264,0.5733138469897217,0.40191347901819635,0.7849276230002521,0.7842712471813089,0.5998687124749003,0.3012819976566075,0.29692094245550177,0.10636335645244485,0.37430486447919226,0.373029329116335,0.14414618051325584,0,0.0,inf,0.7018394470214844
3,0.8,1.0,0.5,0.0,5,43,10,4,0.12342728980412793,0.25251798920498975,0.6826434335132057,0.6794429092307367,0.5095968512929269,0.9137594533047027,0.9134059329538328,0.8127690521941776,0.40935478738061143,0.4057351264680545,0.16038667682139274,0.5969473729725018,0.5958824465842397,0.33795995639299703,0,0.0,inf,0.7823045253753662
3,0.8,1.0,0.5,0.0,6,42,10,3,0.11528672655380297,0.2831932740270179,0.593323945187894,0.5891492251720873,0.42542891156254925,0.7921997857472497,0.7915695648752535,0.6162892627615703,0.4394566009233585,0.4359477390513509,0.27951345882669676,0.6492493065110276,0.6485401515758275,0.45307203333420376,0,0.0,inf,0.8122634887695312
3,0.8,1.0,0.5,0.0,7,30,10,5,0.12546847529646873,0.21354368208228633,0.7018194561279087,0.69883092484496,0.5252355976572772,1.0,1.0,1.0,0.566729668226677,0.5640942880476327,0.3260774790237277,0.7375733655715296,0.7367405406672015,0.4724246305454723,0,0.0,inf,0.7764871120452881
3,0.8,1.0,0.5,0.0,8,44,10,3,0.11668658970199854,0.27892701801034725,0.5902195804524122,0.5860116275104005,0.42165534941777105,0.789789857030486,0.789150994948784,0.6112350182388241,0.44819764866630046,0.4447421535389915,0.23516267393080176,0.6668307613228104,0.6661552998165207,0.4990750972068573,0,0.0,inf,0.7989974021911621
3,0.8,1.0,0.5,0.0,9,26,10,4,0.14746973968695556,0.2876663304442567,0.7213605835249632,0.7185559277843422,0.5429468474464347,0.9059896953135614,0.9056014712345598,0.78488266182146,0.44177579637812225,0.438362784787222,0.17971200780091026,0.5839573365525113,0.5828476636274897,0.3153687444426345,0,0.0,inf,0.4975929260253906
3,0.8,1.0,0.5,0.25,0,1000,10,3,0.09350389353596145,0.28326786775093676,0.4890962032428661,0.4838735719732686,0.2939713567254534,0.7375733655715297,0.7367405406672015,0.4724246305454723,0.5593738131508242,0.5566278332358399,0.4106117910274078,1.0,1.0,1.0,0.20218579234972678,0.2994011976047904,1.5724107804622425,20.457435369491577
3,0.8,1.0,0.5,0.25,1,38,10,4,0.10927042529988241,0.2392820319213251,0.6540173995896158,0.6505823820673489,0.4695975186429062,0.9116055475593928,0.9112424542131328,0.8049349549879696,0.36919260002816223,0.3653971950777917,0.13656329927127306,0.5933517525706161,0.5922745061043153,0.3316882713421359,0.09523809523809523,0.19066685733352398,1.689626331884571,0.9656455516815186
3,0.8,1.0,0.5,0.25,2,79,10,5,0.15020812049041143,0.2786136832436241,0.7915324086485493,0.789516936270149,0.6527284328790237,1.0,1.0,1.0,0.5916362848867615,0.5892560578995069,0.2828849133737336,0.7375733655715295,0.7367405406672014,0.4724246305454723,0.09523809523809523,0.18768768768768768,1.4187890423562401,2.358006715774536
3,0.8,1.0,0.5,0.25,3,26,10,4,0.14020756947676621,0.2903290159399458,0.7094595977984359,0.7065878201581902,0.5364196441598994,0.9059896953135614,0.9056014712345598,0.78488266182146,0.46852350841703166,0.46534284581358953,0.18915557777327113,0.5839573365525113,0.5828476636274897,0.3153687444426345,0.11764705882352941,0.21840021840021837,1.540699076531619,0.6054694652557373
3,0.8,1.0,0.5,0.25,4,33,10,4,0.11458917359673548,0.2543541410055796,0.6509338093697293,0.6474940119719401,0.45758708262923325,0.897406368541996,0.8969792788487176,0.7526454569778374,0.514543991915869,0.5116493418214767,0.27598967937673957,0.8357447021357428,0.8353020509100344,0.6777225590952062,0.24242424242424243,0.42147410568463195,1.3257222017944192,0.7258615493774414
3,0.8,1.0,0.5,0.25,5,41,10,4,0.10619441720004671,0.23507907386492216,0.6035436428656115,0.5996357982997794,0.4219876811985171,0.897406368541996,0.8969792788487176,0.7526454569778374,0.45609561899632106,0.4528514135019601,0.2511459921434457,0.8357447021357429,0.8353020509100346,0.6777225590952062,0.24242424242424243,0.42147410568463195,1.336083960074838,1.1063730716705322
3,0.8,1.0,0.5,0.25,6,53,10,4,0.1351734368635468,0.28707110444443756,0.6942360724064542,0.6912168683794907,0.5173869870086959,0.9059896953135614,0.9056014712345598,0.78488266182146,0.45232290386175694,0.4490492729790236,0.18540777653936924,0.5839573365525113,0.5828476636274899,0.3153687444426345,0.11764705882352941,0.22040389012866077,1.5386473738135347,1.5829763412475586
3,0.8,1.0,0.5,0.25,7,114,10,3,0.09546378537934483,0.27643649304278584,0.5612598882570982,0.5567579515217606,0.32641087046169376,0.7595386266093844,0.7587891678710779,0.523012647821584,0.3787471114342572,0.3748576602797537,0.12223931560561646,0.60003105193931,0.5991924558208825,0.34859032320172656,0.11764705882352941,0.21840021840021837,1.777861093793711,2.319596290588379
3,0.8,1.0,0.5,0.25,8,45,10,4,0.11974397901110695,0.2610116599731981,0.660186386932444,0.6568396185332209,0.465987815871838,0.897406368541996,0.8969792788487176,0.7526454569778374,0.554339717862592,0.5516841180214671,0.30675911783110593,0.8357447021357429,0.8353020509100345,0.6777225590952062,0.24242424242424243,0.42147410568463195,1.2773018019285576,0.9234881401062012
3,0.8,1.0,0.5,0.25,9,103,10,4,0.11581562956210681,0.2561534252248494,0.6587243087872436,0.6553696593592163,0.519997298345073,0.9000920107272863,0.8996771460213145,0.7622414951112423,0.4044769689381321,0.4009366629439033,0.18081094553097393,0.5740608484987776,0.5729166889125226,0.29646770121656035,0.24242424242424243,0.42147410568463195,1.287517941380132,2.1817450523376465
3,0.8,1.0,0.5,0.5,0,57,10,3,0.09864226679546205,0.28849741074803725,0.6064024920081936,0.6025508972125214,0.449076164313084,0.789789857030486,0.789150994948784,0.6112350182388241,0.47920085373641147,0.476120786068854,0.23093158405675576,0.6668307613228104,0.6661552998165207,0.4990750972068573,0.2920353982300885,0.457418496340652,0.7273248727112633,1.2244322299957275
3,0.8,1.0,0.5,0.5,1,1000,10,3,0.08919326057257564,0.28033814711709437,0.5652277397090458,0.5609506629958055,0.38365194718569223,0.7916267295012033,0.7909944647108239,0.6144266258107057,0.41811174901566334,0.4146484829280518,0.1836714448180427,0.6865809274896537,0.6859468433771048,0.542968341433499,0.2796610169491525,0.452156910668459,0.7631445835115207,20.828104257583618
3,0.8,1.0,0.5,0.5,2,56,10,5,0.13905554491433167,0.26734533773332664,0.7463945406462085,0.7439674366311776,0.6003570905600624,1.0,1.0,1.0,0.5381684735262499,0.5355083860785298,0.2465966055654889,0.7375733655715295,0.7367405406672013,0.4724246305454723,0.19047619047619047,0.3532944709415297,0.6665718847627748,1.5447056293487549
3,0.8,1.0,0.5,0.5,3,51,10,4,0.1185636713350567,0.27106544883203415,0.6622330728223534,0.6589521506190619,0.476069137713744,0.897406368541996,0.8969792788487176,0.7526454569778374,0.5473045852650273,0.5446506442092903,0.28159843894561293,0.8357447021357428,0.8353020509100344,0.6777225590952062,0.26865671641791045,0.46259412505461184,0.6180144465596407,1.3626298904418945
3,0.8,1.0,0.5,0.5,4,35,10,4,0.10860559915763929,0.26391417703790476,0.6790879800574595,0.6759805061651721,0.532028472307913,0.9116055475593928,0.9112424542131328,0.8049349549879696,0.4662483750054192,0.4631309310366754,0.20368754700157857,0.5933517525706161,0.5922745061043153,0.3316882713421359,0.19047619047619047,0.3507156791828324,0.7643334325829986,0.7498767375946045
3,0.8,1.0,0.5,0.5,5,86,10,3,0.08049314494060654,0.2670721736806795,0.5705901015549739,0.5663761706092129,0.3747304369526369,0.7849276230002521,0.7842712471813089,0.5998687124749003,0.4597606279020165,0.45655473467476976,0.23205556449752537,0.6768387497441453,0.6761799567006874,0.527325252875187,0.27611940298507465,0.4734121500588566,0.7095310971985996,2.0173935890197754
3,0.8,1.0,0.5,0.5,6,53,10,4,0.10739885292171905,0.24531097371075045,0.6199124261065314,0.616181129631656,0.4313984493235765,0.9116055475593928,0.9112424542131328,0.8049349549879696,0.40798545545546044,0.40447038660235346,0.14624684696030416,0.5933517525706161,0.5922745061043153,0.3316882713421359,0.23529411764705882,0.39283135855947676,0.6936716811063693,1.540478229522705
3,0.8,1.0,0.5,0.5,7,41,10,4,0.11742028029206032,0.263813802798208,0.6594079841278108,0.6560972448495187,0.4835810644195543,0.9059896953135614,0.9056014712345598,0.78488266182146,0.43087226744812135,0.42753287356098596,0.17872977330962442,0.5839573365525113,0.5828476636274899,0.3153687444426345,0.23529411764705882,0.410667077333744,0.6824973457671966,1.186161994934082
3,0.8,1.0,0.5,0.5,8,1000,10,4,0.12552264255356252,0.28664840779317513,0.6960074226703403,0.6930486810482023,0.5080814822225842,0.9116055475593928,0.9112424542131328,0.8049349549879696,0.5736151548269378,0.5711094817036482,0.3018802567227361,0.8218349120156891,0.821362937249629,0.6293450096268156,0.23529411764705882,0.40718684786481396,0.7071304911718018,21.1575129032135
3,0.8,1.0,0.5,0.5,9,30,10,5,0.13376867406294515,0.26180207431475516,0.7473218138528605,0.7449035842072088,0.5766821145126497,1.0,1.0,1.0,0.5862468185990413,0.5838636559494436,0.2686961354162767,0.7375733655715296,0.7367405406672015,0.4724246305454723,0.19047619047619047,0.3532944709415297,0.6665718847627752,0.7609000205993652
3,0.8,1.0,0.5,0.75,0,1000,10,5,0.13865917598185026,0.2626702686376549,0.7425389529754886,0.7400841804199555,0.5963358378635195,1.0,1.0,1.0,0.5538654871336071,0.5513069225480016,0.25427951491462253,0.7375733655715295,0.7367405406672013,0.4724246305454723,0.35294117647058826,0.5765765765765766,0.43118179013483876,25.54385757446289
3,0.8,1.0,0.5,0.75,1,30,10,3,0.08109883497946355,0.2685840713548675,0.5750192640830338,0.5708954376274498,0.39567048796148374,0.789789857030486,0.789150994948784,0.6112350182388241,0.4422260106157058,0.43895974974801283,0.2190669524057211,0.6668307613228103,0.6661552998165206,0.4990750972068573,0.2781954887218045,0.5128631625637614,0.578848834815415,0.7460458278656006
3,0.8,1.0,0.5,0.75,2,80,10,4,0.11808820487029661,0.28221407373513835,0.6936892858731681,0.6907395630362207,0.503869742510416,0.897406368541996,0.8969792788487176,0.7526454569778374,0.5586254098598697,0.5560640916990006,0.2761274761395655,0.8357447021357428,0.8353020509100344,0.6777225590952062,0.26865671641791045,0.4967024476392836,0.5101681955316103,2.248640537261963
3,0.8,1.0,0.5,0.75,3,56,10,4,0.10374815092946757,0.2505661275017889,0.6503362192269344,0.6469772676732147,0.4811231734574995,0.9059896953135614,0.9056014712345598,0.78488266182146,0.4367611994924862,0.4335021979502764,0.18384377955490447,0.5839573365525113,0.5828476636274897,0.3153687444426345,0.35294117647058826,0.5225398260083606,0.44316079942142045,1.628260850906372
3,0.8,1.0,0.5,0.75,4,58,10,5,0.13085838049545984,0.24708465319465367,0.7065500487844237,0.7037507465173322,0.5569493293323833,1.0,1.0,1.0,0.5183369287777821,0.5155730192122567,0.24452165697347097,0.7375733655715296,0.7367405406672015,0.4724246305454723,0.2857142857142857,0.51114944731966,0.5016583155332682,1.5156612396240234
3,0.8,1.0,0.5,0.75,5,91,10,3,0.08597088837933686,0.28584768244278336,0.5747428653547927,0.5706474863863301,0.4006311205852491,0.7921997857472497,0.7915695648752535,0.6162892627615703,0.41616027834921165,0.412772097563957,0.19175138215589924,0.6492493065110276,0.6485401515758275,0.45307203333420376,0.23529411764705882,0.4421599513624054,0.6029649022267707,1.8165907859802246
3,0.8,1.0,0.5,0.75,6,1000,10,4,0.10189069600852568,0.25135940148734653,0.6373903720748912,0.6338968696490171,0.444312086961169,0.9083491277292126,0.907971490705844,0.7934094346634827,0.4307392108605494,0.4274338922576659,0.1709802868444879,0.5879077429223251,0.5868117435177123,0.32235560277843,0.2857142857142857,0.49900199600798395,0.5364232023656585,23.502166271209717
3,0.8,1.0,0.5,0.75,7,57,10,3,0.07949752321844873,0.2583309439034449,0.5848473064460994,0.5808482521009604,0.42550627825606846,0.8019282820082536,0.8013325861275414,0.6406540834881669,0.3575448098044527,0.35381536693300064,0.1492653602054165,0.4045942902943182,0.40340372512137557,0.185435262866209,0.35294117647058826,0.528355054596689,0.5126377553043715,1.7586383819580078
3,0.8,1.0,0.5,0.75,8,70,10,5,0.12726150486838922,0.25905947838011917,0.7267163622807705,0.7241186028362266,0.5506884309640846,1.0,1.0,1.0,0.5818830140459849,0.5794937449659148,0.25836787881321577,0.7375733655715295,0.7367405406672014,0.4724246305454723,0.2857142857142857,0.5005005005005004,0.47495619908992887,2.141199827194214
3,0.8,1.0,0.5,0.75,9,114,10,5,0.12420664583464994,0.252369060186137,0.7122194093086767,0.7094836827719095,0.5345105183456551,1.0,1.0,1.0,0.5234039514137604,0.5206803193059257,0.22983763375438196,0.7375733655715295,0.7367405406672013,0.4724246305454723,0.2857142857142857,0.4970487729108418,0.47393266118103966,3.26869535446167
3,0.8,1.0,0.5,1.0,0,25,10,4,0.08055972705743966,0.23004434736376253,0.6043854987704137,0.6006359853460244,0.4146181408889773,0.9137594533047027,0.9134059329538328,0.8127690521941776,0.4053584005049632,0.40197207721567146,0.16473320577982473,0.5969473729725019,0.5958824465842398,0.33795995639299703,0.43373493975903615,0.5859518054640006,0.4793504017863805,0.6349682807922363
3,0.8,1.0,0.5,1.0,1,43,10,5,0.11710600403597886,0.2506353556369496,0.6882626534950986,0.6853140095092913,0.5209093367313904,1.0,1.0,1.0,0.5368126622206972,0.5341811532026192,0.23616383332221075,0.7375733655715295,0.7367405406672014,0.4724246305454723,0.39285714285714285,0.5859518054640006,0.3980967526821157,0.9781076908111572
3,0.8,1.0,0.5,1.0,2,26,10,5,0.1138004511154224,0.2413378828508844,0.6870192833864237,0.6840588786801439,0.5131927888196532,1.0,1.0,1.0,0.5377302447969693,0.5351039488463207,0.23697826962842977,0.7375733655715296,0.7367405406672015,0.4724246305454723,0.39285714285714285,0.5859518054640006,0.3980967526821156,0.7288131713867188
3,0.8,1.0,0.5,1.0,3,116,10,3,0.07068408508237617,0.2770042459909997,0.4983361533675806,0.49349036177814576,0.3169019267119478,0.7375733655715295,0.7367405406672014,0.4724246305454723,0.5144738233308407,0.5116456386685821,0.2756680666388602,1.0,1.0,1.0,0.19672131147540983,0.42229729729729726,0.7446342566943591,2.796055793762207
3,0.8,1.0,0.5,1.0,4,50,10,5,0.11565164649385029,0.2502411178947825,0.6893160855101145,0.686377332857296,0.5160167222760321,1.0,1.0,1.0,0.5321024507035904,0.529444104026369,0.23632909666141708,0.7375733655715295,0.7367405406672014,0.4724246305454723,0.39285714285714285,0.5859518054640006,0.3972480563230028,1.0460731983184814
3,0.8,1.0,0.5,1.0,5,1000,10,5,0.11158626558517819,0.23760432104842047,0.6809975121087455,0.6779797627739638,0.5089435008925269,1.0,1.0,1.0,0.48956769402369643,0.48666733250687,0.21962905232334362,0.7375733655715296,0.7367405406672015,0.4724246305454723,0.39285714285714285,0.5859518054640006,0.39510362570281593,25.955937147140503
3,0.8,1.0,0.5,1.0,6,59,10,5,0.11577281459735422,0.2450197620575059,0.6965690786551122,0.6936986695400423,0.5228797531520998,1.0,1.0,1.0,0.5346947933293212,0.5320508897908893,0.2360356018865411,0.7375733655715295,0.7367405406672014,0.4724246305454723,0.39285714285714285,0.5859518054640006,0.3942904465429858,1.722498893737793
3,0.8,1.0,0.5,1.0,7,66,10,4,0.08582630151319195,0.23958512766053452,0.5815767756437757,0.5775976191442236,0.3949616435552766,0.9000920107272863,0.8996771460213145,0.7622414951112423,0.3678382604053473,0.36422372593035973,0.1349538672854272,0.5740608484987776,0.5729166889125226,0.29646770121656035,0.2796610169491525,0.5271228675483994,0.5107426318756693,1.6228303909301758
3,0.8,1.0,0.5,1.0,8,47,10,5,0.11372003903984468,0.23909590344680182,0.6873751980184618,0.6844178232512098,0.5219380147144008,1.0,1.0,1.0,0.4923714355831686,0.48948705524642444,0.2201628202757894,0.7375733655715296,0.7367405406672015,0.4724246305454723,0.39285714285714285,0.5859518054640006,0.39380336586753467,1.2070741653442383
3,0.8,1.0,0.5,1.0,9,36,10,5,0.11752743377375524,0.2509731640628576,0.6921522487965324,0.6892403233529547,0.5235801547140231,1.0,1.0,1.0,0.5321024507035905,0.5294441040263691,0.23632909666141708,0.7375733655715295,0.7367405406672014,0.4724246305454723,0.39285714285714285,0.5859518054640006,0.3972480563230028,0.7213284969329834
3,0.8,1.0,0.75,0.0,0,110,10,3,0.10358718663242335,0.2822524019316833,0.6164346190662134,0.612577397152683,0.42697988791020863,0.8021489417124285,0.8015540214626932,0.6413806962628472,0.3196362184572337,0.3154797138571614,0.10485697365739771,0.40498555723662083,0.40379607055457095,0.18615098045841807,0,0.0,inf,2.649862289428711
3,0.8,1.0,0.75,0.0,1,113,10,4,0.10598769605005494,0.23261922936535895,0.6447276135558719,0.6411955333519214,0.4592510838049771,0.9116055475593928,0.9112424542131328,0.8049349549879696,0.37720538061510667,0.3734520482764663,0.13374717899549626,0.5933517525706161,0.5922745061043153,0.3316882713421359,0,0.0,inf,2.8373982906341553
3,0.8,1.0,0.75,0.0,2,51,10,3,0.09482631592675554,0.2660421849308524,0.5872554673963097,0.583102639068747,0.3830562284604378,0.8021489417124285,0.8015540214626932,0.6413806962628472,0.302484107840847,0.29822011866883186,0.08654769457160368,0.40498555723662083,0.40379607055457095,0.18615098045841807,0,0.0,inf,1.0216004848480225
3,0.8,1.0,0.75,0.0,3,1000,10,4,0.12522457577380386,0.27502596654100525,0.6634772845060644,0.6601674017807956,0.48138364098457326,0.897406368541996,0.8969792788487176,0.7526454569778374,0.603232776475936,0.6008723593791421,0.32222883591557877,0.8357447021357427,0.8353020509100343,0.6777225590952062,0,0.0,inf,20.687683820724487
3,0.8,1.0,0.75,0.0,4,47,10,5,0.13047614452294318,0.2534381353132488,0.746581258924183,0.7441311620290377,0.589415701934971,1.0,1.0,1.0,0.5370310142439079,0.5343324635733672,0.24580086604705342,0.7375733655715295,0.7367405406672013,0.4724246305454723,0,0.0,inf,1.395371675491333
3,0.8,1.0,0.75,0.0,5,28,10,4,0.12426662053266614,0.2720633661025066,0.6933450120128359,0.6903052972398357,0.49126899654185974,0.9116055475593928,0.9112424542131328,0.8049349549879696,0.550233967325918,0.547533056732151,0.30892057709141557,0.8218349120156891,0.821362937249629,0.6293450096268156,0,0.0,inf,0.6824343204498291
3,0.8,1.0,0.75,0.0,6,41,10,3,0.08789831578842314,0.2596029169629933,0.5375385030088694,0.532778485740483,0.29603419939238373,0.7595386266093844,0.7587891678710779,0.523012647821584,0.36430502899010186,0.3603103620438979,0.10705079092223015,0.6000310519393101,0.5991924558208827,0.34859032320172656,0,0.0,inf,1.1387181282043457
3,0.8,1.0,0.75,0.0,7,33,10,4,0.1086705571948135,0.23465148447478965,0.6457594809723821,0.6421930151687802,0.42210799131666493,0.9116055475593928,0.9112424542131328,0.8049349549879696,0.4956613183498639,0.49257585443444746,0.2673689518801113,0.8218349120156891,0.821362937249629,0.6293450096268156,0,0.0,inf,0.9521584510803223
3,0.8,1.0,0.75,0.0,8,46,2,2,0.30254059460160804,0.3025405946016079,0.5933918153386777,0.5926772493795246,0.3814880303054271,0.5976802337166613,0.5969738544387009,0.39109438552078163,0.35018950663915355,0.3493839445111943,0.189828214412545,0.3422002806825873,0.34138587962167677,0.174960691641255,0.5748502994011976,0.6946705741886464,0.039004223156157244,1.2953994274139404
3,0.8,1.0,0.75,0.0,9,53,10,4,0.12090928048133957,0.2717742359981174,0.6876737160233107,0.6845794997970797,0.4752192820670388,0.9116055475593928,0.9112424542131328,0.8049349549879696,0.5497686084717448,0.5470666985867775,0.30693494438622543,0.8218349120156891,0.821362937249629,0.6293450096268156,0,0.0,inf,1.6049270629882812
3,0.8,1.0,0.75,0.25,0,55,10,4,0.13015071834671105,0.2970782676624501,0.718202415045426,0.7154476761305752,0.5189517828056864,0.9116055475593928,0.9112424542131328,0.8049349549879696,0.5841792084253236,0.5817227881701463,0.3167081137142195,0.8218349120156891,0.821362937249629,0.6293450096268156,0.15384615384615385,0.2583228389680003,1.5089407382430122,1.5297272205352783
3,0.8,1.0,0.75,0.25,1,51,10,5,0.12042520058563123,0.2344681733705582,0.7277641137666807,0.7251113836753276,0.5180614889039378,1.0,1.0,1.0,0.4805909974493321,0.47753445658600424,0.18048517168919842,0.7375733655715295,0.7367405406672014,0.4724246305454723,0.15384615384615385,0.25557472365983,1.4818258260138373,1.272660255432129
3,0.8,1.0,0.75,0.25,2,111,10,4,0.12892103158159968,0.2949554343559088,0.6908579328096089,0.687849163813231,0.5067545445574022,0.9083491277292126,0.907971490705844,0.7934094346634827,0.45423183820126933,0.4510247672413784,0.1804131696209067,0.5879077429223251,0.5868117435177123,0.32235560277843,0.15384615384615385,0.25557472365983,1.490700812271269,2.5446555614471436
3,0.8,1.0,0.75,0.25,3,55,10,4,0.1238742692951112,0.27451237129829353,0.6833615832246204,0.6802713803829873,0.5002956657189455,0.9059896953135614,0.9056014712345598,0.78488266182146,0.4267778904489436,0.4233983771422996,0.16891783318611825,0.5839573365525113,0.5828476636274899,0.3153687444426345,0.15384615384615385,0.2583228389680003,1.4764746530871184,1.2193081378936768
3,0.8,1.0,0.75,0.25,4,1000,10,4,0.12047384178223784,0.276923231784645,0.666485381390981,0.6632495384737518,0.48781200052865326,0.897406368541996,0.8969792788487176,0.7526454569778374,0.5434349299333581,0.5407620362641402,0.2780549866076719,0.8357447021357428,0.8353020509100344,0.6777225590952062,0.24242424242424243,0.3696003696003696,1.3099829881803835,21.446255207061768
3,0.8,1.0,0.75,0.25,5,57,10,3,0.08908466463270441,0.27951996005873064,0.557876898353014,0.5535435076280066,0.37570049477556483,0.789789857030486,0.789150994948784,0.6112350182388241,0.4368117349904977,0.43347455691359615,0.19870719936288747,0.6668307613228104,0.6661552998165207,0.4990750972068573,0.22758620689655173,0.3696003696003696,1.4577093379969763,1.6968553066253662
3,0.8,1.0,0.75,0.25,6,40,10,4,0.12694893256809336,0.27563887588407093,0.6943792217034067,0.6913965444680533,0.5202637273734133,0.9059896953135614,0.9056014712345598,0.78488266182146,0.44015933651573796,0.436858715447009,0.18101123650437287,0.5839573365525113,0.5828476636274897,0.3153687444426345,0.15384615384615385,0.2583228389680003,1.476474653087118,0.8422329425811768
3,0.8,1.0,0.75,0.25,7,28,10,5,0.14014961181455834,0.2768511093415393,0.7863343296841369,0.784288784085143,0.6284615483800574,1.0,1.0,1.0,0.5864690075668897,0.5840861808474943,0.2694506926382044,0.7375733655715296,0.7367405406672015,0.4724246305454723,0.10526315789473684,0.20020020020020018,1.4348063363894863,0.5580236911773682
3,0.8,1.0,0.75,0.25,8,117,10,4,0.11437718852603106,0.27587106576012194,0.6959259559087588,0.6929664761679167,0.5116399548121151,0.9137594533047027,0.9134059329538328,0.8127690521941776,0.4487147003369585,0.44547511475318174,0.17977743751376016,0.5969473729725018,0.5958824465842397,0.33795995639299703,0.11428571428571428,0.21450021450021448,1.6077601505496129,2.950676918029785
3,0.8,1.0,0.75,0.25,9,117,10,4,0.12370635608006128,0.287682496066062,0.6758315936483715,0.6726868790868523,0.4930602959239316,0.897406368541996,0.8969792788487176,0.7526454569778374,0.5952956214913382,0.592926744309386,0.29991472469873665,0.8357447021357429,0.8353020509100346,0.6777225590952062,0.24242424242424243,0.3696003696003696,1.3121833161456213,2.644104480743408
3,0.8,1.0,0.75,0.5,0,67,10,3,0.06475511101506093,0.24784678178008052,0.5566830427814108,0.552403698283001,0.39197576169083054,0.7916267295012034,0.790994464710824,0.6144266258107057,0.31560022539130206,0.31161732016899985,0.12059889745854402,0.3862745401080619,0.3850329004067273,0.15913988880652757,0.30275229357798167,0.5340670011328694,0.5534255127137166,2.0389866828918457
3,0.8,1.0,0.75,0.5,1,1000,10,4,0.1164883478812249,0.28470182865210647,0.6915120851859945,0.6885402546800664,0.49847099712119686,0.9116055475593928,0.9112424542131328,0.8049349549879696,0.5659852748182682,0.5634654491131211,0.2820623808748805,0.821834912015689,0.8213629372496289,0.6293450096268156,0.3076923076923077,0.47067437178045657,0.5615330669634578,21.913230895996094
3,0.8,1.0,0.75,0.5,2,68,10,4,0.11611318642688519,0.28514556801654395,0.6778476877766807,0.6747599955730123,0.5003264740737936,0.897406368541996,0.8969792788487176,0.7526454569778374,0.5590762267911772,0.5565318217708978,0.26621895492645764,0.8357447021357427,0.8353020509100343,0.6777225590952062,0.37755102040816324,0.5594870864331942,0.481897841906223,1.5844473838806152
3,0.8,1.0,0.75,0.5,3,1000,10,5,0.13322775805701634,0.26604591761907487,0.7393609282106602,0.7368851213120671,0.5825280341572794,1.0,1.0,1.0,0.5353953850704816,0.5327427014310273,0.24117147431871552,0.7375733655715296,0.7367405406672015,0.4724246305454723,0.21052631578947367,0.3724654887445585,0.5902932772291377,21.895361185073853
3,0.8,1.0,0.75,0.5,4,43,10,4,0.11650265164993662,0.2847324359611125,0.6915120851859945,0.6885402546800664,0.49847099712119686,0.9116055475593928,0.9112424542131328,0.8049349549879696,0.5659852748182682,0.563465449113121,0.2820623808748805,0.821834912015689,0.8213629372496289,0.6293450096268156,0.3076923076923077,0.47067437178045657,0.5615330669634577,1.0918550491333008
3,0.8,1.0,0.75,0.5,5,115,10,4,0.10294251682319594,0.26538237379284557,0.6243252585820844,0.6207262334957901,0.4506266949313316,0.9000920107272863,0.8996771460213145,0.7622414951112423,0.40206021716459983,0.39861162874967737,0.1601572441392545,0.5740608484987777,0.5729166889125227,0.29646770121656035,0.3854166666666667,0.5710229026483116,0.47656373468847757,3.078036308288574
3,0.8,1.0,0.75,0.5,6,33,10,4,0.11330268255872881,0.278165896832856,0.6807902152026897,0.6777236578350414,0.49521728935761383,0.9083491277292126,0.907971490705844,0.7934094346634827,0.4627190421269898,0.4596100475442278,0.19323392593648134,0.5879077429223251,0.5868117435177123,0.32235560277843,0.3076923076923077,0.4710592945887063,0.532165653558179,0.7559316158294678
3,0.8,1.0,0.75,0.5,7,29,10,4,0.11168437255326834,0.26633236366770435,0.6325218470649037,0.6289957173716155,0.4642038910302198,0.9083491277292126,0.907971490705844,0.7934094346634827,0.4459764097444732,0.4427750015854997,0.1797323654526226,0.5879077429223251,0.5868117435177123,0.32235560277843,0.21052631578947367,0.3724654887445585,0.6852047499857185,0.518218994140625
3,0.8,1.0,0.75,0.5,8,110,10,5,0.14094357939760419,0.26976668132112347,0.7570334662891341,0.7547209743332769,0.6037452101120535,1.0,1.0,1.0,0.5787789671240904,0.5763683431430792,0.25989358887337094,0.7375733655715296,0.7367405406672015,0.4724246305454723,0.22857142857142856,0.40376510964746254,0.5962246498922616,3.410259962081909
3,0.8,1.0,0.75,0.5,9,36,10,4,0.11610249771120362,0.28397892465638647,0.6912124417980131,0.688238421917651,0.4970806539862071,0.9116055475593928,0.9112424542131328,0.8049349549879696,0.5656552460681467,0.5631342054597209,0.2813320582576519,0.8218349120156891,0.821362937249629,0.6293450096268156,0.3076923076923077,0.47067437178045657,0.5634030136716803,1.0469110012054443
3,0.8,1.0,0.75,0.75,0,87,10,4,0.08847444880350398,0.24181770309561199,0.6034849491164922,0.5997119933229464,0.4097721206453977,0.8974063685419958,0.8969792788487174,0.7526454569778374,0.37008918451018785,0.366485143098565,0.14158784702522562,0.5695438300688876,0.568383794723232,0.28830015171599577,0.37755102040816324,0.6053466836818167,0.23722799328116334,2.71105694770813
3,0.8,1.0,0.75,0.75,1,39,10,4,0.10885199215807247,0.27561623997435963,0.7018180904695928,0.6989762932791237,0.5400887173792355,0.9116055475593928,0.9112424542131328,0.8049349549879696,0.5527798339052572,0.5502162111661817,0.2553996051154328,0.8218349120156891,0.821362937249629,0.6293450096268156,0.42168674698795183,0.53464499572284,0.23968496332243777,1.0958397388458252
3,0.8,1.0,0.75,0.75,2,1000,10,4,0.0858692953453007,0.22507028033152549,0.5941782485742947,0.5902760577293582,0.396275575335966,0.9137594533047027,0.9134059329538328,0.8127690521941776,0.35330724727633844,0.34956072487250617,0.12386260117752569,0.5969473729725019,0.5958824465842398,0.33795995639299703,0.29914529914529914,0.4421536673488466,0.2567233772202609,23.502177715301514
3,0.8,1.0,0.75,0.75,3,50,10,5,0.12873223204249346,0.2666686899790256,0.738363369924632,0.7358895663115501,0.5615590962796841,1.0,1.0,1.0,0.5779889148273749,0.5755924501534841,0.2489637303614976,0.7375733655715295,0.7367405406672014,0.4724246305454723,0.3157894736842105,0.5299417064122947,0.31461076432547114,1.549267053604126
3,0.8,1.0,0.75,0.75,4,1000,10,4,0.09951922921515403,0.2620497061061703,0.6369472217825249,0.6334864784743877,0.4507751760742258,0.9059896953135614,0.9056014712345598,0.78488266182146,0.45007372690296005,0.4469206071662352,0.18707919263301664,0.5839573365525113,0.5828476636274897,0.3153687444426345,0.34782608695652173,0.5527406725011516,0.270536706578069,23.792062520980835
3,0.8,1.0,0.75,0.75,5,40,10,5,0.12144333106592992,0.2624631099318997,0.7264145512024425,0.7238272681141638,0.5429019109342771,1.0,1.0,1.0,0.5485277975255082,0.545963445769962,0.23820072750975058,0.7375733655715296,0.7367405406672015,0.4724246305454723,0.3157894736842105,0.5299417064122947,0.2575903933761954,1.2311956882476807
3,0.8,1.0,0.75,0.75,6,82,10,4,0.11046892970329528,0.2829815465287951,0.6886095097872943,0.6856425387640239,0.49976375625537184,0.897406368541996,0.8969792788487176,0.7526454569778374,0.583023042572137,0.5806334674121564,0.26612085241767636,0.8357447021357427,0.8353020509100343,0.6777225590952062,0.32432432432432434,0.5555898512253843,0.29399689066545703,2.5436320304870605
3,0.8,1.0,0.75,0.75,7,1000,10,5,0.12845957500265143,0.26695625732568135,0.7363198197303578,0.7338266941215268,0.5593714429978053,1.0,1.0,1.0,0.5779889148273749,0.5755924501534841,0.2489637303614976,0.7375733655715295,0.7367405406672014,0.4724246305454723,0.3157894736842105,0.5299417064122947,0.31461076432547125,26.400898933410645
3,0.8,1.0,0.75,0.75,8,66,10,4,0.10320586050795148,0.26877809923462337,0.6226342824900217,0.6190368544070887,0.4394116485552094,0.897406368541996,0.8969792788487176,0.7526454569778374,0.5042630923257568,0.5014204409675289,0.23858802962048054,0.8357447021357427,0.8353020509100343,0.6777225590952062,0.3274336283185841,0.5623271224049363,0.3069219636511793,1.7962775230407715
3,0.8,1.0,0.75,0.75,9,1000,10,4,0.09672686044549796,0.24857996372710542,0.6411401261141974,0.637725515728421,0.45806754054940274,0.9083491277292126,0.907971490705844,0.7934094346634827,0.42054015452196525,0.4172247881470196,0.1745435865224969,0.587907742922325,0.5868117435177121,0.32235560277843,0.4186046511627907,0.5672864796722344,0.2152025822935016,23.23212742805481
3,0.8,1.0,0.75,1.0,0,54,10,5,0.11161348486928542,0.24616884242388856,0.664552666162928,0.6613888492976098,0.49340803869878835,1.0,1.0,1.0,0.5291387295702962,0.526472625537311,0.2292026587109967,0.7375733655715295,0.7367405406672013,0.4724246305454723,0.42857142857142855,0.6357272727272727,0.1515480319214762,1.6841580867767334
3,0.8,1.0,0.75,1.0,1,41,10,5,0.10862692221972899,0.2361916115932661,0.6809244562115353,0.6779163769041512,0.49935275848183347,1.0,1.0,1.0,0.5117544415259677,0.5089913497347979,0.21873072194353643,0.7375733655715296,0.7367405406672015,0.4724246305454723,0.5538461538461539,0.7069846153846154,0.13268609826563782,1.1568267345428467
3,0.8,1.0,0.75,1.0,2,56,10,4,0.08198192702029984,0.24435100792875344,0.6072550856587895,0.6035303070739992,0.4239209126284305,0.9037907607564276,0.9033926442098374,0.7752391372397232,0.48942427323463417,0.4865142857328493,0.2227742118629488,0.8294772696226799,0.829021252431157,0.6564476401607514,0.28695652173913044,0.5356708059410762,0.2663599585461723,1.1083459854125977
3,0.8,1.0,0.75,1.0,3,1000,10,4,0.07738050302438533,0.23345408748748192,0.5880871298513204,0.5842018592333323,0.4098803179858811,0.9083491277292126,0.907971490705844,0.7934094346634827,0.41169317248051746,0.4083618123279465,0.17444782110977292,0.5879077429223251,0.5868117435177123,0.32235560277843,0.4342105263157895,0.6397105263157895,0.14867029270769055,21.82900309562683
3,0.8,1.0,0.75,1.0,4,50,10,4,0.08235468014676087,0.2444631010246995,0.5920247874059238,0.5881569508892305,0.40466086022809505,0.9037907607564276,0.9033926442098374,0.7752391372397232,0.4837716645386973,0.4808307105816953,0.2208891923286293,0.8294772696226799,0.829021252431157,0.6564476401607514,0.2920353982300885,0.539283185840708,0.257488673598674,1.1199243068695068
3,0.8,1.0,0.75,1.0,5,54,10,4,0.08812100031269612,0.23676674337769738,0.6323501946511122,0.6288836436557601,0.4516526965796193,0.9083491277292126,0.907971490705844,0.7934094346634827,0.38884649547673483,0.38538720619609124,0.16007255340566454,0.5879077429223251,0.5868117435177123,0.32235560277843,0.5147058823529411,0.6806911764705883,0.1459181771188759,1.5618128776550293
3,0.8,1.0,0.75,1.0,6,1000,10,5,0.10014030744924447,0.2185516346986326,0.6397600574047355,0.6363626947803264,0.46172260147319655,1.0,1.0,1.0,0.40777394463438627,0.4044209885136555,0.16843841143704116,0.7375733655715296,0.7367405406672015,0.4724246305454723,0.4342105263157895,0.6397105263157895,0.1503529779994911,25.151817798614502
3,0.8,1.0,0.75,1.0,7,62,10,5,0.11271113926918924,0.24897803900816956,0.6863837836720459,0.6834263954933829,0.5050832156010554,1.0,1.0,1.0,0.5286593431473325,0.5259910862786212,0.22919500868737583,0.7375733655715295,0.7367405406672013,0.4724246305454723,0.4342105263157895,0.635328947368421,0.1522448482476333,1.8756530284881592
3,0.8,1.0,0.75,1.0,8,49,10,5,0.10760527069559614,0.23448972251747588,0.6796927829003095,0.6766719639393459,0.4990814407904456,1.0,1.0,1.0,0.48662564556126203,0.4837190552441828,0.21136476397586393,0.7375733655715295,0.7367405406672014,0.4724246305454723,0.4342105263157895,0.6397105263157895,0.14968085968136968,1.4674930572509766
3,0.8,1.0,0.75,1.0,9,1000,10,5,0.10782439576290175,0.2353625570356025,0.6752971195177014,0.6722349009801308,0.4996817995435525,1.0,1.0,1.0,0.47713743439010714,0.47417718766712164,0.20119006139145298,0.7375733655715295,0.7367405406672013,0.4724246305454723,0.4342105263157895,0.6397105263157895,0.1503529779994911,22.711516857147217
3,0.8,1.0,1.0,0.0,0,113,10,4,0.11895383427653114,0.2715294639452161,0.6763616444808119,0.6732114351084223,0.4840831600794235,0.9059896953135614,0.9056014712345598,0.78488266182146,0.42551381939096017,0.4221375147890695,0.17163019570788685,0.5839573365525113,0.5828476636274897,0.3153687444426345,0,0.0,inf,2.651789665222168
3,0.8,1.0,1.0,0.0,1,26,10,4,0.12214796908040446,0.27346341147914754,0.6860604446640753,0.6830070831033566,0.5033700427260823,0.9083491277292126,0.907971490705844,0.7934094346634827,0.4126562982603933,0.4092077321915209,0.16701406635411123,0.5879077429223251,0.5868117435177123,0.32235560277843,0,0.0,inf,0.7297685146331787
3,0.8,1.0,1.0,0.0,2,113,10,5,0.14510925943087588,0.2692904150047196,0.7752689001483745,0.7731124711186468,0.6397819884506771,1.0,1.0,1.0,0.5405718997012968,0.5379173545261238,0.2585584101926906,0.7375733655715295,0.7367405406672014,0.4724246305454723,0,0.0,inf,3.514258623123169
3,0.8,1.0,1.0,0.0,3,36,10,5,0.13779990380278534,0.25784226351325096,0.7555254015397985,0.7531787663857232,0.6143297795481011,1.0,1.0,1.0,0.5381059716165101,0.5354361631877825,0.24995280677977352,0.7375733655715295,0.7367405406672013,0.4724246305454723,0,0.0,inf,1.052523136138916
3,0.8,1.0,1.0,0.0,4,22,10,5,0.13574464269522749,0.26892149537900667,0.7434086154041781,0.7409480551409724,0.5904502093100704,1.0,1.0,1.0,0.5375295759420008,0.5348594900331467,0.2481391547719061,0.7375733655715296,0.7367405406672015,0.4724246305454723,0,0.0,inf,0.5716221332550049
3,0.8,1.0,1.0,0.0,5,30,10,4,0.10921479923310254,0.2594944377487412,0.66218024482038,0.6588919974887619,0.4527628424676823,0.9059896953135614,0.9056014712345598,0.78488266182146,0.40829906967364576,0.4048215925098158,0.15278748085167662,0.5839573365525113,0.5828476636274899,0.3153687444426345,0,0.0,inf,0.5888752937316895
3,0.8,1.0,1.0,0.0,6,94,10,4,0.12441073731351406,0.2818653129064712,0.7053782612657841,0.7025121812108143,0.5159690419700639,0.9059896953135614,0.9056014712345598,0.78488266182146,0.45615640180635125,0.45296243016867394,0.18146641434467226,0.5839573365525113,0.5828476636274899,0.3153687444426345,0,0.0,inf,2.405646324157715
3,0.8,1.0,1.0,0.0,7,1000,10,4,0.10343070691511176,0.24943059639780282,0.6728794902105272,0.6696957988906731,0.48032383163107534,0.9116055475593928,0.9112424542131328,0.8049349549879696,0.418620858765171,0.4152045751295864,0.16757293776426957,0.5933517525706161,0.5922745061043153,0.3316882713421359,0,0.0,inf,22.88470149040222
3,0.8,1.0,1.0,0.0,8,110,10,4,0.11242018638275933,0.2716442933014069,0.6814931932596553,0.6783929330134502,0.46787301418055555,0.9059896953135614,0.9056014712345598,0.78488266182146,0.4317429878796292,0.42840329263570776,0.16187795881373,0.5839573365525113,0.5828476636274897,0.3153687444426345,0,0.0,inf,3.206049680709839
3,0.8,1.0,1.0,0.0,9,41,10,4,0.1127735102139804,0.2748824627339269,0.6738129100273593,0.6706378919540661,0.4648336118245178,0.9059896953135614,0.9056014712345598,0.78488266182146,0.4434962966401231,0.44022567660078427,0.16545668145971076,0.5839573365525113,0.5828476636274897,0.3153687444426345,0,0.0,inf,1.1065852642059326
3,0.8,1.0,1.0,0.25,0,114,10,5,0.11742668184047086,0.23613632111723537,0.7193079195125175,0.7166358165646226,0.5441529743802038,1.0,1.0,1.0,0.47789491669391254,0.47490623287372896,0.20596567674800945,0.7375733655715296,0.7367405406672015,0.4724246305454723,0.21621621621621623,0.29659288918548177,1.3897182125038312,3.5173494815826416
3,0.8,1.0,1.0,0.25,1,48,10,4,0.10944716089507976,0.2644230797077541,0.6551059102324441,0.6517890419164721,0.4571685103895827,0.9116055475593928,0.9112424542131328,0.8049349549879696,0.5390344038159708,0.5363636419083483,0.2591161215760733,0.821834912015689,0.8213629372496289,0.6293450096268156,0.24242424242424243,0.32464897329762193,1.6131725298849897,1.2670207023620605
3,0.8,1.0,1.0,0.25,2,24,10,3,0.07398448034057342,0.2722846487563088,0.5046522050801074,0.49987708606159986,0.31930324709088603,0.7375733655715297,0.7367405406672015,0.4724246305454723,0.492018748714425,0.48906721056853475,0.24463572434483755,1.0,1.0,1.0,0.24,0.32464897329762193,1.609812460982206,0.6204159259796143
3,0.8,1.0,1.0,0.25,3,113,10,5,0.12635749087696818,0.2501857258920874,0.7301301707736069,0.7275610923551088,0.5683284567471765,1.0,1.0,1.0,0.5238721584353883,0.5211466619368437,0.23220194812689007,0.7375733655715295,0.7367405406672013,0.4724246305454723,0.21621621621621623,0.29659288918548177,1.3897182125038314,3.433053493499756
3,0.8,1.0,1.0,0.25,4,68,10,4,0.11532732814284952,0.27474775608079904,0.67465818017173,0.6715305906174723,0.49672290171691896,0.9083491277292126,0.907971490705844,0.7934094346634827,0.4378117387729207,0.4345560464621408,0.17867042755038087,0.5879077429223251,0.5868117435177123,0.32235560277843,0.23529411764705882,0.3203203203203203,1.6213745088122096,1.9693284034729004
3,0.8,1.0,1.0,0.25,5,69,10,4,0.11302112662183389,0.27406180387741275,0.6462029472815614,0.6428300986455977,0.4777013243204682,0.897406368541996,0.8969792788487176,0.7526454569778374,0.5015754751466169,0.49871754092077664,0.22913883696313442,0.8357447021357427,0.8353020509100343,0.6777225590952062,0.24242424242424243,0.32464897329762193,1.3473200239368783,2.0502727031707764
3,0.8,1.0,1.0,0.25,6,43,10,5,0.12211306637048108,0.2503364518750416,0.7162481742869888,0.7135465202055877,0.5296422193364333,1.0,1.0,1.0,0.5269666654250297,0.5242583828389799,0.22871099754532243,0.7375733655715296,0.7367405406672015,0.4724246305454723,0.2222222222222222,0.3003003003003003,1.3836445496707235,1.2720324993133545
3,0.8,1.0,1.0,0.25,7,30,10,4,0.11260562837081813,0.2732356695966352,0.6487833693725696,0.645435064937844,0.47679980680626,0.897406368541996,0.8969792788487176,0.7526454569778374,0.4858491679220176,0.4829010017549459,0.22366676249898554,0.8357447021357427,0.8353020509100343,0.6777225590952062,0.24242424242424243,0.32464897329762193,1.3474685538029396,0.8161139488220215
3,0.8,1.0,1.0,0.25,8,88,10,4,0.09801338630039495,0.26490512534850846,0.6181672362825004,0.6145273687694774,0.4630517251972911,0.9000920107272863,0.8996771460213145,0.7622414951112423,0.39820813884296125,0.39475778916751897,0.17711225297637004,0.5740608484987775,0.5729166889125225,0.29646770121656035,0.24242424242424243,0.32464897329762193,1.3476941264443707,2.2147254943847656
3,0.8,1.0,1.0,0.25,9,111,10,5,0.13135566411771946,0.2644826664376949,0.7389394834924101,0.736453877600208,0.5791599328928987,1.0,1.0,1.0,0.5345335339132268,0.5318685743166147,0.2384738726366487,0.7375733655715295,0.7367405406672013,0.4724246305454723,0.2222222222222222,0.3003003003003003,1.383644549670723,2.7196834087371826
3,0.8,1.0,1.0,0.5,0,88,10,4,0.08665033022211767,0.24601806684603944,0.6144814221238832,0.610804680125769,0.41594067612617575,0.9083491277292126,0.907971490705844,0.7934094346634827,0.40232665152760144,0.39889770490157184,0.1494046607263025,0.5879077429223251,0.5868117435177123,0.32235560277843,0.2755905511811024,0.5191653543307087,0.6183365438409787,2.8293776512145996
3,0.8,1.0,1.0,0.5,1,119,10,4,0.10113302265508801,0.26784845515487987,0.6189977408446216,0.6153917744614322,0.4273587515271083,0.897406368541996,0.8969792788487176,0.7526454569778374,0.49474763412266437,0.4918751361879637,0.21455915022377225,0.8357447021357428,0.8353020509100344,0.6777225590952062,0.48484848484848486,0.5859518054640006,0.46750425663975814,3.665174961090088
3,0.8,1.0,1.0,0.5,2,1000,10,4,0.09105527839794705,0.24263713600123493,0.6193540290842701,0.6157236648714984,0.4075880619085401,0.9116055475593928,0.9112424542131328,0.8049349549879696,0.4812700675522158,0.4782939452268226,0.22407846301767806,0.8218349120156891,0.821362937249629,0.6293450096268156,0.2857142857142857,0.5232857142857144,0.604617453572955,22.057836771011353
3,0.8,1.0,1.0,0.5,3,42,10,4,0.09327978345424517,0.24558174853507606,0.6294714523405864,0.625951560307837,0.43607115411112923,0.9083491277292126,0.907971490705844,0.7934094346634827,0.3934323869158169,0.38996869126191713,0.1512934013069943,0.5879077429223251,0.5868117435177123,0.32235560277843,0.3870967741935484,0.5859518054640006,0.5770313084227755,1.1237056255340576
3,0.8,1.0,1.0,0.5,4,27,10,4,0.09709136358538785,0.24899216609499072,0.6308804698665145,0.6273739407397609,0.4422104146814022,0.9116055475593928,0.9112424542131328,0.8049349549879696,0.519007726505016,0.5162610856109747,0.2251937983343482,0.8218349120156891,0.821362937249629,0.6293450096268156,0.3829787234042553,0.5859518054640006,0.5778007174452643,0.6760389804840088
3,0.8,1.0,1.0,0.5,5,72,10,3,0.0732367060865187,0.26378058904857604,0.5577858144531889,0.5535801719707367,0.3618659479343916,0.789789857030486,0.789150994948784,0.6112350182388241,0.42475911583198495,0.42146987118303786,0.16437240388502095,0.6668307613228104,0.6661552998165207,0.4990750972068573,0.2920353982300885,0.527495575221239,0.6041703324768783,2.200009822845459
3,0.8,1.0,1.0,0.5,6,53,10,5,0.11629202294142127,0.2414421547738714,0.70728801714255,0.7045198626019851,0.5242674832358488,1.0,1.0,1.0,0.4931349880319212,0.4902560108789504,0.20772069585840455,0.7375733655715296,0.7367405406672015,0.4724246305454723,0.4444444444444444,0.546000546000546,0.49133766385636257,1.5035181045532227
3,0.8,1.0,1.0,0.5,7,111,10,4,0.10456896023847645,0.26234996302560404,0.6369013222529083,0.6334649294890689,0.45188994699782475,0.897406368541996,0.8969792788487176,0.7526454569778374,0.5205105177051398,0.5177846076523873,0.2287481582189006,0.8357447021357429,0.8353020509100346,0.6777225590952062,0.48484848484848486,0.5859518054640006,0.46677761094473313,3.4446911811828613
3,0.8,1.0,1.0,0.5,8,103,10,3,0.07001907330646603,0.26161906948756775,0.5670358443951612,0.5629174438941924,0.36976521823929853,0.7889606460971244,0.7883188157233192,0.6085417084158432,0.4012752495780708,0.3978510057794851,0.1610100677928166,0.6827081189134144,0.6820642499665682,0.536681216439622,0.29464285714285715,0.5292321428571429,0.5961999827497865,2.8487911224365234
3,0.8,1.0,1.0,0.5,9,42,10,4,0.10233156339931689,0.26992855348686495,0.6397395850091984,0.6363048777447066,0.4382601619913586,0.9083491277292126,0.907971490705844,0.7934094346634827,0.4348233210794,0.43158210189259005,0.16352248188958676,0.5879077429223251,0.5868117435177123,0.32235560277843,0.28,0.5194799999999999,0.6203755014319499,0.6830089092254639
3,0.8,1.0,1.0,0.75,0,110,10,4,0.0896917582209292,0.24203974778731413,0.6411841831263417,0.6377975677007546,0.44706570733301443,0.9083491277292126,0.907971490705844,0.7934094346634827,0.41086651743166575,0.407527952851528,0.16528398315322135,0.5879077429223251,0.5868117435177123,0.32235560277843,0.45454545454545453,0.6400519480519481,0.1790736780231202,2.4851715564727783
3,0.8,1.0,1.0,0.75,1,50,10,5,0.11191434578972521,0.24460892911093188,0.6814519155736922,0.6784521240174157,0.4967862933636145,1.0,1.0,1.0,0.4975468999313637,0.49470710849095295,0.20949633445575688,0.7375733655715295,0.7367405406672013,0.4724246305454723,0.6,0.7326,0.14444967250214724,1.0271728038787842
3,0.8,1.0,1.0,0.75,2,1000,10,5,0.10941897460112021,0.23702900972489152,0.6827475316051582,0.6797590387213621,0.4955786127429225,1.0,1.0,1.0,0.4977123233705,0.4948724572696385,0.21004806116516672,0.7375733655715295,0.7367405406672013,0.4724246305454723,0.6111111111111112,0.74,0.13329129830486047,22.119418621063232
3,0.8,1.0,1.0,0.75,3,113,10,4,0.09103197339570628,0.2378228491937666,0.6647934774884819,0.6616325045802005,0.48595647426739685,0.9083491277292126,0.907971490705844,0.7934094346634827,0.44768920318612565,0.444562602595036,0.18910572153975513,0.5879077429223251,0.5868117435177123,0.32235560277843,0.5789473684210527,0.7185789473684211,0.15596664061517548,3.0883822441101074
3,0.8,1.0,1.0,0.75,4,28,10,4,0.08301478353022353,0.2507838696774917,0.594027918705914,0.5902024958240267,0.40717539717916645,0.9037907607564276,0.9033926442098374,0.7752391372397232,0.4915826217720125,0.4887070395702767,0.2057710550552799,0.8294772696226799,0.829021252431157,0.6564476401607514,0.5789473684210527,0.7185789473684211,0.13946288448158753,0.8020484447479248
3,0.8,1.0,1.0,0.75,5,60,10,5,0.10432307246467115,0.22145096153461866,0.6778964001378034,0.6748625916894073,0.4885485898268937,1.0,1.0,1.0,0.4477764137565115,0.44465467883841897,0.18566177128350794,0.7375733655715295,0.7367405406672013,0.4724246305454723,0.5789473684210527,0.7185789473684211,0.15323661511281195,1.7781181335449219
3,0.8,1.0,1.0,0.75,6,107,10,5,0.109360401450579,0.23558629742416912,0.6763735197497888,0.6733251571705146,0.49246859520791547,1.0,1.0,1.0,0.46989572609258,0.46689878835332377,0.19819160554174362,0.7375733655715295,0.7367405406672013,0.4724246305454723,0.5789473684210527,0.724421052631579,0.15015140599672155,3.354055166244507
3,0.8,1.0,1.0,0.75,7,1000,10,3,0.05657196092078266,0.23875431849820059,0.5422572259546528,0.5379336456737509,0.3461628205885111,0.8021489417124285,0.8015540214626932,0.6413806962628472,0.38231147214229816,0.3788079727553634,0.16230090812736808,0.6640652098143663,0.6633936463526338,0.47901294122685556,0.44871794871794873,0.6361153846153846,0.2110457346112174,21.35934543609619
3,0.8,1.0,1.0,0.75,8,1000,10,5,0.11242227402636533,0.24527587985890695,0.6858178119438375,0.6828584087936242,0.4985183326080759,1.0,1.0,1.0,0.4976816548981732,0.4948418045523914,0.20995294019432814,0.7375733655715296,0.7367405406672015,0.4724246305454723,0.5789473684210527,0.724421052631579,0.15015140599672158,22.195033311843872
3,0.8,1.0,1.0,0.75,9,116,10,4,0.09712244933651129,0.2629442420571601,0.6127159545927658,0.609066870779059,0.417197291742485,0.897406368541996,0.8969792788487176,0.7526454569778374,0.4887273628155722,0.48583585932845136,0.20382452729161926,0.8357447021357427,0.8353020509100343,0.6777225590952062,0.5789473684210527,0.7185789473684211,0.13569446740670466,2.748642921447754
3,0.8,1.0,1.0,1.0,0,56,10,5,0.09564383976790841,0.21693271269081732,0.6290948772078354,0.6256092276006908,0.4321505277111018,1.0,1.0,1.0,0.4829466004294274,0.4800313602789354,0.20032521024005207,0.7375733655715296,0.7367405406672015,0.4724246305454723,0.9166666666666666,0.9435,0.0016905970683891267,1.522981882095337
3,0.8,1.0,1.0,1.0,1,62,10,5,0.0937804717530628,0.21204607331278846,0.6243176742227853,0.6207870810633799,0.4303324307716526,1.0,1.0,1.0,0.45501276393945533,0.45193997779073264,0.1846288488522136,0.7375733655715295,0.7367405406672013,0.4724246305454723,0.9166666666666666,0.9435,0.0017715290161555053,1.9412055015563965
3,0.8,1.0,1.0,1.0,2,66,10,5,0.09332899295209832,0.20988647169338673,0.6392410161718798,0.635850688283344,0.4350097003248681,1.0,1.0,1.0,0.45316590049036837,0.45008272095567164,0.18132271597423136,0.7375733655715295,0.7367405406672013,0.4724246305454723,0.9166666666666666,0.95275,0.001396436160252537,1.9782960414886475
3,0.8,1.0,1.0,1.0,3,52,10,4,0.06469184083734637,0.2048058121893131,0.6196886915795127,0.6161145370241896,0.4238887726239975,0.9116055475593928,0.9112424542131328,0.8049349549879696,0.3823857689427341,0.3789034244316152,0.15167412957342355,0.5933517525706161,0.5922745061043153,0.3316882713421359,0.8918918918918919,0.9348971613122555,0.0020195694303613847,1.628199577331543
3,0.8,1.0,1.0,1.0,4,72,10,4,0.07902691339755345,0.22353061036164318,0.6043578869079194,0.6006396538986021,0.3929664790394323,0.897406368541996,0.8969792788487176,0.7526454569778374,0.4248456963392931,0.42160275708743905,0.16866554668504952,0.8357447021357429,0.8353020509100345,0.6777225590952062,0.8918918918918919,0.9348971613122555,0.0020195694303613812,1.9777159690856934
3,0.8,1.0,1.0,1.0,5,40,10,4,0.07975378011323996,0.22408142432913522,0.6437642416869729,0.6404163673215444,0.44094415646326657,0.9116055475593928,0.9112424542131328,0.8049349549879696,0.4497559078878302,0.4466534424400251,0.17945756318834258,0.8218349120156891,0.821362937249629,0.6293450096268156,0.9705882352941176,0.9805000000000001,0.0002760250436368637,0.8202283382415771
3,0.8,1.0,1.0,1.0,6,116,10,5,0.09390204011524804,0.21309727489962818,0.6189853457912373,0.6154045812127635,0.42863297258924565,1.0,1.0,1.0,0.43225979275373827,0.429058657004225,0.17550419753492993,0.7375733655715296,0.7367405406672015,0.4724246305454723,0.8918918918918919,0.9348971613122555,0.0020195694303613847,2.688434600830078
3,0.8,1.0,1.0,1.0,7,1000,10,4,0.07842995418583369,0.22170971953003946,0.6386202526494564,0.6352240354980138,0.4308684329967634,0.9083491277292126,0.907971490705844,0.7934094346634827,0.4230002107329845,0.4197468874619973,0.16674467456492634,0.587907742922325,0.5868117435177121,0.32235560277843,0.9705882352941176,0.9805000000000001,0.0002760250436368637,22.635628938674927
3,0.8,1.0,1.0,1.0,8,64,10,4,0.06584377285784002,0.2101048703545231,0.5463384793097344,0.5420749816044358,0.35495106563711837,0.8974063685419958,0.8969792788487174,0.7526454569778374,0.3030044982886969,0.2990745719081082,0.10979177686845078,0.5695438300688878,0.5683837947232321,0.28830015171599577,0.8918918918918919,0.9348971613122555,0.002019569430361388,1.9300477504730225
3,0.8,1.0,1.0,1.0,9,1000,10,5,0.10020208002264662,0.22893920232863546,0.625820893048985,0.6223044268626649,0.4386620562667785,1.0,1.0,1.0,0.4819938825616474,0.47907322329240654,0.19916540697222596,0.7375733655715296,0.7367405406672015,0.4724246305454723,0.9166666666666666,0.9435,0.0017715290161555053,23.44574761390686
3,1.0,0.0,0.0,0.0,0,17,3,3,0.3000960427427212,0.30006657630309463,0.7919954100813235,0.791365859225642,0.6149134768877957,0.792676458447326,0.7920479364188314,0.6178455857756018,0.6467140735940206,0.6458164057367729,0.44198892731327694,0.6398829605162115,0.6389611927460443,0.42965422834092154,0.4606741573033708,0.6295102103485337,0.08869216512632283,0.0497591495513916
3,1.0,0.0,0.0,0.0,1,33,4,4,0.30330959509333777,0.30324649544915616,0.908286786541069,0.9079097241974984,0.7915753497024844,0.9083491277292126,0.907971490705844,0.7934094346634827,0.7909887969767587,0.7902758452404195,0.6000696491729003,0.7849276230002518,0.7841885630133321,0.586029113950917,0.4606741573033708,0.6295102103485337,0.10749220154333852,0.0822455883026123
3,1.0,0.0,0.0,0.0,2,13,3,3,0.3000960427427212,0.30006657630309463,0.7919954100813236,0.7913658592256422,0.6149134768877957,0.792676458447326,0.7920479364188314,0.6178455857756018,0.6467140735940206,0.6458164057367729,0.44198892731327694,0.6398829605162113,0.6389611927460442,0.42965422834092154,0.4606741573033708,0.6295102103485337,0.08869216512632282,0.0436558723449707
3,1.0,0.0,0.0,0.0,3,22,2,2,0.3008090782574572,0.30080907825745745,0.5916192536088873,0.59090064872952,0.37797664007241627,0.5960908120545209,0.5953808212273226,0.38786077858471907,0.39012433863433876,0.38920475034961693,0.20644409204749883,0.3851413325894215,0.38420931149396687,0.20059074619948228,0.4782608695652174,0.6473539407671144,0.06523662779639602,0.06425166130065918
3,1.0,0.0,0.0,0.0,4,16,2,2,0.2737275460629888,0.2737275460629887,0.5872903773570707,0.5865618743007849,0.36956399957774183,0.5879077429223252,0.5871790535706989,0.3717161405198315,0.38446571640121735,0.3835342754756657,0.19752906236483256,0.3743048644791922,0.3733499377445826,0.18335168112761258,0.4606741573033708,0.6295102103485337,0.0685285252700885,0.05361151695251465
3,1.0,0.0,0.0,0.0,5,28,3,3,0.2987750648280684,0.29875189653209566,0.7894563009729061,0.7888176692314446,0.6090757458430014,0.789789857030486,0.789150994948784,0.6112350182388241,0.6435266988800892,0.6426187242162484,0.4365243430522436,0.636218386690312,0.6352846396218612,0.42347263580084515,0,0.0,inf,0.08126616477966309
3,1.0,0.0,0.0,0.0,6,16,4,4,0.30330959509333777,0.30324649544915616,0.908286786541069,0.9079097241974984,0.7915753497024844,0.9083491277292126,0.907971490705844,0.7934094346634827,0.7909887969767587,0.7902758452404195,0.6000696491729003,0.7849276230002518,0.7841885630133321,0.586029113950917,0.4606741573033708,0.6295102103485337,0.10749220154333854,0.05244183540344238
3,1.0,0.0,0.0,0.0,7,20,2,2,0.3068011020001426,0.30680110200014254,0.5878399019601795,0.5871126581313231,0.3706193494105449,0.5879077429223252,0.5871790535706989,0.3717161405198315,0.672199343603704,0.6717035325534596,0.5329726615200185,0.6768387497441452,0.676345545785955,0.5489778408135174,0.46629213483146065,0.6339362092142247,0.06673176103870496,0.06337928771972656
3,1.0,0.0,0.0,0.0,8,22,3,3,0.29479873514155075,0.2948250570627073,0.7964875200702813,0.7958739447619763,0.6258352922217565,0.8021489417124285,0.8015540214626932,0.6413806962628472,0.652349128612483,0.6514695757814329,0.45216951389927995,0.6518928236684518,0.6510099162702462,0.4514820116115285,0.4606741573033708,0.6295102103485337,0.08672119699976663,0.06376194953918457
3,1.0,0.0,0.0,0.0,9,32,2,2,0.30254059460160804,0.3025405946016079,0.5933918153386777,0.5926772493795246,0.3814880303054271,0.5976802337166613,0.5969738544387009,0.39109438552078163,0.3924399607337398,0.39152520480717656,0.21015328256567536,0.3872439306503139,0.3863163273739962,0.2040240706420313,0.6198830409356725,0.7670320923332972,0.027921690199618477,0.08862519264221191
3,1.0,0.0,0.0,0.25,0,14,4,4,0.30330959509333777,0.30324649544915616,0.908286786541069,0.9079097241974984,0.7915753497024844,0.9083491277292126,0.907971490705844,0.7934094346634827,0.7909887969767587,0.7902758452404195,0.6000696491729003,0.7849276230002518,0.7841885630133321,0.586029113950917,0.4606741573033708,0.6295102103485337,0.10749220154333854,0.10623574256896973
3,1.0,0.0,0.0,0.25,1,27,3,3,0.3198900123088649,0.31988146072674917,0.7382712632211267,0.7374429749388643,0.4728567797325691,0.7375733655715297,0.7367405406672015,0.4724246305454723,0.831507283795988,0.8310572568623777,0.6618054094433068,0.8357447021357429,0.8353020509100346,0.6777225590952062,0,0.0,inf,0.1811356544494629
3,1.0,0.0,0.0,0.25,2,17,3,3,0.29582723972303343,0.2956706898560772,0.7904764725728854,0.7898414931742513,0.6114464079728974,0.7852802150932446,0.7846251091678986,0.6010060305727019,0.6448075264531996,0.6439036979318009,0.43874541557546143,0.630488902126393,0.6295363171801378,0.41386322570661177,0.4782608695652174,0.6473539407671144,0.08578342002708612,0.1134805679321289
3,1.0,0.0,0.0,0.25,3,22,4,4,0.3075619917035833,0.3073762154095663,0.902462641840836,0.9020594281071008,0.7700580044778049,0.897406368541996,0.8969792788487176,0.7526454569778374,0.9999999999999998,0.9999999999999998,1.0,1.0,1.0,1.0,0,0.0,inf,0.21552610397338867
3,1.0,0.0,0.0,0.25,4,28,3,3,0.3034411497477427,0.3031720513147306,0.7919171422000004,0.7912873128296978,0.6146580667163571,0.7916267295012033,0.7909944647108239,0.6144266258107057,0.8871644058134939,0.8868776795289721,0.8294919785110026,0.8919096298303802,0.8916326823937588,0.8472089812237649,0.4576271186440678,0.6266536694053753,0.08923976559220494,0.3385353088378906
3,1.0,0.0,0.0,0.25,5,18,2,2,0.3068011020001426,0.30680110200014254,0.5878399019601795,0.5871126581313231,0.3706193494105449,0.5879077429223252,0.5871790535706989,0.3717161405198315,0.672199343603704,0.6717035325534596,0.5329726615200185,0.6768387497441452,0.676345545785955,0.5489778408135174,0.46629213483146065,0.6339362092142247,0.06673176103870496,0.3781895637512207
3,1.0,0.0,0.0,0.25,6,19,3,3,0.29218812907527586,0.2924978798475079,0.7964944021672811,0.7958808511897366,0.6258578876687111,0.8021489417124285,0.8015540214626932,0.6413806962628472,0.652357757883099,0.6514782326134035,0.45219051787202735,0.6518928236684518,0.6510099162702462,0.4514820116115285,0.46629213483146065,0.6339362092142247,0.08473502501170042,0.15418052673339844
3,1.0,0.0,0.0,0.25,7,16,4,4,0.3042848217540427,0.30446028467943204,0.9075030477238635,0.9071224809899361,0.7887321917624809,0.9116055475593928,0.9112424542131328,0.8049349549879696,0.7900275203691857,0.7893107041629335,0.597632408039675,0.7889606460971244,0.7882379262538325,0.5957957470317893,0,0.0,inf,0.11087846755981445
3,1.0,0.0,0.0,0.25,8,20,3,3,0.2972879112772519,0.2973073712175688,0.7964599900015984,0.7958463173618422,0.6257449183498832,0.8019282820082536,0.8013325861275414,0.6406540834881669,0.6523146093044463,0.6514349462179657,0.45208550297897,0.6516133272375468,0.6507295243611372,0.4508122830368131,0.4576271186440678,0.6266536694053753,0.08722072215897936,0.2604334354400635
3,1.0,0.0,0.0,0.25,9,23,2,2,0.30254059460160804,0.3025405946016079,0.5933918153386777,0.5926772493795246,0.3814880303054271,0.5976802337166613,0.5969738544387009,0.39109438552078163,0.3924399607337398,0.39152520480717656,0.21015328256567536,0.3872439306503139,0.3863163273739962,0.2040240706420313,0.6198830409356725,0.7670320923332972,0.027921690199618477,0.1802983283996582
3,1.0,0.0,0.0,0.5,0,31,3,3,0.29479873514155075,0.2948250570627073,0.7964875200702813,0.7958739447619763,0.6258352922217565,0.8021489417124285,0.8015540214626932,0.6413806962628472,0.652349128612483,0.6514695757814329,0.45216951389927995,0.651892823668452,0.6510099162702464,0.4514820116115285,0.4606741573033708,0.6295102103485337,0.08672119699976662,0.7519798278808594
3,1.0,0.0,0.0,0.5,1,31,3,3,0.3000960427427214,0.30006657630309463,0.7919954100813235,0.791365859225642,0.6149134768877957,0.7926764584473263,0.7920479364188315,0.6178455857756018,0.6467140735940206,0.6458164057367729,0.44198892731327694,0.6398829605162116,0.6389611927460445,0.42965422834092154,0.4606741573033708,0.6295102103485337,0.08869216512632283,0.29181575775146484
3,1.0,0.0,0.0,0.5,2,15,3,3,0.29965609163136636,0.2994088774763782,0.7894055587341606,0.7887667457732628,0.6089106796367217,0.7889606460971244,0.7883188157233192,0.6085417084158432,0.8845719290363132,0.8842779076687588,0.8229290651397652,0.8891543252970434,0.8888695855552406,0.8404468849639695,0,0.0,inf,0.19309115409851074
3,1.0,0.0,0.0,0.5,3,109,3,3,0.29728791127725174,0.2973073712175688,0.7964599900015984,0.7958463173618422,0.6257449183498832,0.8019282820082536,0.8013325861275414,0.6406540834881669,0.6523146093044464,0.6514349462179659,0.45208550297897,0.6516133272375468,0.6507295243611372,0.4508122830368131,0.4576271186440678,0.6266536694053753,0.08722072215897937,3.3376002311706543
3,1.0,0.0,0.0,0.5,4,26,3,3,0.3000960427427212,0.3000665763030945,0.7919954100813236,0.7913658592256422,0.6149134768877957,0.7926764584473263,0.7920479364188315,0.6178455857756018,0.6467140735940206,0.6458164057367729,0.44198892731327694,0.6398829605162114,0.6389611927460443,0.42965422834092154,0.4606741573033708,0.6295102103485337,0.08869216512632282,0.48943257331848145
3,1.0,0.0,0.0,0.5,5,18,4,4,0.2913748138964655,0.2912005202031929,0.9090437908389912,0.9086701087019787,0.7943429996270311,0.9137594533047027,0.9134059329538328,0.8127690521941776,0.7919171422000004,0.7912079172740434,0.6024389496913674,0.7916267295012032,0.7909147573609078,0.602400964174539,0.4576271186440678,0.6266536694053753,0.10767356047338159,0.13810181617736816
3,1.0,0.0,0.0,0.5,6,38,2,2,0.3065022615582611,0.306502261558261,0.5864457028076931,0.5857152626526245,0.36794884669240996,0.581408430461704,0.5806647649710639,0.35946576657210166,0.6707000927129854,0.6702014414849434,0.5295124914864294,0.6698226521030716,0.6693160184610265,0.5327971294054453,0.4576271186440678,0.6266536694053753,0.06915754410477812,0.7455263137817383
3,1.0,0.0,0.0,0.5,7,43,3,3,0.2950513599127718,0.29530216631464934,0.7893604470334368,0.7887214729506181,0.6087639900510177,0.7889606460971246,0.7883188157233194,0.6085417084158432,0.6434063406841896,0.6424979775415118,0.4362320611924765,0.6351652836494971,0.6342280982950598,0.42094768363328244,0,0.0,inf,0.854640007019043
3,1.0,0.0,0.0,0.5,8,32,2,2,0.30676087177327976,0.30676087177327976,0.5886439109427256,0.587918508065989,0.3721699660878811,0.5843445647456531,0.5836076786123202,0.3649394192885749,0.6730637408663831,0.6725695649254293,0.5349795162386692,0.6729934599358478,0.6724929101529477,0.5400412938889216,0.6036585365853658,0.7526513855627779,0.02940916394813996,0.480330228805542
3,1.0,0.0,0.0,0.5,9,109,3,3,0.28007014749666437,0.2797651948227627,0.7912521513553256,0.7906199474689949,0.6130686761259063,0.7916267295012034,0.790994464710824,0.6144266258107057,0.6457812186532956,0.6448805405867795,0.4402637862713665,0.6385505741240013,0.637624474122608,0.42645992265876403,0.4576271186440678,0.6266536694053753,0.08869572583487967,2.347787380218506
3,1.0,0.0,0.0,0.75,0,43,4,4,0.28999564489917856,0.28967696566936385,0.9041296431413824,0.9037339420232676,0.7760883163884392,0.9000920107272863,0.8996771460213145,0.7622414951112423,0.7858882559572731,0.7851547448691063,0.586753001857982,0.7746891130677099,0.7739081836339227,0.5593213086866492,0.4782608695652174,0.6473539407671144,0.10623625834148834,1.1363615989685059
3,1.0,0.0,0.0,0.75,1,39,10,3,0.18987009181041611,0.2969424261761698,0.6889141873204462,0.685292992668334,0.5270392171618683,0.8019282820082536,0.8013325861275414,0.6406540834881669,0.5631623305746576,0.5590062012933253,0.36115039281810646,0.6516133272375468,0.6507295243611372,0.4508122830368131,0,0.0,inf,1.150954246520996
3,1.0,0.0,0.0,0.75,2,111,10,3,0.18530734658297104,0.2942483082768359,0.6627490446343146,0.658811936565959,0.5068251454192001,0.7921997857472497,0.7915695648752535,0.6162892627615703,0.5340916037714292,0.5296449161521946,0.3429499396930672,0.6392779718964172,0.6383542378752756,0.4282009089578253,0,0.0,inf,3.4460036754608154
3,1.0,0.0,0.0,0.75,3,16,4,4,0.30330959509333777,0.30324649544915616,0.908286786541069,0.9079097241974984,0.7915753497024844,0.9083491277292126,0.907971490705844,0.7934094346634827,0.7909887969767587,0.7902758452404195,0.6000696491729003,0.7849276230002518,0.7841885630133321,0.586029113950917,0.4606741573033708,0.6295102103485337,0.10749220154333852,0.13665056228637695
3,1.0,0.0,0.0,0.75,4,25,2,2,0.3065022615582611,0.306502261558261,0.5864457028076931,0.5857152626526245,0.36794884669240996,0.581408430461704,0.5806647649710639,0.35946576657210166,0.6707000927129854,0.6702014414849434,0.5295124914864294,0.6698226521030716,0.6693160184610265,0.5327971294054453,0.4576271186440678,0.6266536694053753,0.06915754410477813,0.618149995803833
3,1.0,0.0,0.0,0.75,5,15,4,4,0.30225652517010065,0.30219976768382173,0.9062134325366954,0.9058270894842647,0.7840181975146335,0.9059896953135614,0.9056014712345598,0.78488266182146,0.7884454500433647,0.7877222627828132,0.5935840403399594,0.7820038042783822,0.7812528432163193,0.5787657424083629,0,0.0,inf,0.11598420143127441
3,1.0,0.0,0.0,0.75,6,21,10,3,0.1895394871740746,0.29122258306658044,0.6800939991749326,0.6763581454924831,0.5274383650004513,0.7849276230002521,0.7842712471813089,0.5998687124749003,0.7130304748170367,0.7102906170152075,0.6325414678731963,0.884983406868874,0.884686800044098,0.830441303607371,0,0.0,inf,0.32372426986694336
3,1.0,0.0,0.0,0.75,7,20,4,3,0.2562328290047435,0.28692425348803796,0.7393600935337932,0.7382412190609461,0.5848552902235901,0.7889606460971246,0.7883188157233194,0.6085417084158432,0.6299405566032752,0.6286171635326255,0.4217054260615621,0.6351652836494971,0.6342280982950598,0.42094768363328244,0,0.0,inf,0.17462635040283203
3,1.0,0.0,0.0,0.75,8,111,10,4,0.1885821479000355,0.23133886734571515,0.7082673283857803,0.7048698938577577,0.5368759048572829,0.897406368541996,0.8969792788487176,0.7526454569778374,0.7502295288775429,0.7478520167433025,0.6977941925727612,1.0,1.0,1.0,0,0.0,inf,3.269538402557373
3,1.0,0.0,0.0,0.75,9,54,10,4,0.1921968009517776,0.2295303227971252,0.6946909273337237,0.6911217705294271,0.5261039299132105,0.897406368541996,0.8969792788487176,0.7526454569778374,0.7355163816433926,0.7329882961884906,0.6860906310786453,1.0,1.0,1.0,0,0.0,inf,1.0605273246765137
3,1.0,0.0,0.0,1.0,0,24,10,3,0.15477144955334293,0.2990685637603394,0.6727469695173718,0.6691565003648162,0.49125274778599803,0.7889606460971244,0.7883188157233192,0.6085417084158432,0.7039802924338251,0.7013330328444708,0.5902264444300126,0.8891543252970434,0.8888695855552406,0.8404468849639695,0,0.0,inf,0.5464522838592529
3,1.0,0.0,0.0,1.0,1,33,10,5,0.13269541585501435,0.13801033610218924,0.6156003252225095,0.6113857772114185,0.4380159389426951,1.0,1.0,1.0,0.5256694121995296,0.5214307223458265,0.3109210225818337,0.8974063685419956,0.8969792788487173,0.7526454569778374,0,0.0,inf,0.6010656356811523
3,1.0,0.0,0.0,1.0,2,26,10,3,0.13667788416082977,0.27411461540234255,0.5990574264774835,0.5946626905203712,0.43618295887126135,0.7926764584473263,0.7920479364188315,0.6178455857756018,0.47375195832851436,0.4690507075274663,0.28301751608728026,0.6398829605162114,0.6389611927460443,0.42965422834092154,0,0.0,inf,0.7199578285217285
3,1.0,0.0,0.0,1.0,3,25,10,4,0.1537603336246331,0.21645314351207245,0.6544412653330434,0.6506606451870157,0.4967231806186232,0.9083491277292126,0.907971490705844,0.7934094346634827,0.5318373354115926,0.5276634524629717,0.3357109250343199,0.7849276230002518,0.7841885630133321,0.586029113950917,0,0.0,inf,0.6486432552337646
3,1.0,0.0,0.0,1.0,4,39,10,3,0.1219061570576584,0.2531475827879668,0.5805023964275103,0.5759000387099574,0.39142394785963125,0.7889606460971244,0.7883188157233192,0.6085417084158432,0.5789670745543314,0.5752019975165186,0.4495732903746082,0.8891543252970434,0.8888695855552406,0.8404468849639695,0,0.0,inf,1.0755376815795898
3,1.0,0.0,0.0,1.0,5,27,10,4,0.16606516788707193,0.2772870434453114,0.7094371523993781,0.7063701069746896,0.5709172568568776,0.9037907607564276,0.9033926442098374,0.7752391372397232,0.6130087975047107,0.6096888181524661,0.4104397854471369,0.7792775881454947,0.7785155100165544,0.5705119925521072,0,0.0,inf,0.7005352973937988
3,1.0,0.0,0.0,1.0,6,27,10,4,0.14202886817381827,0.2172979067240509,0.6419362708703042,0.6380091791175795,0.4504331487096219,0.897406368541996,0.8969792788487176,0.7526454569778374,0.6565621223066044,0.6534920136742811,0.5470106403545575,1.0,1.0,1.0,0,0.0,inf,0.576991081237793
3,1.0,0.0,0.0,1.0,7,38,10,4,0.14220277986671712,0.2269764573805322,0.6424409936630401,0.6385308523912513,0.4596368876835547,0.9116055475593928,0.9112424542131328,0.8049349549879696,0.525424902980358,0.5211959290135658,0.30629047432475737,0.7889606460971244,0.7882379262538325,0.5957957470317893,0,0.0,inf,1.088721513748169
3,1.0,0.0,0.0,1.0,8,31,10,4,0.1499228549879052,0.26126329937879705,0.7026740675741983,0.69953624702244,0.5688044992587252,0.9000920107272863,0.8996771460213145,0.7622414951112423,0.5886101055549132,0.5850815573116293,0.39845573768370685,0.7746891130677099,0.7739081836339227,0.5593213086866492,0,0.0,inf,0.9176590442657471
3,1.0,0.0,0.0,1.0,9,34,10,4,0.1576102835473816,0.22465338139551394,0.6690800710480511,0.6654528109960001,0.4922885687915784,0.9116055475593928,0.9112424542131328,0.8049349549879696,0.5475680801930196,0.5435262154620545,0.33171807119144114,0.7889606460971247,0.7882379262538328,0.5957957470317893,0,0.0,inf,0.834714412689209
3,1.0,0.0,0.25,0.0,0,23,3,3,0.31164303676596333,0.31171724552657604,0.7354729417434915,0.734633884876582,0.4668474983380486,0.7250071641342934,0.7241254949570672,0.44647024161769056,0.8285876433343167,0.8281286458472752,0.6544238835522656,0.8225957765145105,0.8221121462071457,0.6452535784679942,0,0.0,inf,0.46904993057250977
3,1.0,0.0,0.25,0.0,1,22,4,4,0.30330959509333777,0.30324649544915616,0.908286786541069,0.9079097241974984,0.7915753497024844,0.9083491277292126,0.907971490705844,0.7934094346634827,0.7909887969767586,0.7902758452404194,0.6000696491729003,0.7849276230002519,0.7841885630133323,0.586029113950917,0.4606741573033708,0.6295102103485337,0.10749220154333855,0.11294960975646973
3,1.0,0.0,0.25,0.0,2,22,3,3,0.3129016539548131,0.31276217198390466,0.7503978476511641,0.7496157526369165,0.4999303752085892,0.7595386266093844,0.7587891678710779,0.523012647821584,0.5942922483529102,0.5932206458935332,0.3313032695545437,0.5976802337166612,0.5966178608565919,0.3387811841838666,0.6024096385542169,0.7507507507507507,0.04689952483812036,0.1609342098236084
3,1.0,0.0,0.25,0.0,3,39,3,3,0.293832105090291,0.2936534650303344,0.7903227834399137,0.7896872559207784,0.6109458131619562,0.7849276230002521,0.7842712471813089,0.5998687124749003,0.6446145860740942,0.64371013571519,0.4382766299624657,0.6300407065822518,0.6290866490125593,0.41279146196657973,0.4606741573033708,0.6295102103485337,0.08851436690483666,0.5814473628997803
3,1.0,0.0,0.25,0.0,4,23,3,3,0.2983703123107675,0.2986255727684463,0.7920532465028122,0.791423901436366,0.6151023239096007,0.7921997857472497,0.7915695648752535,0.6162892627615703,0.646786657590236,0.6458892231046282,0.44216543450967255,0.6392779718964172,0.6383542378752756,0.4282009089578253,0.4782608695652174,0.6473539407671144,0.0859584404584638,0.2659122943878174
3,1.0,0.0,0.25,0.0,5,17,4,4,0.3075619917035833,0.3073762154095663,0.902462641840836,0.9020594281071008,0.7700580044778049,0.897406368541996,0.8969792788487176,0.7526454569778374,1.0,1.0,1.0,1.0,1.0,1.0,0,0.0,inf,0.11049032211303711
3,1.0,0.0,0.25,0.0,6,17,3,3,0.2983703123107674,0.29862557276844615,0.7920532465028122,0.791423901436366,0.6151023239096007,0.7921997857472497,0.7915695648752535,0.6162892627615703,0.6467866575902359,0.645889223104628,0.44216543450967255,0.6392779718964172,0.6383542378752756,0.4282009089578253,0.4782608695652174,0.6473539407671144,0.08595844045846382,0.1069953441619873
3,1.0,0.0,0.25,0.0,7,22,3,3,0.2987750648280684,0.29875189653209566,0.7894563009729061,0.7888176692314446,0.6090757458430014,0.789789857030486,0.789150994948784,0.6112350182388241,0.6435266988800892,0.6426187242162484,0.4365243430522436,0.636218386690312,0.6352846396218612,0.42347263580084515,0,0.0,inf,0.23346734046936035
3,1.0,0.0,0.25,0.0,8,18,3,3,0.31989001230886466,0.3198814607267488,0.7382712632211267,0.7374429749388643,0.4728567797325691,0.7375733655715295,0.7367405406672014,0.4724246305454723,0.831507283795988,0.8310572568623777,0.6618054094433068,0.8357447021357427,0.8353020509100345,0.6777225590952062,0,0.0,inf,0.1331167221069336
3,1.0,0.0,0.25,0.0,9,20,3,3,0.29582723972303326,0.2956706898560772,0.7904764725728852,0.7898414931742512,0.6114464079728974,0.7852802150932446,0.7846251091678986,0.6010060305727019,0.6448075264531995,0.6439036979318008,0.43874541557546143,0.630488902126393,0.6295363171801378,0.41386322570661177,0.4782608695652174,0.6473539407671144,0.08578342002708614,0.19713854789733887
3,1.0,0.0,0.25,0.25,0,22,3,3,0.3000960427427212,0.30006657630309463,0.7919954100813236,0.7913658592256422,0.6149134768877957,0.7926764584473263,0.7920479364188315,0.6178455857756018,0.6467140735940206,0.6458164057367729,0.44198892731327694,0.6398829605162114,0.6389611927460443,0.42965422834092154,0.4606741573033708,0.6295102103485337,0.08869216512632282,0.23272037506103516
3,1.0,0.0,0.25,0.25,1,23,3,3,0.3000960427427212,0.30006657630309463,0.7919954100813235,0.791365859225642,0.6149134768877957,0.792676458447326,0.7920479364188314,0.6178455857756018,0.6467140735940206,0.6458164057367729,0.44198892731327694,0.6398829605162115,0.6389611927460443,0.42965422834092154,0.4606741573033708,0.6295102103485337,0.08869216512632283,0.5818867683410645
3,1.0,0.0,0.25,0.25,2,22,3,3,0.2983703123107675,0.2986255727684463,0.7920532465028122,0.791423901436366,0.6151023239096007,0.7921997857472497,0.7915695648752535,0.6162892627615703,0.646786657590236,0.6458892231046282,0.44216543450967255,0.6392779718964172,0.6383542378752756,0.4282009089578253,0.4782608695652174,0.6473539407671144,0.0859584404584638,0.4725191593170166
3,1.0,0.0,0.25,0.25,3,32,3,3,0.2950513599127718,0.29530216631464934,0.7893604470334368,0.7887214729506181,0.6087639900510177,0.7889606460971246,0.7883188157233194,0.6085417084158432,0.6434063406841896,0.6424979775415118,0.4362320611924765,0.6351652836494971,0.6342280982950598,0.42094768363328244,0,0.0,inf,0.7451481819152832
3,1.0,0.0,0.25,0.25,4,26,3,3,0.29728791127725185,0.2973073712175688,0.7964599900015984,0.7958463173618422,0.6257449183498832,0.8019282820082536,0.8013325861275414,0.6406540834881669,0.6523146093044463,0.6514349462179657,0.45208550297897,0.6516133272375468,0.6507295243611372,0.4508122830368131,0.4576271186440678,0.6266536694053753,0.08722072215897936,0.49303412437438965
3,1.0,0.0,0.25,0.25,5,22,3,3,0.2972879112772519,0.29730737121756873,0.7964599900015984,0.7958463173618422,0.6257449183498832,0.8019282820082536,0.8013325861275414,0.6406540834881669,0.6523146093044464,0.6514349462179659,0.45208550297897,0.6516133272375468,0.6507295243611372,0.4508122830368131,0.4576271186440678,0.6266536694053753,0.08722072215897937,0.19508767127990723
3,1.0,0.0,0.25,0.25,6,16,4,4,0.30428482175404253,0.30446028467943204,0.9075030477238635,0.9071224809899361,0.7887321917624809,0.9116055475593928,0.9112424542131328,0.8049349549879696,0.7900275203691857,0.7893107041629335,0.597632408039675,0.7889606460971247,0.7882379262538328,0.5957957470317893,0,0.0,inf,0.10541677474975586
3,1.0,0.0,0.25,0.25,7,16,3,3,0.3034411497477426,0.3031720513147306,0.7919171422000004,0.7912873128296978,0.6146580667163571,0.7916267295012033,0.7909944647108239,0.6144266258107057,0.8871644058134939,0.8868776795289721,0.8294919785110026,0.8919096298303802,0.8916326823937588,0.8472089812237649,0.4576271186440678,0.6266536694053753,0.08923976559220492,0.11753702163696289
3,1.0,0.0,0.25,0.25,8,29,3,3,0.29965609163136636,0.2994088774763783,0.7894055587341606,0.7887667457732628,0.6089106796367217,0.7889606460971244,0.7883188157233192,0.6085417084158432,0.8845719290363132,0.8842779076687588,0.8229290651397652,0.8891543252970434,0.8888695855552406,0.8404468849639695,0,0.0,inf,0.1475355625152588
3,1.0,0.0,0.25,0.25,9,14,3,3,0.31164303676596333,0.31171724552657604,0.7354729417434915,0.734633884876582,0.4668474983380486,0.7250071641342934,0.7241254949570672,0.44647024161769056,0.8285876433343167,0.8281286458472752,0.6544238835522656,0.8225957765145105,0.8221121462071457,0.6452535784679942,0,0.0,inf,0.07523798942565918
3,1.0,0.0,0.25,0.5,0,111,3,3,0.29582723972303326,0.2956706898560772,0.7904764725728852,0.7898414931742512,0.6114464079728974,0.7852802150932446,0.7846251091678986,0.6010060305727019,0.6448075264531995,0.6439036979318008,0.43874541557546143,0.630488902126393,0.6295363171801378,0.41386322570661177,0.4782608695652174,0.6473539407671144,0.08578342002708614,2.3110592365264893
3,1.0,0.0,0.25,0.5,1,24,3,3,0.3034411497477426,0.3031720513147306,0.7919171422000004,0.7912873128296978,0.6146580667163571,0.7916267295012033,0.7909944647108239,0.6144266258107057,0.8871644058134939,0.8868776795289721,0.8294919785110026,0.8919096298303802,0.8916326823937588,0.8472089812237649,0.4576271186440678,0.6266536694053753,0.08923976559220494,0.24344468116760254
3,1.0,0.0,0.25,0.5,2,38,3,3,0.2795135602151512,0.27923837447429195,0.7914333662242105,0.7908018077543368,0.6136596154716961,0.7921997857472497,0.7915695648752535,0.6162892627615703,0.646008671947162,0.6451087259279827,0.44081657024714055,0.6392779718964172,0.6383542378752756,0.4282009089578253,0.4782608695652174,0.6473539407671144,0.0854652537979164,0.9585380554199219
3,1.0,0.0,0.25,0.5,3,28,3,3,0.29582723972303326,0.2956706898560769,0.7904764725728854,0.7898414931742513,0.6114464079728974,0.7852802150932446,0.7846251091678986,0.6010060305727019,0.6448075264531996,0.6439036979318009,0.43874541557546143,0.630488902126393,0.6295363171801378,0.41386322570661177,0.4782608695652174,0.6473539407671144,0.08578342002708614,0.5610768795013428
3,1.0,0.0,0.25,0.5,4,23,3,3,0.3034411497477426,0.3031720513147306,0.7919171422000004,0.7912873128296978,0.6146580667163571,0.7916267295012033,0.7909944647108239,0.6144266258107057,0.8871644058134939,0.8868776795289721,0.8294919785110026,0.8919096298303802,0.8916326823937588,0.8472089812237649,0.4576271186440678,0.6266536694053753,0.08923976559220492,0.3645744323730469
3,1.0,0.0,0.25,0.5,5,28,3,3,0.3034411497477426,0.3031720513147306,0.7919171422000004,0.7912873128296978,0.6146580667163571,0.7916267295012033,0.7909944647108239,0.6144266258107057,0.8871644058134939,0.8868776795289721,0.8294919785110026,0.8919096298303802,0.8916326823937588,0.8472089812237649,0.4576271186440678,0.6266536694053753,0.08923976559220492,0.6514232158660889
3,1.0,0.0,0.25,0.5,6,19,3,3,0.3129016539548131,0.31276217198390466,0.7503978476511641,0.7496157526369165,0.4999303752085892,0.7595386266093844,0.7587891678710779,0.523012647821584,0.5942922483529102,0.5932206458935332,0.3313032695545437,0.5976802337166612,0.5966178608565919,0.3387811841838666,0.6024096385542169,0.7507507507507507,0.04689952483812036,0.14070415496826172
3,1.0,0.0,0.25,0.5,7,109,3,3,0.3034411497477426,0.3031720513147306,0.7919171422000004,0.7912873128296978,0.6146580667163571,0.7916267295012033,0.7909944647108239,0.6144266258107057,0.8871644058134939,0.8868776795289721,0.8294919785110026,0.8919096298303802,0.8916326823937588,0.8472089812237649,0.4576271186440678,0.6266536694053753,0.08923976559220492,2.2776427268981934
3,1.0,0.0,0.25,0.5,8,112,3,3,0.29218812907527597,0.2924978798475077,0.7964944021672811,0.7958808511897366,0.6258578876687111,0.8021489417124285,0.8015540214626932,0.6413806962628472,0.652357757883099,0.6514782326134035,0.45219051787202735,0.6518928236684518,0.6510099162702462,0.4514820116115285,0.46629213483146065,0.6339362092142247,0.08473502501170044,2.492778778076172
3,1.0,0.0,0.25,0.5,9,34,2,2,0.3068011020001426,0.30680110200014254,0.5878399019601795,0.5871126581313231,0.3706193494105449,0.5879077429223252,0.5871790535706989,0.3717161405198315,0.672199343603704,0.6717035325534596,0.5329726615200185,0.6768387497441452,0.676345545785955,0.5489778408135174,0.46629213483146065,0.6339362092142247,0.06673176103870496,0.6259701251983643
3,1.0,0.0,0.25,0.75,0,81,10,4,0.1541779855396208,0.21186588879740803,0.6850021110947182,0.6815095795569303,0.5025772540857565,0.9116055475593928,0.9112424542131328,0.8049349549879696,0.5735769944356002,0.5697204243703499,0.34183581199327934,0.7889606460971247,0.7882379262538328,0.5957957470317893,0,0.0,inf,2.130136489868164
3,1.0,0.0,0.25,0.75,1,27,10,3,0.16642786987865094,0.29786813518583316,0.6628942946738724,0.6591552871624211,0.5025849849414066,0.7926764584473263,0.7920479364188315,0.6178455857756018,0.5394077376996356,0.5352404931126532,0.3401761824472252,0.6398829605162116,0.6389611927460445,0.42965422834092154,0,0.0,inf,0.6863102912902832
3,1.0,0.0,0.25,0.75,2,49,10,4,0.16904096541161817,0.2412560108578796,0.7058108140476889,0.7025739791925876,0.5262486646027971,0.9083491277292126,0.907971490705844,0.7934094346634827,0.5873051951295787,0.5836038405334155,0.3613020516872948,0.7849276230002519,0.7841885630133323,0.586029113950917,0,0.0,inf,1.3958702087402344
3,1.0,0.0,0.25,0.75,3,27,4,3,0.2641248773698007,0.3011359504892602,0.7828041939380096,0.7818833539453562,0.61692563391778,0.7926764584473263,0.7920479364188315,0.6178455857756018,0.6478068521615991,0.6465643127268477,0.4427782070042028,0.6398829605162116,0.6389611927460445,0.42965422834092154,0,0.0,inf,0.3809835910797119
3,1.0,0.0,0.25,0.75,4,109,4,4,0.2878514609258369,0.287719889790186,0.9069960203513316,0.9066131841674229,0.7868715044443074,0.9116055475593928,0.9112424542131328,0.8049349549879696,0.7894055587341606,0.7886862396567129,0.5960355563763461,0.7889606460971247,0.7882379262538328,0.5957957470317893,0,0.0,inf,3.3116672039031982
3,1.0,0.0,0.25,0.75,5,37,4,4,0.3042848217540427,0.30446028467943204,0.9075030477238635,0.9071224809899361,0.7887321917624809,0.9116055475593928,0.9112424542131328,0.8049349549879696,0.7900275203691858,0.7893107041629336,0.597632408039675,0.7889606460971247,0.7882379262538328,0.5957957470317893,0,0.0,inf,0.9716842174530029
3,1.0,0.0,0.25,0.75,6,38,10,4,0.16551298868384204,0.23417109524237026,0.6993207984771992,0.6960010007018991,0.5086367695339102,0.9116055475593928,0.9112424542131328,0.8049349549879696,0.5797790204807702,0.5759958547629096,0.3457461872894373,0.7889606460971244,0.7882379262538325,0.5957957470317893,0,0.0,inf,1.0631937980651855
3,1.0,0.0,0.25,0.75,7,35,4,4,0.28999564489917856,0.2896769656693638,0.9041296431413824,0.9037339420232676,0.7760883163884392,0.9000920107272863,0.8996771460213145,0.7622414951112423,0.7858882559572731,0.7851547448691063,0.586753001857982,0.7746891130677099,0.7739081836339227,0.5593213086866492,0.4782608695652174,0.6473539407671144,0.10623625834148834,0.7471358776092529
3,1.0,0.0,0.25,0.75,8,63,10,3,0.16426898772295015,0.2876041402101372,0.6641533060336944,0.6604240259510737,0.4996602810063138,0.7889606460971246,0.7883188157233194,0.6085417084158432,0.5494929105003604,0.5454118735811412,0.3388959659034282,0.6351652836494971,0.6342280982950598,0.42094768363328244,0,0.0,inf,1.8640735149383545
3,1.0,0.0,0.25,0.75,9,113,10,3,0.16295060569065836,0.31209621028610635,0.6095450943308586,0.6050686661180048,0.37711465922556014,0.7375733655715295,0.7367405406672014,0.4724246305454723,0.622551928067136,0.619011512276301,0.45761037046764536,0.8357447021357427,0.8353020509100345,0.6777225590952062,0,0.0,inf,3.3887932300567627
3,1.0,0.0,0.25,1.0,0,42,10,2,0.0991715349055621,0.2984275859517957,0.4505018192587073,0.4444202825965616,0.2806322835087226,0.581408430461704,0.5806647649710639,0.35946576657210166,0.4640909190012033,0.45924915213058404,0.32282457422383565,0.6698226521030716,0.6693160184610265,0.5327971294054453,0,0.0,inf,0.9819481372833252
3,1.0,0.0,0.25,1.0,1,29,10,4,0.16601193411249188,0.29636880609746913,0.7322235133430125,0.7294789153834363,0.5917568393965928,0.9059896953135614,0.9056014712345598,0.78488266182146,0.6389335658074279,0.635930531370474,0.42181670211057365,0.7820038042783822,0.7812528432163193,0.5787657424083629,0,0.0,inf,0.8087966442108154
3,1.0,0.0,0.25,1.0,2,1000,10,3,0.11797313401343586,0.2709606932981196,0.5950076717733922,0.5907225909136756,0.4481510465231261,0.7926764584473263,0.7920479364188315,0.6178455857756018,0.47542151906547697,0.4709069452998084,0.2951902905153115,0.6398829605162116,0.6389611927460445,0.42965422834092154,0,0.0,inf,21.8675799369812
3,1.0,0.0,0.25,1.0,3,31,10,3,0.13733179037850396,0.29028748276472166,0.6275834177730107,0.623649758252416,0.46098091602282704,0.7921997857472497,0.7915695648752535,0.6162892627615703,0.506371426153917,0.5021310888335287,0.3060236561155932,0.6392779718964172,0.6383542378752756,0.4282009089578253,0,0.0,inf,0.8337104320526123
3,1.0,0.0,0.25,1.0,4,40,10,4,0.15704886842355287,0.2921806704169885,0.7136357629519118,0.7107036122899032,0.5552198980389196,0.9083491277292126,0.907971490705844,0.7934094346634827,0.6480615484357422,0.6451376261826373,0.42913218391479835,0.7849276230002518,0.7841885630133321,0.586029113950917,0,0.0,inf,1.1325342655181885
3,1.0,0.0,0.25,1.0,5,42,10,3,0.10414123429693901,0.21930120868728675,0.46621398312834833,0.4603063398546866,0.2833438133262752,0.7250071641342934,0.7241254949570672,0.44647024161769056,0.483375077656934,0.47870753698217067,0.3262214171368953,0.8225957765145105,0.8221121462071457,0.6452535784679942,0,0.0,inf,1.1059370040893555
3,1.0,0.0,0.25,1.0,6,21,10,4,0.15346071312685466,0.285744282925622,0.7235394155564633,0.7207022837676059,0.5846141997859199,0.9000920107272863,0.8996771460213145,0.7622414951112423,0.6226657336566179,0.619523178305292,0.4130022314801669,0.7746891130677099,0.7739081836339227,0.5593213086866492,0,0.0,inf,0.44935154914855957
3,1.0,0.0,0.25,1.0,7,112,10,4,0.12115468931894478,0.20983158400563032,0.602797104985697,0.5985990209246103,0.4138612157228703,0.897406368541996,0.8969792788487176,0.7526454569778374,0.6315840218738876,0.6284171385549572,0.506640537459488,1.0,1.0,1.0,0,0.0,inf,3.469216823577881
3,1.0,0.0,0.25,1.0,8,23,10,3,0.12385208525798228,0.28213292941229734,0.5865174964471424,0.5821498701988157,0.41551443763292845,0.7926764584473263,0.7920479364188315,0.6178455857756018,0.4670236404215548,0.46244506496800236,0.2674761097822044,0.6398829605162116,0.6389611927460445,0.42965422834092154,0,0.0,inf,0.627711296081543
3,1.0,0.0,0.25,1.0,9,34,10,3,0.1322037534701067,0.28210132780693903,0.6280448862166734,0.6241238107812289,0.4672323979144784,0.8021489417124285,0.8015540214626932,0.6413806962628472,0.5071247929276846,0.5028999248688241,0.3115693066428759,0.6518928236684518,0.6510099162702462,0.4514820116115285,0,0.0,inf,0.8616659641265869
3,1.0,0.0,0.5,0.0,0,20,3,3,0.29505135991277176,0.2953021663146494,0.7893604470334368,0.7887214729506181,0.6087639900510177,0.7889606460971246,0.7883188157233194,0.6085417084158432,0.6434063406841896,0.6424979775415118,0.4362320611924765,0.6351652836494971,0.6342280982950598,0.42094768363328244,0,0.0,inf,0.48320817947387695
3,1.0,0.0,0.5,0.0,1,13,3,3,0.2978590692154402,0.2975951617027544,0.7759669430386229,0.7752897391816644,0.6090253013944774,0.7926764584473263,0.7920479364188315,0.6178455857756018,0.6289585891458749,0.6280171350569494,0.4363890739555867,0.6398829605162116,0.6389611927460445,0.42965422834092154,0.47398843930635837,0.6376856676257873,0.0782309042854501,0.12949323654174805
3,1.0,0.0,0.5,0.0,2,14,4,4,0.3075619917035833,0.3073762154095664,0.902462641840836,0.9020594281071008,0.7700580044778049,0.897406368541996,0.8969792788487176,0.7526454569778374,1.0,1.0,1.0,1.0,1.0,1.0,0,0.0,inf,0.10222649574279785
3,1.0,0.0,0.5,0.0,3,22,3,3,0.30103439871668963,0.3005347737148965,0.7760200760365358,0.7753430627780713,0.6091953026145135,0.7916267295012033,0.7909944647108239,0.6144266258107057,0.866100853961742,0.8657611245896483,0.815270635749196,0.8919096298303802,0.8916326823937588,0.8472089812237649,0.4576271186440678,0.6266536694053753,0.08610375598204413,0.20888066291809082
3,1.0,0.0,0.5,0.0,4,24,3,3,0.2950513599127718,0.2953021663146494,0.7893604470334368,0.7887214729506181,0.6087639900510177,0.7889606460971246,0.7883188157233194,0.6085417084158432,0.6434063406841896,0.6424979775415118,0.4362320611924765,0.6351652836494971,0.6342280982950598,0.42094768363328244,0,0.0,inf,0.48314642906188965
3,1.0,0.0,0.5,0.0,5,27,3,3,0.29218812907527586,0.2924978798475077,0.7964944021672811,0.7958808511897366,0.6258578876687111,0.8021489417124285,0.8015540214626932,0.6413806962628472,0.652357757883099,0.6514782326134035,0.45219051787202735,0.6518928236684518,0.6510099162702462,0.4514820116115285,0.46629213483146065,0.6339362092142247,0.08473502501170044,0.5929317474365234
3,1.0,0.0,0.5,0.0,6,110,2,2,0.3065022615582611,0.306502261558261,0.5864457028076931,0.5857152626526245,0.36794884669240996,0.581408430461704,0.5806647649710639,0.35946576657210166,0.6707000927129854,0.6702014414849434,0.5295124914864294,0.6698226521030716,0.6693160184610265,0.5327971294054453,0.4576271186440678,0.6266536694053753,0.06915754410477812,3.266632556915283
3,1.0,0.0,0.5,0.0,7,16,3,3,0.29479873514155086,0.2948250570627074,0.7964875200702813,0.7958739447619763,0.6258352922217565,0.8021489417124285,0.8015540214626932,0.6413806962628472,0.652349128612483,0.6514695757814329,0.45216951389927995,0.6518928236684518,0.6510099162702462,0.4514820116115285,0.4606741573033708,0.6295102103485337,0.0867211969997666,0.191270112991333
3,1.0,0.0,0.5,0.0,8,22,3,3,0.29479873514155075,0.2948250570627073,0.7964875200702813,0.7958739447619763,0.6258352922217565,0.8021489417124285,0.8015540214626932,0.6413806962628472,0.652349128612483,0.6514695757814329,0.45216951389927995,0.651892823668452,0.6510099162702464,0.4514820116115285,0.4606741573033708,0.6295102103485337,0.08672119699976663,0.5229504108428955
3,1.0,0.0,0.5,0.0,9,24,10,3,0.22027528247757858,0.2942695593740934,0.7101538134828399,0.7064822572325202,0.5453214377679695,0.7849276230002521,0.7842712471813089,0.5998687124749003,0.5791940439492743,0.5748299030457747,0.37696670315900205,0.6300407065822518,0.6290866490125593,0.41279146196657973,0,0.0,inf,0.6258444786071777
3,1.0,0.0,0.5,0.25,0,61,3,3,0.29218812907527586,0.2924978798475079,0.7964944021672811,0.7958808511897366,0.6258578876687111,0.8021489417124285,0.8015540214626932,0.6413806962628472,0.652357757883099,0.6514782326134035,0.45219051787202735,0.6518928236684518,0.6510099162702462,0.4514820116115285,0.46629213483146065,0.6339362092142247,0.08473502501170042,1.650315284729004
3,1.0,0.0,0.5,0.25,1,33,3,3,0.29479873514155086,0.2948250570627074,0.7964875200702813,0.7958739447619763,0.6258352922217565,0.8021489417124285,0.8015540214626932,0.6413806962628472,0.652349128612483,0.6514695757814329,0.45216951389927995,0.6518928236684518,0.6510099162702462,0.4514820116115285,0.4606741573033708,0.6295102103485337,0.08672119699976662,0.76483154296875
3,1.0,0.0,0.5,0.25,2,31,3,3,0.29505135991277176,0.2953021663146493,0.7893604470334368,0.7887214729506181,0.6087639900510177,0.7889606460971246,0.7883188157233194,0.6085417084158432,0.6434063406841896,0.6424979775415118,0.4362320611924765,0.6351652836494971,0.6342280982950598,0.42094768363328244,0,0.0,inf,0.646329402923584
3,1.0,0.0,0.5,0.25,3,16,4,4,0.30428482175404264,0.3044602846794321,0.9075030477238635,0.9071224809899361,0.7887321917624809,0.9116055475593928,0.9112424542131328,0.8049349549879696,0.7900275203691857,0.7893107041629335,0.597632408039675,0.7889606460971247,0.7882379262538328,0.5957957470317893,0,0.0,inf,0.1078038215637207
3,1.0,0.0,0.5,0.25,4,110,10,4,0.19346140605929035,0.2366683177589105,0.7034553659887887,0.6999886681634814,0.5257430810317643,0.897406368541996,0.8969792788487176,0.7526454569778374,0.7451252992531092,0.7426890613197944,0.6857672215549659,1.0,1.0,1.0,0,0.0,inf,3.4633922576904297
3,1.0,0.0,0.5,0.25,5,111,3,3,0.29728791127725185,0.2973073712175688,0.7964599900015984,0.7958463173618422,0.6257449183498832,0.8019282820082536,0.8013325861275414,0.6406540834881669,0.6523146093044464,0.6514349462179659,0.45208550297897,0.6516133272375468,0.6507295243611372,0.4508122830368131,0.4576271186440678,0.6266536694053753,0.08722072215897937,2.6846842765808105
3,1.0,0.0,0.5,0.25,6,18,4,4,0.30330959509333777,0.30324649544915616,0.908286786541069,0.9079097241974984,0.7915753497024844,0.9083491277292126,0.907971490705844,0.7934094346634827,0.7909887969767587,0.7902758452404195,0.6000696491729003,0.7849276230002519,0.7841885630133323,0.586029113950917,0.4606741573033708,0.6295102103485337,0.10749220154333854,0.0933084487915039
3,1.0,0.0,0.5,0.25,7,31,10,3,0.1957881647454122,0.31348002953042076,0.6667538555399029,0.6627444532247345,0.41803426163519347,0.7595386266093844,0.7587891678710779,0.523012647821584,0.5342532813952015,0.5296591028779268,0.25876208450826144,0.5976802337166612,0.5966178608565919,0.3387811841838666,0,0.0,inf,0.7331421375274658
3,1.0,0.0,0.5,0.25,8,19,4,4,0.30428482175404264,0.30446028467943204,0.9075030477238635,0.9071224809899361,0.7887321917624809,0.9116055475593928,0.9112424542131328,0.8049349549879696,0.7900275203691857,0.7893107041629335,0.597632408039675,0.7889606460971244,0.7882379262538325,0.5957957470317893,0,0.0,inf,0.11264896392822266
3,1.0,0.0,0.5,0.25,9,30,10,3,0.19520057342807168,0.2969519971027609,0.6860923219955635,0.6824190555875789,0.5215383370844562,0.7852802150932446,0.7846251091678986,0.6010060305727019,0.5593618970909752,0.5551455321917252,0.35603103050440155,0.630488902126393,0.6295363171801378,0.41386322570661177,0,0.0,inf,0.7943630218505859
3,1.0,0.0,0.5,0.5,0,29,3,3,0.29965609163136653,0.29940887747637823,0.7894055587341606,0.7887667457732628,0.6089106796367217,0.7889606460971244,0.7883188157233192,0.6085417084158432,0.8845719290363132,0.8842779076687588,0.8229290651397652,0.8891543252970434,0.8888695855552406,0.8404468849639695,0,0.0,inf,0.46065688133239746
3,1.0,0.0,0.5,0.5,1,38,10,3,0.1693402989786529,0.29663488987804476,0.6940985129926014,0.6906992596389172,0.5273159739431887,0.7849276230002521,0.7842712471813089,0.5998687124749003,0.7021545519455319,0.6994542956973511,0.5902727741456444,0.884983406868874,0.884686800044098,0.830441303607371,0,0.0,inf,0.7870368957519531
3,1.0,0.0,0.5,0.5,2,15,5,5,0.2961510883554918,0.2959491323549751,1.0,1.0,1.0,1.0,1.0,1.0,0.902462641840836,0.9020594281071008,0.7700580044778049,0.897406368541996,0.8969792788487176,0.7526454569778374,0,0.0,inf,0.09920787811279297
3,1.0,0.0,0.5,0.5,3,27,4,4,0.3075619917035833,0.3073762154095664,0.902462641840836,0.9020594281071008,0.7700580044778049,0.897406368541996,0.8969792788487176,0.7526454569778374,1.0,1.0,1.0,1.0,1.0,1.0,0,0.0,inf,0.4647257328033447
3,1.0,0.0,0.5,0.5,4,40,10,3,0.1713803614427537,0.30411772639365414,0.6932554050069505,0.6898514197913928,0.5234094025825247,0.7916267295012033,0.7909944647108239,0.6144266258107057,0.7108683746906904,0.7082509934046108,0.5930942093588468,0.8919096298303802,0.8916326823937588,0.8472089812237649,0,0.0,inf,0.7240760326385498
3,1.0,0.0,0.5,0.5,5,30,4,4,0.3042848217540427,0.30446028467943204,0.9075030477238635,0.9071224809899361,0.7887321917624809,0.9116055475593928,0.9112424542131328,0.8049349549879696,0.7900275203691858,0.7893107041629336,0.597632408039675,0.7889606460971247,0.7882379262538328,0.5957957470317893,0,0.0,inf,0.5988287925720215
3,1.0,0.0,0.5,0.5,6,17,3,3,0.2930797364751963,0.2927147330836261,0.7721731585134172,0.7714838279293004,0.6047072876910502,0.7849276230002521,0.7842712471813089,0.5998687124749003,0.8612577807932786,0.8609053714475448,0.8085532144132158,0.884983406868874,0.884686800044098,0.830441303607371,0.46629213483146065,0.6339362092142247,0.08318774498414935,0.19448256492614746
3,1.0,0.0,0.5,0.5,7,24,10,3,0.1563559936046403,0.27133418157986694,0.636378902735186,0.6323202384838903,0.4665656269547878,0.7921997857472497,0.7915695648752535,0.6162892627615703,0.5227364039951308,0.5183885769235926,0.31328081578583056,0.6392779718964172,0.6383542378752756,0.4282009089578253,0,0.0,inf,0.4806509017944336
3,1.0,0.0,0.5,0.5,8,28,10,4,0.17139403380202684,0.23262811933953306,0.6705898373019227,0.6668698222235089,0.4236858424046542,0.9083491277292126,0.907971490705844,0.7934094346634827,0.5454215348728991,0.5412272331331022,0.2677765220831639,0.7849276230002519,0.7841885630133323,0.586029113950917,0,0.0,inf,0.5009853839874268
3,1.0,0.0,0.5,0.5,9,29,10,3,0.15773544531068484,0.2751051626230071,0.6532632031608878,0.6493914332225519,0.48205648091399284,0.7916267295012034,0.790994464710824,0.6144266258107057,0.52800050355989,0.5236987375316986,0.32166254190696403,0.6385505741240013,0.637624474122608,0.42645992265876403,0,0.0,inf,0.5611112117767334
3,1.0,0.0,0.5,0.75,0,19,4,4,0.3042848217540427,0.30446028467943204,0.9075030477238635,0.9071224809899361,0.7887321917624809,0.9116055475593928,0.9112424542131328,0.8049349549879696,0.7900275203691857,0.7893107041629335,0.597632408039675,0.7889606460971247,0.7882379262538328,0.5957957470317893,0,0.0,inf,0.28510546684265137
3,1.0,0.0,0.5,0.75,1,100,10,3,0.1454379439302216,0.2964885879970595,0.6491622789676283,0.6454111786237522,0.4796527918627327,0.789789857030486,0.789150994948784,0.6112350182388241,0.5283830852985313,0.5242784384382522,0.32122419853809697,0.636218386690312,0.6352846396218612,0.42347263580084515,0,0.0,inf,2.16337251663208
3,1.0,0.0,0.5,0.75,2,30,10,4,0.15466701292833493,0.24862360502908243,0.6993848859165019,0.696192979376592,0.49981872185869697,0.9059896953135614,0.9056014712345598,0.78488266182146,0.5839425346277413,0.5803485532491067,0.33909900783204816,0.7820038042783822,0.7812528432163193,0.5787657424083629,0,0.0,inf,0.7924129962921143
3,1.0,0.0,0.5,0.75,3,14,4,4,0.3042848217540427,0.30446028467943204,0.9075030477238635,0.9071224809899361,0.7887321917624809,0.9116055475593928,0.9112424542131328,0.8049349549879696,0.7900275203691858,0.7893107041629336,0.597632408039675,0.7889606460971247,0.7882379262538328,0.5957957470317893,0,0.0,inf,0.13290166854858398
3,1.0,0.0,0.5,0.75,4,48,10,3,0.1235514078771069,0.25865621546364786,0.5859452127811462,0.5815242669970254,0.43078279349435383,0.7926764584473263,0.7920479364188315,0.6178455857756018,0.4914936710730607,0.4870745353887186,0.2971506385513451,0.6398829605162116,0.6389611927460445,0.42965422834092154,0,0.0,inf,1.1061732769012451
3,1.0,0.0,0.5,0.75,5,26,4,4,0.3075619917035833,0.3073762154095663,0.902462641840836,0.9020594281071008,0.7700580044778049,0.897406368541996,0.8969792788487176,0.7526454569778374,0.9999999999999998,0.9999999999999998,1.0,1.0,1.0,1.0,0,0.0,inf,0.5652310848236084
3,1.0,0.0,0.5,0.75,6,36,10,3,0.14419318827506758,0.2917319290583416,0.6560709327081612,0.6523942396903829,0.4807733449947548,0.7849276230002521,0.7842712471813089,0.5998687124749003,0.5359272056521271,0.5318888575437822,0.32219056681889874,0.6300407065822518,0.6290866490125593,0.41279146196657973,0,0.0,inf,0.9967136383056641
3,1.0,0.0,0.5,0.75,7,33,10,3,0.14444866981391796,0.3111850926276036,0.6150940076432333,0.6108466249125701,0.3830644936502546,0.7375733655715295,0.7367405406672014,0.4724246305454723,0.6103776260565289,0.606868213335411,0.41510658024296176,0.8357447021357427,0.8353020509100345,0.6777225590952062,0,0.0,inf,0.8708624839782715
3,1.0,0.0,0.5,0.75,8,21,4,4,0.3042848217540427,0.30446028467943204,0.9075030477238635,0.9071224809899361,0.7887321917624809,0.9116055475593928,0.9112424542131328,0.8049349549879696,0.7900275203691858,0.7893107041629336,0.597632408039675,0.7889606460971244,0.7882379262538325,0.5957957470317893,0,0.0,inf,0.49372220039367676
3,1.0,0.0,0.5,0.75,9,34,4,4,0.29137481389646563,0.2912005202031929,0.9090437908389912,0.9086701087019787,0.7943429996270311,0.9137594533047027,0.9134059329538328,0.8127690521941776,0.7919171422000004,0.7912079172740434,0.6024389496913674,0.7916267295012033,0.7909147573609079,0.602400964174539,0.4576271186440678,0.6266536694053753,0.10767356047338154,0.6658422946929932
3,1.0,0.0,0.5,1.0,0,39,10,5,0.17081673651790436,0.2932159882526385,0.8382846333132026,0.8367018411096987,0.7232129043452441,1.0,1.0,1.0,0.7495347560596203,0.7475515065500841,0.5254087126417373,0.8974063685419956,0.8969792788487173,0.7526454569778374,0,0.0,inf,0.9561681747436523
3,1.0,0.0,0.5,1.0,1,1000,10,3,0.10431289142104372,0.2729133870550131,0.5602926529456999,0.5557801481510728,0.3935249105895818,0.7849276230002521,0.7842712471813089,0.5998687124749003,0.5879155495425948,0.5844824953412383,0.45740393286024617,0.884983406868874,0.884686800044098,0.830441303607371,0,0.0,inf,21.635968685150146
3,1.0,0.0,0.5,1.0,2,111,10,4,0.12135862737459434,0.22953834232907316,0.6159380951761707,0.6119953070565233,0.4240375201620004,0.9059896953135614,0.9056014712345598,0.78488266182146,0.49919363075700657,0.4950199013476036,0.27642775847973866,0.7820038042783822,0.7812528432163193,0.5787657424083629,0,0.0,inf,3.418166399002075
3,1.0,0.0,0.5,1.0,3,27,10,4,0.13867723042601096,0.2837740185084968,0.7034166118671356,0.700438622541312,0.5456920435543892,0.9000920107272863,0.8996771460213145,0.7622414951112423,0.6104980975951403,0.6073282483299183,0.3838559643536655,0.7746891130677099,0.7739081836339227,0.5593213086866492,0,0.0,inf,0.6672990322113037
3,1.0,0.0,0.5,1.0,4,1000,10,4,0.13814643944992747,0.2762234367095506,0.6964498211052372,0.6934059023412639,0.5295365187246763,0.9059896953135614,0.9056014712345598,0.78488266182146,0.5911527260971113,0.5878301808332372,0.36649729001668163,0.7820038042783822,0.7812528432163193,0.5787657424083629,0,0.0,inf,21.903809547424316
3,1.0,0.0,0.5,1.0,5,37,10,3,0.11833452474872037,0.29106788468303574,0.6206136870658828,0.6167178451087862,0.4430620712342958,0.7889606460971244,0.7883188157233192,0.6085417084158432,0.6349311291121402,0.6318877478962233,0.49959576760592045,0.8891543252970434,0.8888695855552406,0.8404468849639695,0,0.0,inf,0.8884835243225098
3,1.0,0.0,0.5,1.0,6,33,10,3,0.10440123235196966,0.26943963792905523,0.5467195007669358,0.542070301204322,0.38210881422583354,0.7921997857472497,0.7915695648752535,0.6162892627615703,0.44335463910149203,0.43872005382885965,0.24490628633047248,0.6392779718964172,0.6383542378752756,0.4282009089578253,0,0.0,inf,0.5298840999603271
3,1.0,0.0,0.5,1.0,7,27,10,3,0.10026271579549571,0.2577827626807129,0.552538826833372,0.5479451951839412,0.3846174620907454,0.7889606460971244,0.7883188157233192,0.6085417084158432,0.5510482359241838,0.5473066767655994,0.42991611075190206,0.8891543252970434,0.8888695855552406,0.8404468849639695,0,0.0,inf,0.4761826992034912
3,1.0,0.0,0.5,1.0,8,35,10,5,0.17155401899583936,0.2932629875159999,0.8388632309464178,0.8372861017781689,0.7245823441574208,1.0,1.0,1.0,0.7501607787351061,0.7481824862373476,0.5265199461646705,0.897406368541996,0.8969792788487176,0.7526454569778374,0,0.0,inf,0.5711567401885986
3,1.0,0.0,0.5,1.0,9,50,10,4,0.1469270939468849,0.2913601615040423,0.6976278778751415,0.6945899214403445,0.5339974898051694,0.897406368541996,0.8969792788487176,0.7526454569778374,0.7256512153935442,0.7234170456586028,0.583127791781384,1.0,1.0,1.0,0,0.0,inf,1.002885341644287
3,1.0,0.0,0.75,0.0,0,25,10,4,0.21651579681044023,0.3076677302261391,0.7936130978269017,0.7913173790234964,0.6571245901064017,0.897406368541996,0.8969792788487176,0.7526454569778374,0.8494025759149928,0.8480379261314371,0.8204394094201035,1.0,1.0,1.0,0,0.0,inf,0.439652681350708
3,1.0,0.0,0.75,0.0,1,31,4,4,0.2820197983685507,0.2817469227647619,0.8155030873892893,0.8147494394938781,0.7347179796094653,0.9083491277292126,0.907971490705844,0.7934094346634827,0.7096809580598091,0.7086976712891352,0.5606380012023526,0.7849276230002519,0.7841885630133323,0.586029113950917,0.5578231292517006,0.6838690307407469,0.05483450684267705,0.24904155731201172
3,1.0,0.0,0.75,0.0,2,27,3,3,0.29505135991277176,0.29530216631464934,0.7893604470334368,0.7887214729506181,0.6087639900510177,0.7889606460971246,0.7883188157233194,0.6085417084158432,0.6434063406841896,0.6424979775415118,0.4362320611924765,0.6351652836494971,0.6342280982950598,0.42094768363328244,0,0.0,inf,0.41405725479125977
3,1.0,0.0,0.75,0.0,3,41,3,3,0.29877506482806854,0.2987518965320957,0.7894563009729061,0.7888176692314446,0.6090757458430014,0.789789857030486,0.789150994948784,0.6112350182388241,0.6435266988800892,0.6426187242162484,0.4365243430522436,0.636218386690312,0.6352846396218612,0.42347263580084515,0,0.0,inf,0.7314999103546143
3,1.0,0.0,0.75,0.0,4,36,10,3,0.17665057609227983,0.2814274932531605,0.6616378688894747,0.6577090204342854,0.5030046114005747,0.8021489417124285,0.8015540214626932,0.6413806962628472,0.5408804403583587,0.5365242431518139,0.34324821038007275,0.6518928236684518,0.6510099162702462,0.4514820116115285,0,0.0,inf,0.6479783058166504
3,1.0,0.0,0.75,0.0,5,36,10,3,0.18113821520896395,0.3027664927274438,0.6114898123985879,0.6068766795679474,0.41425937351633313,0.7595386266093844,0.7587891678710779,0.523012647821584,0.5126329271827411,0.507894304866374,0.28320687055694005,0.5976802337166612,0.5966178608565919,0.3387811841838666,0,0.0,inf,0.8493967056274414
3,1.0,0.0,0.75,0.0,6,24,10,3,0.18834776974240813,0.2975123258724932,0.6665146487502916,0.6626375719532561,0.5231722547448773,0.7921997857472497,0.7915695648752535,0.6162892627615703,0.5387854101338972,0.5344033500843547,0.3577486748880726,0.6392779718964172,0.6383542378752756,0.4282009089578253,0,0.0,inf,0.4776887893676758
3,1.0,0.0,0.75,0.0,7,31,10,4,0.21477174272319485,0.3047159420576494,0.7953373161873044,0.7930699824672637,0.6679871196918978,0.9116055475593928,0.9112424542131328,0.8049349549879696,0.6852226508229474,0.6823828119588815,0.4845509666485244,0.7889606460971244,0.7882379262538325,0.5957957470317893,0,0.0,inf,0.5277085304260254
3,1.0,0.0,0.75,0.0,8,23,3,3,0.2950513599127718,0.2953021663146494,0.7893604470334368,0.7887214729506181,0.6087639900510177,0.7889606460971246,0.7883188157233194,0.6085417084158432,0.6434063406841896,0.6424979775415118,0.4362320611924765,0.6351652836494971,0.6342280982950598,0.42094768363328244,0,0.0,inf,0.3692302703857422
3,1.0,0.0,0.75,0.0,9,27,10,4,0.21307080418998156,0.3046638157632038,0.793635717177647,0.7913495324744143,0.6665485570508561,0.9116055475593928,0.9112424542131328,0.8049349549879696,0.6833655136630257,0.6805089201935334,0.48330205311095553,0.7889606460971247,0.7882379262538328,0.5957957470317893,0,0.0,inf,0.48511743545532227
3,1.0,0.0,0.75,0.25,0,29,10,4,0.16805039298481636,0.2356775393413279,0.6800500327240755,0.6765096790108708,0.513363603280761,0.897406368541996,0.8969792788487176,0.7526454569778374,0.7229045348024539,0.7204039172977976,0.6605127180092468,1.0,1.0,1.0,0,0.0,inf,0.7036457061767578
3,1.0,0.0,0.75,0.25,1,26,10,3,0.1513907698244218,0.2863016467215067,0.5753883035656637,0.5705827198601112,0.3697760361106723,0.7303232410180941,0.7294623299636516,0.45744797462502,0.5871441645277203,0.5833257677011734,0.44753318563117567,0.8281626276133816,0.8276964442337125,0.6590455003918929,0,0.0,inf,0.7191922664642334
3,1.0,0.0,0.75,0.25,2,36,10,4,0.19441240273396554,0.2986887874210237,0.7758254509900566,0.773448585259105,0.6417561738317694,0.9116055475593928,0.9112424542131328,0.8049349549879696,0.6716379680687546,0.6688077372134216,0.46100890200232575,0.7889606460971244,0.7882379262538325,0.5957957470317893,0,0.0,inf,0.938225507736206
3,1.0,0.0,0.75,0.25,3,24,10,4,0.155845040625897,0.22661878678333386,0.6492008471941658,0.6453276921192743,0.468389343875327,0.9083491277292126,0.907971490705844,0.7934094346634827,0.5250537374472293,0.5207779136524032,0.3105130550456344,0.7849276230002519,0.7841885630133323,0.586029113950917,0,0.0,inf,0.6615309715270996
3,1.0,0.0,0.75,0.25,4,28,4,4,0.2918156912807258,0.2913952313417179,0.840186886522488,0.8395282362392834,0.7325665005043543,0.897406368541996,0.8969792788487176,0.7526454569778374,0.9227391214014984,0.922474868989258,0.9380394758502799,1.0,1.0,1.0,0,0.0,inf,0.6169528961181641
3,1.0,0.0,0.75,0.25,5,32,10,3,0.16776700802619024,0.3119376567534766,0.6197009206179216,0.6153100886703317,0.37567849649815377,0.7375733655715297,0.7367405406672015,0.4724246305454723,0.6411613894764425,0.6377695670586452,0.47296004977234696,0.8357447021357429,0.8353020509100346,0.6777225590952062,0,0.0,inf,0.8906934261322021
3,1.0,0.0,0.75,0.25,6,126,10,4,0.19285724906521245,0.29882192493231063,0.7652459678835509,0.762754587980447,0.6336832046233578,0.9059896953135614,0.9056014712345598,0.78488266182146,0.6698486307069362,0.6670000749191636,0.4566435385362673,0.7820038042783822,0.7812528432163193,0.5787657424083629,0,0.0,inf,3.1106491088867188
3,1.0,0.0,0.75,0.25,7,39,10,3,0.16147851078970868,0.2925907779453378,0.6370981044874396,0.6330880852986259,0.48577800530147325,0.7852802150932446,0.7846251091678986,0.6010060305727019,0.5117312380013843,0.507331613387279,0.3256807144418654,0.630488902126393,0.6295363171801378,0.41386322570661177,0,0.0,inf,1.1225075721740723
3,1.0,0.0,0.75,0.25,8,111,10,3,0.14949241855478906,0.28000902419045604,0.5960586258800205,0.5915950869607154,0.45031467155294774,0.7852802150932446,0.7846251091678986,0.6010060305727019,0.47920052510547523,0.4745077328635875,0.2957793729268098,0.630488902126393,0.6295363171801378,0.41386322570661177,0,0.0,inf,3.457998752593994
3,1.0,0.0,0.75,0.25,9,1000,10,4,0.18156013433802196,0.2905294347504821,0.7373384834124456,0.7345573010773158,0.6087021894717587,0.9083491277292126,0.907971490705844,0.7934094346634827,0.6260357044298107,0.6228171216365769,0.43241681623189815,0.7849276230002518,0.7841885630133321,0.586029113950917,0,0.0,inf,22.025968074798584
3,1.0,0.0,0.75,0.5,0,33,10,4,0.1519535263061826,0.24747805758496375,0.6862918797106278,0.6829683614927956,0.5050983415657347,0.9059896953135614,0.9056014712345598,0.78488266182146,0.5699608498543205,0.5662550406604729,0.3437623245490883,0.7820038042783822,0.7812528432163193,0.5787657424083629,0,0.0,inf,0.9271140098571777
3,1.0,0.0,0.75,0.5,1,29,10,3,0.13080983309604277,0.2753911895057646,0.6207683888473696,0.6167272857757519,0.4375579551041282,0.7849276230002521,0.7842712471813089,0.5998687124749003,0.4978831712004112,0.49352891647326985,0.2850802369562956,0.6300407065822518,0.6290866490125593,0.41279146196657973,0,0.0,inf,0.687737226486206
3,1.0,0.0,0.75,0.5,2,24,10,3,0.1435243776428366,0.29248456199768585,0.6385008653985329,0.6346651403272046,0.4812549858156264,0.8019282820082536,0.8013325861275414,0.6406540834881669,0.5344453056661616,0.530426763690253,0.3273741947071729,0.6516133272375468,0.6507295243611372,0.4508122830368131,0,0.0,inf,0.46883249282836914
3,1.0,0.0,0.75,0.5,3,26,10,4,0.17481167302056674,0.2957117158915078,0.7639826467624249,0.7615529895930274,0.6129575927281964,0.9083491277292126,0.907971490705844,0.7934094346634827,0.661870516387054,0.6590451763851511,0.43614525589469294,0.7849276230002518,0.7841885630133321,0.586029113950917,0,0.0,inf,0.34012794494628906
3,1.0,0.0,0.75,0.5,4,61,5,5,0.2961510883554918,0.29594913235497505,1.0,1.0,1.0,1.0,1.0,1.0,0.9024626418408362,0.9020594281071009,0.7700580044778049,0.897406368541996,0.8969792788487176,0.7526454569778374,0,0.0,inf,1.2279980182647705
3,1.0,0.0,0.75,0.5,5,36,3,3,0.2987750648280684,0.2987518965320957,0.7894563009729061,0.7888176692314446,0.6090757458430014,0.789789857030486,0.789150994948784,0.6112350182388241,0.6435266988800892,0.6426187242162484,0.4365243430522436,0.636218386690312,0.6352846396218612,0.42347263580084515,0,0.0,inf,0.6886847019195557
3,1.0,0.0,0.75,0.5,6,109,10,4,0.1759250513413063,0.30502750720099203,0.7700779844580138,0.7676969869581708,0.6109488268904757,0.9116055475593928,0.9112424542131328,0.8049349549879696,0.6635875384837809,0.6607584732706175,0.4341334974133545,0.7889606460971244,0.7882379262538325,0.5957957470317893,0,0.0,inf,2.71539568901062
3,1.0,0.0,0.75,0.5,7,111,10,3,0.11231479810584227,0.2186415740962856,0.5387518600435193,0.5336334757673097,0.3318526913534529,0.789789857030486,0.789150994948784,0.6112350182388241,0.4030578647407896,0.3976497125231101,0.18744069834553498,0.636218386690312,0.6352846396218612,0.42347263580084515,0,0.0,inf,2.90926456451416
3,1.0,0.0,0.75,0.5,8,34,3,3,0.29877506482806837,0.2987518965320957,0.7894563009729061,0.7888176692314446,0.6090757458430014,0.789789857030486,0.789150994948784,0.6112350182388241,0.6435266988800892,0.6426187242162484,0.4365243430522436,0.636218386690312,0.6352846396218612,0.42347263580084515,0,0.0,inf,0.826408863067627
3,1.0,0.0,0.75,0.5,9,32,10,4,0.17646772611828693,0.30307175254694146,0.7694314116574421,0.7670413383173305,0.6092128395951332,0.9059896953135614,0.9056014712345598,0.78488266182146,0.6627727834790936,0.6599338084683538,0.4327051659112879,0.7820038042783822,0.7812528432163193,0.5787657424083629,0,0.0,inf,0.6956892013549805
3,1.0,0.0,0.75,0.75,0,71,10,4,0.14737350400830082,0.2870898105338361,0.7355785614264828,0.7329194363723488,0.5632058689373279,0.9116055475593928,0.9112424542131328,0.8049349549879696,0.6290916434581972,0.6260682540585333,0.393820592895341,0.7889606460971244,0.7882379262538325,0.5957957470317893,0,0.0,inf,1.369947910308838
3,1.0,0.0,0.75,0.75,1,37,10,3,0.12289397039660718,0.29108598763884147,0.6274917085349526,0.6236568004776063,0.45252623717360346,0.8019282820082536,0.8013325861275414,0.6406540834881669,0.5273239237132921,0.5233728888771662,0.3056621080765891,0.6516133272375468,0.6507295243611372,0.4508122830368131,0,0.0,inf,0.7188327312469482
3,1.0,0.0,0.75,0.75,2,47,10,4,0.13149554614108466,0.24075237528342838,0.6641391276102278,0.6606796777257705,0.47354341480828327,0.9116055475593928,0.9112424542131328,0.8049349549879696,0.5488881727048698,0.5451152494592009,0.3178825247663987,0.7889606460971247,0.7882379262538328,0.5957957470317893,0,0.0,inf,0.9129467010498047
3,1.0,0.0,0.75,0.75,3,117,10,4,0.145268286314944,0.2870961662757182,0.7183038456915638,0.7154637652440747,0.5635359765299753,0.9037907607564276,0.9033926442098374,0.7752391372397232,0.6124469384681179,0.6092791667880005,0.39430653087174977,0.7792775881454951,0.7785155100165547,0.5705119925521072,0,0.0,inf,2.380373239517212
3,1.0,0.0,0.75,0.75,4,118,10,4,0.14186560749309177,0.27170660256258433,0.7168029479760263,0.7139270830700697,0.542856058362366,0.9116055475593928,0.9112424542131328,0.8049349549879696,0.6076212497254446,0.6043889898058153,0.37665667748610515,0.7889606460971244,0.7882379262538325,0.5957957470317893,0,0.0,inf,2.3823444843292236
3,1.0,0.0,0.75,0.75,5,57,10,4,0.13092133026754224,0.24037440655170117,0.6682307674177637,0.6648219124540828,0.4730928309671556,0.9083491277292126,0.907971490705844,0.7934094346634827,0.5715749054468546,0.5680012923191061,0.32322934135562514,0.7849276230002519,0.7841885630133323,0.586029113950917,0,0.0,inf,1.7111971378326416
3,1.0,0.0,0.75,0.75,6,111,10,4,0.1575782435801058,0.2965962956357439,0.7471872900645011,0.744625725035244,0.5781925887329257,0.9059896953135614,0.9056014712345598,0.78488266182146,0.6408469795966786,0.6378955910874965,0.40632641622362964,0.7820038042783822,0.7812528432163193,0.5787657424083629,0,0.0,inf,3.520883560180664
3,1.0,0.0,0.75,0.75,7,34,10,3,0.11930390021800073,0.2805008953498369,0.6502483255866209,0.6466446427591335,0.4584057850197438,0.8021489417124285,0.8015540214626932,0.6413806962628472,0.5337576536512871,0.5298568241480475,0.30499741266715585,0.6518928236684518,0.6510099162702462,0.4514820116115285,0,0.0,inf,0.7670059204101562
3,1.0,0.0,0.75,0.75,8,30,10,4,0.1620718297563116,0.3044538158968619,0.7656499521493013,0.7632722887354448,0.6050594914576216,0.897406368541996,0.8969792788487176,0.7526454569778374,0.7736071674502132,0.7717440739984673,0.6565996625294803,1.0,1.0,1.0,0,0.0,inf,0.6237215995788574
3,1.0,0.0,0.75,0.75,9,39,10,4,0.14249613628004393,0.2799205609524402,0.7055130171755288,0.7025132464062412,0.5368736925691946,0.9037907607564276,0.9033926442098374,0.7752391372397232,0.6076575704576356,0.6044148283919174,0.37423070448526125,0.7792775881454951,0.7785155100165547,0.5705119925521072,0,0.0,inf,0.7828049659729004
3,1.0,0.0,0.75,1.0,0,30,10,4,0.10680896809783338,0.257976755774394,0.6603256033672529,0.656987751449389,0.4704370788966631,0.9000920107272863,0.8996771460213145,0.7622414951112423,0.5499675329721356,0.5463882737294365,0.31805322885996506,0.7746891130677099,0.7739081836339227,0.5593213086866492,0,0.0,inf,0.4713320732116699
3,1.0,0.0,0.75,1.0,1,1000,10,4,0.12663378820412172,0.2883267498105711,0.6969660667750714,0.6939903088141849,0.496480745532693,0.9083491277292126,0.907971490705844,0.7934094346634827,0.6409473012499097,0.6380937419159268,0.3914378131098038,0.7849276230002519,0.7841885630133323,0.586029113950917,0,0.0,inf,20.9972882270813
3,1.0,0.0,0.75,1.0,2,26,10,5,0.1588386833533706,0.2931549445322197,0.8290539356109368,0.8274016852321988,0.6904966779751693,1.0,1.0,1.0,0.7408470274443696,0.7388220752449307,0.49848005070191076,0.8974063685419956,0.8969792788487173,0.7526454569778374,0,0.0,inf,0.4753596782684326
3,1.0,0.0,0.75,1.0,3,42,10,3,0.08086191903639357,0.2598273794060762,0.5060006023157944,0.5009804320494737,0.28577301611903333,0.7250071641342934,0.7241254949570672,0.44647024161769056,0.5020774553784634,0.497971647043786,0.2901259976551084,0.8225957765145105,0.8221121462071457,0.6452535784679942,0,0.0,inf,0.8558313846588135
3,1.0,0.0,0.75,1.0,4,25,10,4,0.12110991400687929,0.2724150208754336,0.6945105890096558,0.6915124799237273,0.4971271689436284,0.9116055475593928,0.9112424542131328,0.8049349549879696,0.5871115175051831,0.5838321744721502,0.33996687067587184,0.7889606460971247,0.7882379262538328,0.5957957470317893,0,0.0,inf,0.451129674911499
3,1.0,0.0,0.75,1.0,5,69,10,4,0.12388701695247377,0.28886064628776603,0.7083731855193289,0.705507899524202,0.5341016678365931,0.9000920107272863,0.8996771460213145,0.7622414951112423,0.6019893910095677,0.5988243788775949,0.37011028599637374,0.7746891130677099,0.7739081836339227,0.5593213086866492,0,0.0,inf,1.6389479637145996
3,1.0,0.0,0.75,1.0,6,32,10,4,0.13828755855269226,0.2957688773923637,0.7064035874602085,0.7035037741681751,0.5322710445796007,0.897406368541996,0.8969792788487176,0.7526454569778374,0.7350310660015233,0.7329120827180063,0.5692323703918494,1.0,1.0,1.0,0,0.0,inf,0.6937201023101807
3,1.0,0.0,0.75,1.0,7,50,10,2,0.05116537176017684,0.25426545265390615,0.467396925540957,0.4619457872014586,0.23641594334538338,0.5976802337166613,0.5969738544387009,0.39109438552078163,0.33581088593712755,0.3302923613279933,0.1167673063170847,0.3872439306503139,0.3863163273739962,0.2040240706420313,0,0.0,inf,1.4275550842285156
3,1.0,0.0,0.75,1.0,8,36,10,5,0.158299088013264,0.29013697167385233,0.8235579012104685,0.8218524888085411,0.6905516137357659,1.0,1.0,1.0,0.7282427620562342,0.7261192686763998,0.4965930989711199,0.8974063685419956,0.8969792788487173,0.7526454569778374,0,0.0,inf,1.025890827178955
3,1.0,0.0,0.75,1.0,9,39,10,2,0.06533613214884597,0.281914618259514,0.5010447709675121,0.49591633373073574,0.2766710698579884,0.581408430461704,0.5806647649710639,0.35946576657210166,0.460727073506723,0.4562258478148044,0.26309422666977456,0.6698226521030716,0.6693160184610265,0.5327971294054453,0,0.0,inf,1.1166222095489502
3,1.0,0.0,1.0,0.0,0,52,10,4,0.16943756488223913,0.27538604467561206,0.7312790679932005,0.7284175263114676,0.5849979986404089,0.9116055475593928,0.9112424542131328,0.8049349549879696,0.6186779880974425,0.6153753940106245,0.4123408049388972,0.7889606460971244,0.7882379262538325,0.5957957470317893,0,0.0,inf,1.5493173599243164
3,1.0,0.0,1.0,0.0,1,29,10,4,0.17596850415508453,0.27871576418589045,0.7321418635831329,0.7292895095948372,0.6002648031489357,0.9116055475593928,0.9112424542131328,0.8049349549879696,0.6221980395999462,0.6189259323481774,0.42568618152646837,0.7889606460971247,0.7882379262538328,0.5957957470317893,0,0.0,inf,0.6532688140869141
3,1.0,0.0,1.0,0.0,2,41,10,3,0.14905719752592209,0.2744895718618133,0.608072061192383,0.603699262017878,0.4435654052150957,0.789789857030486,0.789150994948784,0.6112350182388241,0.47858829915228424,0.47383963500480286,0.2874473984052756,0.636218386690312,0.6352846396218612,0.42347263580084515,0,0.0,inf,0.8083803653717041
3,1.0,0.0,1.0,0.0,3,49,10,3,0.15874486739576382,0.2954659339684049,0.6394100288748579,0.6353822674954265,0.4668736039510146,0.789789857030486,0.789150994948784,0.6112350182388241,0.5126895218937597,0.5082459121498374,0.30801986396113645,0.636218386690312,0.6352846396218612,0.42347263580084515,0,0.0,inf,1.2539904117584229
3,1.0,0.0,1.0,0.0,4,35,10,4,0.19029671133173826,0.29743821569089995,0.7632057172358431,0.7606757127217558,0.6229439590765594,0.897406368541996,0.8969792788487176,0.7526454569778374,0.8022438124094496,0.8005248500736893,0.7623058003205699,1.0,1.0,1.0,0,0.0,inf,0.5809454917907715
3,1.0,0.0,1.0,0.0,5,29,10,4,0.17771877799123986,0.2791102415529797,0.7165894043846324,0.7135646974787277,0.5724240623565306,0.897406368541996,0.8969792788487176,0.7526454569778374,0.7517576918477257,0.7496024815021284,0.6707400023201432,1.0,1.0,1.0,0,0.0,inf,0.6234526634216309
3,1.0,0.0,1.0,0.0,6,24,10,3,0.11424582535226441,0.18792495631551281,0.48365463245422746,0.4775986152884023,0.28529940187100455,0.8021489417124285,0.8015540214626932,0.6413806962628472,0.4807938588451948,0.4758023077679163,0.36338039432071,0.6518928236684518,0.6510099162702462,0.4514820116115285,0,0.0,inf,0.5298366546630859
3,1.0,0.0,1.0,0.0,7,119,10,4,0.17671524757177234,0.28049012119639444,0.723573636354492,0.720630041467431,0.5978408965312062,0.9116055475593928,0.9112424542131328,0.8049349549879696,0.6228555539755203,0.6195891413939277,0.42586034631064545,0.7889606460971247,0.7882379262538328,0.5957957470317893,0,0.0,inf,3.574007034301758
3,1.0,0.0,1.0,0.0,8,30,10,3,0.11641962291577147,0.23614458617773532,0.5501724699480405,0.5452424633451054,0.4012419894469732,0.7849276230002521,0.7842712471813089,0.5998687124749003,0.5535771884759568,0.5495895398136716,0.5014162392828991,0.884983406868874,0.884686800044098,0.830441303607371,0,0.0,inf,0.7751865386962891
3,1.0,0.0,1.0,0.0,9,110,10,4,0.17193506009338147,0.2735121995322048,0.7048820681666202,0.7017394314666752,0.5653402428767281,0.9116055475593928,0.9112424542131328,0.8049349549879696,0.6143263344085286,0.610986051058326,0.415290720970897,0.7889606460971244,0.7882379262538325,0.5957957470317893,0,0.0,inf,2.410592555999756
3,1.0,0.0,1.0,0.25,0,57,10,2,0.09418851979292452,0.2951720767602214,0.439941387816338,0.4336909784487734,0.256670887080932,0.581408430461704,0.5806647649710639,0.35946576657210166,0.45569463804755617,0.4507320488089065,0.30863730381301685,0.6698226521030716,0.6693160184610265,0.5327971294054453,0,0.0,inf,1.1768600940704346
3,1.0,0.0,1.0,0.25,1,27,10,4,0.12486494096924479,0.22687878955118043,0.6370077946586854,0.6333122487290236,0.4896090681056324,0.9083491277292126,0.907971490705844,0.7934094346634827,0.5307340849050943,0.5268594327059272,0.3341802691031886,0.7849276230002519,0.7841885630133323,0.586029113950917,0,0.0,inf,0.5669887065887451
3,1.0,0.0,1.0,0.25,2,75,10,3,0.11821567501176097,0.26029706271044595,0.561762028206286,0.5571336674654395,0.41390072032096403,0.7916267295012033,0.7909944647108239,0.6144266258107057,0.588387932704508,0.5848525617500274,0.5509415010895796,0.8919096298303802,0.8916326823937588,0.8472089812237649,0,0.0,inf,1.7897768020629883
3,1.0,0.0,1.0,0.25,3,60,10,3,0.13667852824175467,0.2914400209554626,0.6326560752009576,0.6286844621858525,0.44120729776506196,0.7889606460971246,0.7883188157233194,0.6085417084158432,0.5089183820652328,0.5045921390058722,0.28679406371629146,0.6351652836494971,0.6342280982950598,0.42094768363328244,0,0.0,inf,1.7123591899871826
3,1.0,0.0,1.0,0.25,4,30,10,4,0.13189059449012083,0.24216376664844155,0.6321677175604274,0.6284222556936299,0.5031773398092447,0.9083491277292126,0.907971490705844,0.7934094346634827,0.525959244587711,0.5220444455835055,0.3464731983155887,0.7849276230002519,0.7841885630133323,0.586029113950917,0,0.0,inf,0.817939043045044
3,1.0,0.0,1.0,0.25,5,46,10,4,0.1537374020231558,0.2711105563025033,0.7197471525245559,0.7168356797022617,0.5907106862167644,0.9116055475593928,0.9112424542131328,0.8049349549879696,0.6251593402122024,0.6219960606742357,0.4214894474400766,0.7889606460971244,0.7882379262538325,0.5957957470317893,0,0.0,inf,1.1852993965148926
3,1.0,0.0,1.0,0.25,6,53,10,4,0.17056094909386646,0.28846009616394874,0.7350626828960889,0.7323122653607517,0.5974090829970062,0.9059896953135614,0.9056014712345598,0.78488266182146,0.6252191891391007,0.6220588401067726,0.42273778271015017,0.7820038042783822,0.7812528432163193,0.5787657424083629,0,0.0,inf,1.0933165550231934
3,1.0,0.0,1.0,0.25,7,66,10,4,0.15658436724815147,0.2816220460801774,0.714362468834031,0.7114003304972655,0.5529257989936996,0.9116055475593928,0.9112424542131328,0.8049349549879696,0.6028467769445567,0.5995016481915578,0.3849955852544471,0.7889606460971244,0.7882379262538325,0.5957957470317893,0,0.0,inf,1.2236742973327637
3,1.0,0.0,1.0,0.25,8,52,10,3,0.13979743175441706,0.2956053941846797,0.6298171153318943,0.6258150486694269,0.44577941156350837,0.789789857030486,0.789150994948784,0.6112350182388241,0.5058304830794742,0.5014773210012761,0.29080407829665694,0.636218386690312,0.6352846396218612,0.42347263580084515,0,0.0,inf,0.6660144329071045
3,1.0,0.0,1.0,0.25,9,48,10,4,0.15181613624749868,0.27140165612751643,0.6827946742566418,0.6795051693649873,0.5238439749530435,0.9116055475593928,0.9112424542131328,0.8049349549879696,0.5685408043283467,0.5649067243879065,0.3603397556679865,0.7889606460971244,0.7882379262538325,0.5957957470317893,0,0.0,inf,0.8719544410705566
3,1.0,0.0,1.0,0.5,0,120,10,4,0.157145555948197,0.28214061277170915,0.702026327069113,0.698990797911423,0.5592994216611742,0.897406368541996,0.8969792788487176,0.7526454569778374,0.7371462637452365,0.7349735831590694,0.6548440008104828,1.0,1.0,1.0,0,0.0,inf,2.4954004287719727
3,1.0,0.0,1.0,0.5,1,117,10,5,0.13375596882065532,0.20521954377214752,0.6984110803398412,0.6953398110886807,0.5317528482455276,1.0,1.0,1.0,0.5873468579456194,0.5839372811251686,0.3673089896043018,0.8974063685419956,0.8969792788487173,0.7526454569778374,0,0.0,inf,2.712822675704956
3,1.0,0.0,1.0,0.5,2,47,10,4,0.14781648714531612,0.2804706299189531,0.7060200832676278,0.703028265485913,0.5382833198488154,0.9059896953135614,0.9056014712345598,0.78488266182146,0.5956839635606702,0.5923456516463178,0.37282797976459375,0.7820038042783822,0.7812528432163193,0.5787657424083629,0,0.0,inf,1.397080659866333
3,1.0,0.0,1.0,0.5,3,120,10,4,0.11694895538911326,0.23528823113544137,0.6362472571186478,0.6325262570137837,0.47124841771117826,0.9037907607564276,0.9033926442098374,0.7752391372397232,0.5417260481459394,0.5379211360902799,0.3326099897613263,0.7792775881454947,0.7785155100165544,0.5705119925521072,0,0.0,inf,2.871950626373291
3,1.0,0.0,1.0,0.5,4,58,10,4,0.10537273378125481,0.19898653233509978,0.6055255532165765,0.6014760713207249,0.43851902994715547,0.9137594533047027,0.9134059329538328,0.8127690521941776,0.4932231318704507,0.4889998442220369,0.2898179899056638,0.7916267295012033,0.7909147573609079,0.602400964174539,0,0.0,inf,1.1874995231628418
3,1.0,0.0,1.0,0.5,5,116,10,4,0.1109457874860937,0.23023993961321604,0.6325551548342501,0.6288216038808672,0.45727124464688335,0.9116055475593928,0.9112424542131328,0.8049349549879696,0.5161203875016055,0.512131821823632,0.3047252587029455,0.7889606460971244,0.7882379262538325,0.5957957470317893,0,0.0,inf,2.5342254638671875
3,1.0,0.0,1.0,0.5,6,110,10,3,0.10632313083084381,0.26954166679597963,0.524948114463146,0.5198621436458092,0.3049330364404742,0.7375733655715297,0.7367405406672015,0.4724246305454723,0.5268703156300366,0.5227440853944421,0.3615314001224368,0.8357447021357429,0.8353020509100346,0.6777225590952062,0,0.0,inf,3.104210615158081
3,1.0,0.0,1.0,0.5,7,48,10,3,0.10492611342539655,0.2569186482056918,0.5098852023670443,0.5048559976169171,0.365555259390559,0.7916267295012033,0.7909944647108239,0.6144266258107057,0.5295871053711164,0.5256686082285533,0.44273305568243004,0.8919096298303802,0.8916326823937588,0.8472089812237649,0,0.0,inf,0.9239540100097656
3,1.0,0.0,1.0,0.5,8,50,10,3,0.1069353067383261,0.26931713871025825,0.5473287926907906,0.5426928245988285,0.38329887258868867,0.8021489417124285,0.8015540214626932,0.6413806962628472,0.4715726903622216,0.4671801744523193,0.2890290549686791,0.6518928236684518,0.6510099162702462,0.4514820116115285,0,0.0,inf,1.3229317665100098
3,1.0,0.0,1.0,0.5,9,1000,10,4,0.1568642803794546,0.2827166884320004,0.7005439434106763,0.6974874298124771,0.5564654596251583,0.9116055475593928,0.9112424542131328,0.8049349549879696,0.6042354269436365,0.6009573536215742,0.3924254448869265,0.7889606460971244,0.7882379262538325,0.5957957470317893,0,0.0,inf,22.294243335723877
3,1.0,0.0,1.0,0.75,0,92,10,4,0.1374872290425633,0.27679177130754373,0.6644703894598132,0.6611154188097369,0.5152156511389084,0.897406368541996,0.8969792788487176,0.7526454569778374,0.6958731728286005,0.6934087975764536,0.5778410293441495,1.0,1.0,1.0,0,0.0,inf,2.0634632110595703
3,1.0,0.0,1.0,0.75,1,1000,10,4,0.1203026983851564,0.2540592445506316,0.6024444050070724,0.5985519699519445,0.4769887890168974,0.9083491277292126,0.907971490705844,0.7934094346634827,0.4949323154552803,0.49093104501911017,0.32472533460001385,0.7849276230002519,0.7841885630133323,0.586029113950917,0,0.0,inf,21.586099863052368
3,1.0,0.0,1.0,0.75,2,1000,10,4,0.13812805024933478,0.27670271636962723,0.6798171269575567,0.6766110883112898,0.5195474863097201,0.897406368541996,0.8969792788487176,0.7526454569778374,0.7068457205038635,0.7044666703950092,0.5859251477199489,1.0,1.0,1.0,0,0.0,inf,20.55575966835022
3,1.0,0.0,1.0,0.75,3,55,10,4,0.11314831684432777,0.2448953843569515,0.6510465959409866,0.6475518626284036,0.47342815799341786,0.9116055475593928,0.9112424542131328,0.8049349549879696,0.5669129101242906,0.5633975495282318,0.341518117730099,0.7889606460971247,0.7882379262538328,0.5957957470317893,0,0.0,inf,1.0536448955535889
3,1.0,0.0,1.0,0.75,4,32,10,4,0.08746801836003107,0.2053772205183246,0.5791656370906196,0.5750438693913168,0.438550154058412,0.9000920107272863,0.8996771460213145,0.7622414951112423,0.46252357211197487,0.45826398104156335,0.2924004788050299,0.7746891130677099,0.7739081836339227,0.5593213086866492,0,0.0,inf,0.6543354988098145
3,1.0,0.0,1.0,0.75,5,52,10,5,0.14090180770142607,0.26246789859188846,0.7520590683620941,0.749647414205119,0.618908444535293,1.0,1.0,1.0,0.6503090200455263,0.6475580606861262,0.43906528872324574,0.897406368541996,0.8969792788487176,0.7526454569778374,0,0.0,inf,1.435023546218872
3,1.0,0.0,1.0,0.75,6,53,10,4,0.13185319388438108,0.2678344932054782,0.678848272758896,0.6756399251607726,0.5075993840998966,0.9059896953135614,0.9056014712345598,0.78488266182146,0.568183521259149,0.5646878363371863,0.34769420378749466,0.7820038042783822,0.7812528432163193,0.5787657424083629,0,0.0,inf,0.9832983016967773
3,1.0,0.0,1.0,0.75,7,34,10,5,0.1320551880482983,0.24852191908470175,0.7082834503813356,0.7054460026678869,0.5496656299958113,1.0,1.0,1.0,0.6245854494493998,0.621632127142869,0.40170796258900676,0.897406368541996,0.8969792788487176,0.7526454569778374,0,0.0,inf,0.9555759429931641
3,1.0,0.0,1.0,0.75,8,56,10,5,0.15792790322707786,0.26484446444270876,0.7836991927956888,0.7815863136348224,0.6886260721638866,1.0,1.0,1.0,0.6841160574661674,0.681619748638854,0.49581848876865803,0.8974063685419956,0.8969792788487173,0.7526454569778374,0,0.0,inf,1.2331576347351074
3,1.0,0.0,1.0,0.75,9,67,10,3,0.10429388095586614,0.2764913442196023,0.5861553062207573,0.5819262519149517,0.40287885751540564,0.789789857030486,0.789150994948784,0.6112350182388241,0.4663153653096852,0.46188863829354365,0.2582010360144266,0.636218386690312,0.6352846396218612,0.42347263580084515,0,0.0,inf,1.4850420951843262
3,1.0,0.0,1.0,1.0,0,173,10,4,0.11702861385120782,0.27137601151671564,0.6654774568811228,0.6622083439517644,0.475648188918535,0.897406368541996,0.8969792788487176,0.7526454569778374,0.6741541360388068,0.671577593159885,0.5021061358064777,1.0,1.0,1.0,0,0.0,inf,4.007575988769531
3,1.0,0.0,1.0,1.0,1,47,10,5,0.14057070964088836,0.2554815704543498,0.7495328852137803,0.7471229405456622,0.6340068447491866,1.0,1.0,1.0,0.6689523996511425,0.6663779201005849,0.45854775099377454,0.897406368541996,0.8969792788487176,0.7526454569778374,0,0.0,inf,1.1936326026916504
3,1.0,0.0,1.0,1.0,2,111,10,3,0.08372607152715149,0.2665138366122496,0.5850979847211816,0.5809868927727457,0.37880745003479416,0.7889606460971244,0.7883188157233192,0.6085417084158432,0.593528407695657,0.5902663235292307,0.42092161665340827,0.8891543252970434,0.8888695855552406,0.8404468849639695,0,0.0,inf,2.262972593307495
3,1.0,0.0,1.0,1.0,3,1000,10,4,0.11940690474470611,0.25238384085600046,0.6383037993621153,0.6347767641325095,0.4904007794149948,0.9116055475593928,0.9112424542131328,0.8049349549879696,0.5433218623973577,0.539719156134537,0.33904056624707035,0.7889606460971247,0.7882379262538328,0.5957957470317893,0,0.0,inf,21.670567750930786
3,1.0,0.0,1.0,1.0,4,35,10,4,0.09614429567880967,0.236437521871177,0.6083648698014835,0.6045938912178722,0.4695054593412312,0.9000920107272863,0.8996771460213145,0.7622414951112423,0.4959856130221895,0.4920629756508658,0.31856629616349025,0.7746891130677099,0.7739081836339227,0.5593213086866492,0,0.0,inf,0.8072500228881836
3,1.0,0.0,1.0,1.0,5,39,10,4,0.1154105824616742,0.2653524577424409,0.6704011482929577,0.6671871063440565,0.48704995836305137,0.9116055475593928,0.9112424542131328,0.8049349549879696,0.5616457256330273,0.5581875752212592,0.33190084463960984,0.7889606460971247,0.7882379262538328,0.5957957470317893,0,0.0,inf,1.0663824081420898
3,1.0,0.0,1.0,1.0,6,37,10,5,0.13054111178418515,0.24207105679942728,0.7344491687996074,0.7318940916178707,0.595430373538906,1.0,1.0,1.0,0.6541533051330044,0.6514637364950662,0.43024262121662876,0.8974063685419956,0.8969792788487173,0.7526454569778374,0,0.0,inf,1.047173261642456
3,1.0,0.0,1.0,1.0,7,38,10,4,0.11528866115386203,0.25693412328674187,0.6719759997312662,0.6687750327072045,0.4964818312561612,0.9059896953135614,0.9056014712345598,0.78488266182146,0.5632703691852511,0.5598223997726508,0.3395379871107839,0.7820038042783822,0.7812528432163193,0.5787657424083629,0,0.0,inf,0.762244462966919
3,1.0,0.0,1.0,1.0,8,27,10,4,0.10905943174331964,0.2616263352282216,0.6654933922695246,0.6622295196700598,0.47364415637906215,0.9059896953135614,0.9056014712345598,0.78488266182146,0.5562695043127651,0.5527666719131434,0.3209362778773035,0.7820038042783822,0.7812528432163193,0.5787657424083629,0,0.0,inf,0.4921252727508545
3,1.0,0.0,1.0,1.0,9,33,10,5,0.13911887319096455,0.25139342212587706,0.7298738846619566,0.7272748175927052,0.6246930299925705,1.0,1.0,1.0,0.6526611079665324,0.6499599711955326,0.4526579303978561,0.897406368541996,0.8969792788487176,0.7526454569778374,0,0.0,inf,0.8333005905151367
3,1.0,0.25,0.0,0.0,0,21,3,3,0.3129016539548131,0.31276217198390466,0.7503978476511641,0.7496157526369165,0.4999303752085892,0.7595386266093844,0.7587891678710779,0.523012647821584,0.5942922483529102,0.5932206458935332,0.3313032695545437,0.5976802337166612,0.5966178608565919,0.3387811841838666,0.6024096385542169,0.7507507507507507,0.04689952483812036,0.07927417755126953
3,1.0,0.25,0.0,0.0,1,23,10,4,0.26814147683828077,0.3010658584947626,0.834599827321938,0.8324325046944393,0.7358432547130036,0.9116055475593928,0.9112424542131328,0.8049349549879696,0.7187814337155508,0.7157822407728249,0.5472568822878926,0.7889606460971247,0.7882379262538328,0.5957957470317893,0,0.0,inf,0.4367074966430664
3,1.0,0.25,0.0,0.0,2,35,10,3,0.2649470791391145,0.3067269967333667,0.6734536205995978,0.6685567711596775,0.44572413923766174,0.7250071641342934,0.7241254949570672,0.44647024161769056,0.7243417898973893,0.7209422182225981,0.5784092513026723,0.8225957765145105,0.8221121462071457,0.6452535784679942,0,0.0,inf,0.7039766311645508
3,1.0,0.25,0.0,0.0,3,27,2,2,0.2818245717161818,0.28182457171618175,0.5894237140038193,0.5887000950405018,0.37368136332854246,0.590322057951245,0.589598903605611,0.3763936641634434,0.3872549943689232,0.3863294037057828,0.20189734284518937,0.3775040078303136,0.37655586716730394,0.18836303963627865,0.6060606060606061,0.7545233675886941,0.02917149379451837,0.4910109043121338
3,1.0,0.25,0.0,0.0,4,21,3,3,0.29582723972303326,0.2956706898560769,0.7904764725728854,0.7898414931742513,0.6114464079728974,0.7852802150932446,0.7846251091678986,0.6010060305727019,0.6448075264531996,0.6439036979318009,0.43874541557546143,0.630488902126393,0.6295363171801378,0.41386322570661177,0.4782608695652174,0.6473539407671144,0.08578342002708614,0.18778395652770996
3,1.0,0.25,0.0,0.0,5,24,3,3,0.29218812907527597,0.2924978798475077,0.7964944021672811,0.7958808511897366,0.6258578876687111,0.8021489417124285,0.8015540214626932,0.6413806962628472,0.652357757883099,0.6514782326134035,0.45219051787202735,0.6518928236684518,0.6510099162702462,0.4514820116115285,0.46629213483146065,0.6339362092142247,0.08473502501170044,0.21456170082092285
3,1.0,0.25,0.0,0.0,6,19,3,3,0.29218812907527597,0.2924978798475079,0.7964944021672811,0.7958808511897366,0.6258578876687111,0.8021489417124285,0.8015540214626932,0.6413806962628472,0.652357757883099,0.6514782326134035,0.45219051787202735,0.6518928236684518,0.6510099162702462,0.4514820116115285,0.46629213483146065,0.6339362092142247,0.08473502501170042,0.14651060104370117
3,1.0,0.25,0.0,0.0,7,32,10,3,0.2601907125159014,0.29520457626314367,0.7227979261539176,0.7188057974887594,0.5828570994533304,0.789789857030486,0.789150994948784,0.6112350182388241,0.5850051783935204,0.5801111976307082,0.4114159543213068,0.636218386690312,0.6352846396218612,0.42347263580084515,0,0.0,inf,0.7534134387969971
3,1.0,0.25,0.0,0.0,8,19,3,3,0.28620685827751835,0.28578077353511,0.7381467653466323,0.7373577311723475,0.5821528153814053,0.789789857030486,0.789150994948784,0.6112350182388241,0.5871099162771171,0.5860659471722623,0.41097589635059073,0.636218386690312,0.6352846396218612,0.42347263580084515,0.2109375,0.3691247641702895,0.21737372041875808,0.17924714088439941
3,1.0,0.25,0.0,0.0,9,21,3,3,0.29728791127725185,0.2973073712175688,0.7964599900015984,0.7958463173618422,0.6257449183498832,0.8019282820082536,0.8013325861275414,0.6406540834881669,0.6523146093044463,0.6514349462179657,0.45208550297897,0.6516133272375468,0.6507295243611372,0.4508122830368131,0.4576271186440678,0.6266536694053753,0.08722072215897936,0.14928102493286133
3,1.0,0.25,0.0,0.25,0,111,10,3,0.2186110525317528,0.2868026522952231,0.6847013963089216,0.6807280320624912,0.547553891394197,0.7889606460971246,0.7883188157233194,0.6085417084158432,0.5518978089506801,0.5472768701230588,0.37909649025759423,0.6351652836494971,0.6342280982950598,0.42094768363328244,0,0.0,inf,3.512312173843384
3,1.0,0.25,0.0,0.25,1,115,4,4,0.2843088592105316,0.28406081045250714,0.9077861546703494,0.9074068545396607,0.7897360784811976,0.9083491277292126,0.907971490705844,0.7934094346634827,0.7903747757157535,0.7896593564483266,0.5984933525969508,0.7849276230002519,0.7841885630133323,0.586029113950917,0.46629213483146065,0.6339362092142247,0.10501284289472497,3.3021774291992188
3,1.0,0.25,0.0,0.25,2,18,3,3,0.29582723972303326,0.2956706898560772,0.7904764725728852,0.7898414931742512,0.6114464079728974,0.7852802150932446,0.7846251091678986,0.6010060305727019,0.6448075264531995,0.6439036979318008,0.43874541557546143,0.630488902126393,0.6295363171801378,0.41386322570661177,0.4782608695652174,0.6473539407671144,0.08578342002708614,0.19681572914123535
3,1.0,0.25,0.0,0.25,3,26,10,3,0.2298177297845231,0.307910601904999,0.6424696083169247,0.6377958529909649,0.4273004949050326,0.7375733655715295,0.7367405406672014,0.4724246305454723,0.6706499396795319,0.6671139773236864,0.5280086345915086,0.8357447021357427,0.8353020509100345,0.6777225590952062,0,0.0,inf,0.7238800525665283
3,1.0,0.25,0.0,0.25,4,35,3,3,0.29218812907527586,0.2924978798475078,0.7964944021672811,0.7958808511897366,0.6258578876687111,0.8021489417124285,0.8015540214626932,0.6413806962628472,0.652357757883099,0.6514782326134035,0.45219051787202735,0.6518928236684518,0.6510099162702462,0.4514820116115285,0.46629213483146065,0.6339362092142247,0.08473502501170044,0.7250285148620605
3,1.0,0.25,0.0,0.25,5,21,4,4,0.2960242828791852,0.29583445231895283,0.8684106232109482,0.8678716354446752,0.7668048008061058,0.9116055475593928,0.9112424542131328,0.8049349549879696,0.7473145072598262,0.7464561206968443,0.5770173757038121,0.7889606460971244,0.7882379262538325,0.5957957470317893,0.15625,0.2824539600045193,0.30615640957499457,0.2549271583557129
3,1.0,0.25,0.0,0.25,6,18,4,4,0.2843088592105316,0.28406081045250686,0.9077861546703496,0.9074068545396609,0.7897360784811976,0.9083491277292126,0.907971490705844,0.7934094346634827,0.7903747757157538,0.7896593564483267,0.5984933525969508,0.7849276230002518,0.7841885630133321,0.586029113950917,0.46629213483146065,0.6339362092142247,0.10501284289472494,0.13990306854248047
3,1.0,0.25,0.0,0.25,7,16,4,4,0.3033095950933378,0.3032464954491562,0.908286786541069,0.9079097241974984,0.7915753497024844,0.9083491277292126,0.907971490705844,0.7934094346634827,0.7909887969767587,0.7902758452404195,0.6000696491729003,0.7849276230002518,0.7841885630133321,0.586029113950917,0.4606741573033708,0.6295102103485337,0.10749220154333854,0.13475322723388672
3,1.0,0.25,0.0,0.25,8,17,3,3,0.29837031231076755,0.2986255727684462,0.7920532465028122,0.791423901436366,0.6151023239096007,0.7921997857472497,0.7915695648752535,0.6162892627615703,0.646786657590236,0.6458892231046282,0.44216543450967255,0.6392779718964172,0.6383542378752756,0.4282009089578253,0.4782608695652174,0.6473539407671144,0.0859584404584638,0.25290751457214355
3,1.0,0.25,0.0,0.25,9,13,4,4,0.29893100191046373,0.2983388429899422,0.8636055814965601,0.8630444636217575,0.7500516737418251,0.897406368541996,0.8969792788487176,0.7526454569778374,0.9449835436661435,0.9447957470965015,0.9420016798252705,1.0,1.0,1.0,0.15625,0.2824539600045193,0.3086756728945052,0.181654691696167
3,1.0,0.25,0.0,0.5,0,16,4,4,0.30330959509333777,0.30324649544915616,0.908286786541069,0.9079097241974984,0.7915753497024844,0.9083491277292126,0.907971490705844,0.7934094346634827,0.7909887969767587,0.7902758452404195,0.6000696491729003,0.7849276230002518,0.7841885630133321,0.586029113950917,0.4606741573033708,0.6295102103485337,0.10749220154333854,0.08302664756774902
3,1.0,0.25,0.0,0.5,1,23,10,4,0.21406663764432562,0.2963799644730137,0.777872013334034,0.7754174309096228,0.6588563764999581,0.9116055475593928,0.9112424542131328,0.8049349549879696,0.6664607358988949,0.6634599158447028,0.47642369250422606,0.7889606460971244,0.7882379262538325,0.5957957470317893,0,0.0,inf,0.38201260566711426
3,1.0,0.25,0.0,0.5,2,38,3,3,0.2800701474966644,0.2797651948227626,0.7912521513553256,0.7906199474689949,0.6130686761259063,0.7916267295012034,0.790994464710824,0.6144266258107057,0.6457812186532956,0.6448805405867795,0.4402637862713665,0.6385505741240013,0.637624474122608,0.42645992265876403,0.4576271186440678,0.6266536694053753,0.08869572583487967,0.6807663440704346
3,1.0,0.25,0.0,0.5,3,46,2,2,0.3008090782574572,0.30080907825745745,0.5916192536088873,0.59090064872952,0.37797664007241627,0.5960908120545209,0.5953808212273226,0.38786077858471907,0.39012433863433876,0.38920475034961693,0.20644409204749883,0.3851413325894215,0.38420931149396687,0.20059074619948228,0.4782608695652174,0.6473539407671144,0.06523662779639604,0.8734707832336426
3,1.0,0.25,0.0,0.5,4,41,10,4,0.2088279070845952,0.28167176363027274,0.7765437937192851,0.7740653264902261,0.6569640732669222,0.9116055475593928,0.9112424542131328,0.8049349549879696,0.6645719004767868,0.6615418670781639,0.4750596926968819,0.7889606460971247,0.7882379262538328,0.5957957470317893,0,0.0,inf,0.8574433326721191
3,1.0,0.25,0.0,0.5,5,27,4,4,0.30330959509333777,0.30324649544915616,0.908286786541069,0.9079097241974984,0.7915753497024844,0.9083491277292126,0.907971490705844,0.7934094346634827,0.7909887969767587,0.7902758452404195,0.6000696491729003,0.7849276230002519,0.7841885630133323,0.586029113950917,0.4606741573033708,0.6295102103485337,0.10749220154333852,0.11695504188537598
3,1.0,0.25,0.0,0.5,6,16,3,3,0.3034411497477426,0.3031720513147306,0.7919171422000004,0.7912873128296978,0.6146580667163571,0.7916267295012033,0.7909944647108239,0.6144266258107057,0.8871644058134939,0.8868776795289721,0.8294919785110026,0.8919096298303802,0.8916326823937588,0.8472089812237649,0.4576271186440678,0.6266536694053753,0.08923976559220492,0.11452865600585938
3,1.0,0.25,0.0,0.5,7,40,3,3,0.29218812907527586,0.2924978798475078,0.7964944021672811,0.7958808511897366,0.6258578876687111,0.8021489417124285,0.8015540214626932,0.6413806962628472,0.652357757883099,0.6514782326134035,0.45219051787202735,0.6518928236684518,0.6510099162702462,0.4514820116115285,0.46629213483146065,0.6339362092142247,0.08473502501170044,0.708798885345459
3,1.0,0.25,0.0,0.5,8,42,3,3,0.29479873514155075,0.2948250570627073,0.7964875200702813,0.7958739447619763,0.6258352922217565,0.8021489417124285,0.8015540214626932,0.6413806962628472,0.652349128612483,0.6514695757814329,0.45216951389927995,0.651892823668452,0.6510099162702464,0.4514820116115285,0.4606741573033708,0.6295102103485337,0.0867211969997666,0.767683744430542
3,1.0,0.25,0.0,0.5,9,45,2,2,0.29845323867529133,0.2984532386752915,0.5923035749787092,0.5915865303510878,0.37932760189374876,0.5936479709519707,0.5929324165216566,0.3829540138806239,0.39101841460643294,0.3901006933621116,0.20787198190896172,0.3819083766433755,0.38096954587584214,0.19536854482611762,0.621301775147929,0.7690617446715008,0.02732334986499162,0.9791226387023926
3,1.0,0.25,0.0,0.75,0,27,4,4,0.3033095950933377,0.30324649544915616,0.908286786541069,0.9079097241974984,0.7915753497024844,0.9083491277292126,0.907971490705844,0.7934094346634827,0.7909887969767586,0.7902758452404194,0.6000696491729003,0.7849276230002519,0.7841885630133323,0.586029113950917,0.4606741573033708,0.6295102103485337,0.10749220154333855,0.57450270652771
3,1.0,0.25,0.0,0.75,1,215,10,4,0.16413316938386702,0.21680112738257848,0.6701890529720456,0.6665589638352524,0.5133381387954735,0.9116055475593928,0.9112424542131328,0.8049349549879696,0.5483751181528778,0.544323007239308,0.35002841632835624,0.7889606460971247,0.7882379262538328,0.5957957470317893,0,0.0,inf,5.146787881851196
3,1.0,0.25,0.0,0.75,2,30,10,3,0.1611024601133823,0.2779168644219824,0.6355561851161828,0.6315268127045516,0.49717273861861405,0.7889606460971246,0.7883188157233194,0.6085417084158432,0.5099686861458639,0.5055504085327127,0.33558689207105846,0.6351652836494971,0.6342280982950598,0.42094768363328244,0,0.0,inf,0.693906307220459
3,1.0,0.25,0.0,0.75,3,215,10,4,0.19672003371199184,0.29631085962714393,0.7501452457926765,0.7474839297978145,0.6336441416154645,0.897406368541996,0.8969792788487176,0.7526454569778374,0.7756555566174939,0.773712255109352,0.7281096179433535,1.0,1.0,1.0,0,0.0,inf,5.5315985679626465
3,1.0,0.25,0.0,0.75,4,29,10,5,0.18059888944178926,0.21270228540855676,0.7412750658668303,0.7385191189299407,0.5982581754470921,1.0,1.0,1.0,0.6406994926706142,0.6375869999378447,0.42918711252985525,0.8974063685419956,0.8969792788487173,0.7526454569778374,0,0.0,inf,0.6905009746551514
3,1.0,0.25,0.0,0.75,5,25,10,4,0.1947399955886606,0.29558079356083317,0.7634207699044245,0.7609094167885526,0.6359196820927034,0.9059896953135614,0.9056014712345598,0.78488266182146,0.6541248382941242,0.6511398422041271,0.45575596541748586,0.7820038042783822,0.7812528432163193,0.5787657424083629,0,0.0,inf,0.646737813949585
3,1.0,0.25,0.0,0.75,6,39,4,4,0.3033095950933378,0.3032464954491562,0.908286786541069,0.9079097241974984,0.7915753497024844,0.9083491277292126,0.907971490705844,0.7934094346634827,0.7909887969767587,0.7902758452404195,0.6000696491729003,0.7849276230002518,0.7841885630133321,0.586029113950917,0.4606741573033708,0.6295102103485337,0.10749220154333854,1.0777308940887451
3,1.0,0.25,0.0,0.75,7,37,10,3,0.15024404694262808,0.2729427284772604,0.6155622439902924,0.6112914236200646,0.4729538461659228,0.792676458447326,0.7920479364188314,0.6178455857756018,0.4924314255722714,0.48783117036664736,0.3143426534070691,0.6398829605162113,0.6389611927460442,0.42965422834092154,0,0.0,inf,1.3541851043701172
3,1.0,0.25,0.0,0.75,8,31,10,5,0.18339718691393642,0.22152833972532276,0.7585203539974502,0.7559503968320475,0.6201115448279776,1.0,1.0,1.0,0.6484929063763097,0.6454508599451811,0.44238909971376483,0.8974063685419956,0.8969792788487173,0.7526454569778374,0,0.0,inf,0.9839231967926025
3,1.0,0.25,0.0,0.75,9,34,4,4,0.3033095950933377,0.30324649544915616,0.908286786541069,0.9079097241974984,0.7915753497024844,0.9083491277292126,0.907971490705844,0.7934094346634827,0.7909887969767587,0.7902758452404195,0.6000696491729003,0.7849276230002519,0.7841885630133323,0.586029113950917,0.4606741573033708,0.6295102103485337,0.10749220154333852,0.8354504108428955
3,1.0,0.25,0.0,1.0,0,66,10,4,0.1501477827772171,0.27446566816158374,0.6765582026978947,0.6732403148069743,0.5307915441860017,0.897406368541996,0.8969792788487176,0.7526454569778374,0.7068249430198664,0.7043843907708589,0.6010052743628851,1.0,1.0,1.0,0,0.0,inf,1.974442958831787
3,1.0,0.25,0.0,1.0,1,118,10,4,0.14301502875541128,0.2588137944616743,0.6866208217121373,0.6834104557964789,0.5426002927989237,0.9083491277292126,0.907971490705844,0.7934094346634827,0.621333855688668,0.6181861815426725,0.41968702727345636,0.7849276230002518,0.7841885630133321,0.586029113950917,0,0.0,inf,2.8417718410491943
3,1.0,0.25,0.0,1.0,2,53,10,3,0.1025187103276381,0.20690935145214276,0.5092177255492673,0.5038029272801383,0.3043117707830672,0.7926764584473263,0.7920479364188315,0.6178455857756018,0.37153620555818,0.36587747942362525,0.16362338160317053,0.6398829605162116,0.6389611927460445,0.42965422834092154,0,0.0,inf,0.8005270957946777
3,1.0,0.25,0.0,1.0,3,29,10,5,0.1860307148101351,0.28761367913197294,0.8255125951385635,0.8237767291390696,0.7415490427798265,1.0,1.0,1.0,0.7340687179006489,0.7319265023517637,0.54114987459699,0.897406368541996,0.8969792788487176,0.7526454569778374,0,0.0,inf,0.5030355453491211
3,1.0,0.25,0.0,1.0,4,117,10,4,0.13264278976290028,0.24382669569228269,0.6671787844980519,0.6637633578717343,0.5192559346557581,0.9116055475593928,0.9112424542131328,0.8049349549879696,0.5528183230838928,0.5490941782231203,0.3568555887484093,0.7889606460971244,0.7882379262538325,0.5957957470317893,0,0.0,inf,2.905888557434082
3,1.0,0.25,0.0,1.0,5,26,10,4,0.15575982377594327,0.2795774969753907,0.6890982936145014,0.6859175604745387,0.5461511686770668,0.9116055475593928,0.9112424542131328,0.8049349549879696,0.6105838676683727,0.6073515028451244,0.4063664264349693,0.7889606460971247,0.7882379262538328,0.5957957470317893,0,0.0,inf,0.7607288360595703
3,1.0,0.25,0.0,1.0,6,1000,10,5,0.1588471871751098,0.22954346285103394,0.7432603736569273,0.7406330495109034,0.6010752698720792,1.0,1.0,1.0,0.6357443164025923,0.6327199225362882,0.4254748157311048,0.8974063685419956,0.8969792788487173,0.7526454569778374,0,0.0,inf,22.18268918991089
3,1.0,0.25,0.0,1.0,7,45,10,3,0.12174841797142064,0.28851597562081593,0.5232163516607546,0.5180810347148008,0.3348917693827677,0.7303232410180941,0.7294623299636516,0.45744797462502,0.546388135648948,0.5424081243613318,0.38802261714878483,0.8281626276133816,0.8276964442337125,0.6590455003918929,0,0.0,inf,1.1075758934020996
3,1.0,0.25,0.0,1.0,8,28,10,5,0.18471699468966082,0.2863240696114529,0.8243400276155572,0.8225924964755513,0.7398638345711741,1.0,1.0,1.0,0.7265544723892265,0.7243517256630927,0.5384389336503287,0.8974063685419956,0.8969792788487173,0.7526454569778374,0,0.0,inf,0.7456462383270264
3,1.0,0.25,0.0,1.0,9,39,10,3,0.13683375442942994,0.2901135036726678,0.6565564810398603,0.6529360032157256,0.4839262560319198,0.8021489417124285,0.8015540214626932,0.6413806962628472,0.5539395597301875,0.5501160214380036,0.3298296625833203,0.6518928236684518,0.6510099162702462,0.4514820116115285,0,0.0,inf,1.0836329460144043
3,1.0,0.25,0.25,0.0,0,41,10,3,0.2239786370229728,0.2906300525522181,0.6838238318653689,0.6798398708078888,0.5563788156017461,0.789789857030486,0.789150994948784,0.6112350182388241,0.5509483085386865,0.5463181677895432,0.3871211339420798,0.636218386690312,0.6352846396218612,0.42347263580084515,0,0.0,inf,1.1563308238983154
3,1.0,0.25,0.25,0.0,1,27,4,4,0.2989779699537012,0.2983851289252444,0.8636055814965601,0.8630444636217575,0.7500516737418251,0.897406368541996,0.8969792788487176,0.7526454569778374,0.9449835436661433,0.9447957470965013,0.9420016798252705,1.0,1.0,1.0,0.15625,0.2824539600045193,0.30867567289450526,0.25112032890319824
3,1.0,0.25,0.25,0.0,2,38,10,3,0.21884143981953771,0.28681715375009054,0.6806310417190078,0.6766063832352781,0.5466224866321302,0.7889606460971246,0.7883188157233194,0.6085417084158432,0.5474164771956999,0.5427493257846105,0.3782497275700719,0.6351652836494971,0.6342280982950598,0.42094768363328244,0,0.0,inf,1.0939760208129883
3,1.0,0.25,0.25,0.0,3,36,3,3,0.29837031231076755,0.29862557276844615,0.7920532465028122,0.791423901436366,0.6151023239096007,0.7921997857472497,0.7915695648752535,0.6162892627615703,0.6467866575902359,0.645889223104628,0.44216543450967255,0.6392779718964172,0.6383542378752756,0.4282009089578253,0.4782608695652174,0.6473539407671144,0.08595844045846382,0.9562363624572754
3,1.0,0.25,0.25,0.0,4,18,4,4,0.2913748138964657,0.291200520203193,0.9090437908389912,0.9086701087019787,0.7943429996270311,0.9137594533047027,0.9134059329538328,0.8127690521941776,0.7919171422000004,0.7912079172740434,0.6024389496913674,0.7916267295012032,0.7909147573609078,0.602400964174539,0.4576271186440678,0.6266536694053753,0.10767356047338156,0.10347390174865723
3,1.0,0.25,0.25,0.0,5,1000,10,4,0.2390891383449349,0.29782571930388146,0.7995151065853908,0.7971565814674142,0.6960709608935656,0.9116055475593928,0.9112424542131328,0.8049349549879696,0.6858589871951724,0.68284930387019,0.5102151933898328,0.7889606460971247,0.7882379262538328,0.5957957470317893,0,0.0,inf,22.532881498336792
3,1.0,0.25,0.25,0.0,6,36,4,4,0.2989779699537012,0.2983851289252443,0.8636055814965601,0.8630444636217575,0.7500516737418251,0.897406368541996,0.8969792788487176,0.7526454569778374,0.9449835436661435,0.9447957470965015,0.9420016798252705,1.0,1.0,1.0,0.15625,0.2824539600045193,0.30867567289450515,0.5945522785186768
3,1.0,0.25,0.25,0.0,7,14,3,3,0.3000960427427212,0.3000665763030945,0.7919954100813236,0.7913658592256422,0.6149134768877957,0.7926764584473263,0.7920479364188315,0.6178455857756018,0.6467140735940206,0.6458164057367729,0.44198892731327694,0.6398829605162116,0.6389611927460445,0.42965422834092154,0.4606741573033708,0.6295102103485337,0.08869216512632282,0.11537480354309082
3,1.0,0.25,0.25,0.0,8,25,3,3,0.29582723972303326,0.2956706898560772,0.7904764725728852,0.7898414931742512,0.6114464079728974,0.7852802150932446,0.7846251091678986,0.6010060305727019,0.6448075264531995,0.6439036979318008,0.43874541557546143,0.630488902126393,0.6295363171801378,0.41386322570661177,0.4782608695652174,0.6473539407671144,0.08578342002708614,0.17657971382141113
3,1.0,0.25,0.25,0.0,9,26,3,3,0.2972879112772519,0.29730737121756873,0.7964599900015984,0.7958463173618422,0.6257449183498832,0.8019282820082536,0.8013325861275414,0.6406540834881669,0.6523146093044464,0.6514349462179659,0.45208550297897,0.6516133272375468,0.6507295243611372,0.4508122830368131,0.4576271186440678,0.6266536694053753,0.08722072215897937,0.11704182624816895
3,1.0,0.25,0.25,0.25,0,47,3,3,0.29479873514155075,0.2948250570627073,0.7964875200702813,0.7958739447619763,0.6258352922217565,0.8021489417124285,0.8015540214626932,0.6413806962628472,0.652349128612483,0.6514695757814329,0.45216951389927995,0.651892823668452,0.6510099162702464,0.4514820116115285,0.4606741573033708,0.6295102103485337,0.08672119699976662,0.8697576522827148
3,1.0,0.25,0.25,0.25,1,48,2,2,0.3008090782574572,0.30080907825745745,0.5916192536088873,0.59090064872952,0.37797664007241627,0.5960908120545209,0.5953808212273226,0.38786077858471907,0.39012433863433876,0.38920475034961693,0.20644409204749883,0.3851413325894215,0.38420931149396687,0.20059074619948228,0.4782608695652174,0.6473539407671144,0.06523662779639604,0.7795834541320801
3,1.0,0.25,0.25,0.25,2,25,10,4,0.2152945504441368,0.2965263306117308,0.7778720133340341,0.7754174309096229,0.6588563764999581,0.9116055475593928,0.9112424542131328,0.8049349549879696,0.666460735898895,0.6634599158447028,0.47642369250422606,0.7889606460971244,0.7882379262538325,0.5957957470317893,0.06666666666666667,0.1301744337412132,0.5555997894521487,0.4956479072570801
3,1.0,0.25,0.25,0.25,3,58,2,2,0.3068011020001426,0.30680110200014254,0.5878399019601795,0.5871126581313231,0.3706193494105449,0.5879077429223252,0.5871790535706989,0.3717161405198315,0.672199343603704,0.6717035325534596,0.5329726615200185,0.6768387497441452,0.676345545785955,0.5489778408135174,0.46629213483146065,0.6339362092142247,0.06673176103870496,1.0643515586853027
3,1.0,0.25,0.25,0.25,4,17,4,4,0.30330959509333777,0.30324649544915616,0.908286786541069,0.9079097241974984,0.7915753497024844,0.9083491277292126,0.907971490705844,0.7934094346634827,0.7909887969767587,0.7902758452404195,0.6000696491729003,0.7849276230002519,0.7841885630133323,0.586029113950917,0.4606741573033708,0.6295102103485337,0.10749220154333854,0.08123946189880371
3,1.0,0.25,0.25,0.25,5,45,2,2,0.3068011020001426,0.30680110200014254,0.5878399019601795,0.5871126581313231,0.3706193494105449,0.5879077429223252,0.5871790535706989,0.3717161405198315,0.672199343603704,0.6717035325534596,0.5329726615200185,0.6768387497441452,0.676345545785955,0.5489778408135174,0.46629213483146065,0.6339362092142247,0.06673176103870496,0.8449478149414062
3,1.0,0.25,0.25,0.25,6,20,3,3,0.3000960427427214,0.30006657630309463,0.7919954100813235,0.791365859225642,0.6149134768877957,0.7926764584473263,0.7920479364188315,0.6178455857756018,0.6467140735940206,0.6458164057367729,0.44198892731327694,0.6398829605162116,0.6389611927460445,0.42965422834092154,0.4606741573033708,0.6295102103485337,0.08869216512632283,0.1425309181213379
3,1.0,0.25,0.25,0.25,7,34,3,3,0.3000960427427212,0.30006657630309463,0.7919954100813235,0.791365859225642,0.6149134768877957,0.7926764584473263,0.7920479364188315,0.6178455857756018,0.6467140735940206,0.6458164057367729,0.44198892731327694,0.6398829605162114,0.6389611927460443,0.42965422834092154,0.4606741573033708,0.6295102103485337,0.08869216512632283,0.5614457130432129
3,1.0,0.25,0.25,0.25,8,42,10,4,0.20686045393776425,0.2803404030084559,0.7674195025494737,0.7648292598493575,0.6335755189295957,0.8974063685419958,0.8969792788487174,0.7526454569778374,0.6541195983812016,0.6509812173469963,0.4550039543046952,0.7713552409379785,0.7705605424897544,0.5510101485183012,0.06666666666666667,0.1301744337412132,0.5539054256041213,0.7507572174072266
3,1.0,0.25,0.25,0.25,9,36,10,3,0.19195125410511835,0.28373422776709495,0.6693803406667908,0.6655293007804737,0.5282870329113353,0.7889606460971246,0.7883188157233194,0.6085417084158432,0.5416670557431539,0.5373033704338248,0.3622332458767405,0.6351652836494971,0.6342280982950598,0.42094768363328244,0.07142857142857142,0.14257199885942398,0.5108425089935797,0.6460270881652832
3,1.0,0.25,0.25,0.5,0,73,2,2,0.29845323867529133,0.2984532386752915,0.5923035749787092,0.5915865303510878,0.37932760189374876,0.5936479709519707,0.5929324165216566,0.3829540138806239,0.39101841460643294,0.3901006933621116,0.20787198190896172,0.3819083766433755,0.38096954587584214,0.19536854482611762,0.621301775147929,0.7690617446715008,0.02732334986499162,1.4140136241912842
3,1.0,0.25,0.25,0.5,1,1000,10,3,0.1615126655838183,0.2855282166731613,0.6511385057080197,0.6472817867116993,0.5041336292485066,0.7889606460971246,0.7883188157233194,0.6085417084158432,0.5270000877533684,0.5227358286342568,0.3417379738872603,0.6351652836494971,0.6342280982950598,0.42094768363328244,0.07142857142857142,0.15757957768673178,0.9501242847599138,20.50934362411499
3,1.0,0.25,0.25,0.5,2,42,4,4,0.28430885921053156,0.2840608104525071,0.9077861546703496,0.9074068545396609,0.7897360784811976,0.9083491277292126,0.907971490705844,0.7934094346634827,0.7903747757157538,0.7896593564483267,0.5984933525969508,0.7849276230002518,0.7841885630133321,0.586029113950917,0.46629213483146065,0.6339362092142247,0.10501284289472496,0.9796767234802246
3,1.0,0.25,0.25,0.5,3,33,3,3,0.3034411497477426,0.3031720513147306,0.7919171422000004,0.7912873128296978,0.6146580667163571,0.7916267295012033,0.7909944647108239,0.6144266258107057,0.8871644058134939,0.8868776795289721,0.8294919785110026,0.8919096298303802,0.8916326823937588,0.8472089812237649,0.4576271186440678,0.6266536694053753,0.08923976559220492,0.4466402530670166
3,1.0,0.25,0.25,0.5,4,54,3,3,0.29582723972303326,0.295670689856077,0.7904764725728854,0.7898414931742513,0.6114464079728974,0.7852802150932446,0.7846251091678986,0.6010060305727019,0.6448075264531996,0.6439036979318009,0.43874541557546143,0.630488902126393,0.6295363171801378,0.41386322570661177,0.4782608695652174,0.6473539407671144,0.08578342002708614,0.971182107925415
3,1.0,0.25,0.25,0.5,5,31,10,4,0.1966460249609378,0.29646326364766884,0.7659638009917947,0.7634793911795509,0.636403886978222,0.9059896953135614,0.9056014712345598,0.78488266182146,0.6568902736288835,0.6539290774222275,0.4561703171800598,0.7820038042783822,0.7812528432163193,0.5787657424083629,0.06666666666666667,0.1360914534567229,0.9243802475828997,0.6231224536895752
3,1.0,0.25,0.25,0.5,6,43,3,3,0.293832105090291,0.2936534650303344,0.7903227834399137,0.7896872559207784,0.6109458131619562,0.7849276230002521,0.7842712471813089,0.5998687124749003,0.6446145860740942,0.64371013571519,0.4382766299624657,0.6300407065822518,0.6290866490125593,0.41279146196657973,0.4606741573033708,0.6295102103485337,0.08851436690483666,0.7519564628601074
3,1.0,0.25,0.25,0.5,7,113,4,4,0.30330959509333777,0.30324649544915616,0.908286786541069,0.9079097241974984,0.7915753497024844,0.9083491277292126,0.907971490705844,0.7934094346634827,0.7909887969767587,0.7902758452404195,0.6000696491729003,0.7849276230002518,0.7841885630133321,0.586029113950917,0.4606741573033708,0.6295102103485337,0.10749220154333854,2.4774653911590576
3,1.0,0.25,0.25,0.5,8,49,10,3,0.16143484495077176,0.28544137575401574,0.6511385057080198,0.6472817867116993,0.5041336292485066,0.7889606460971246,0.7883188157233194,0.6085417084158432,0.5270000877533684,0.5227358286342568,0.3417379738872603,0.6351652836494971,0.6342280982950598,0.42094768363328244,0.07142857142857142,0.15757957768673178,0.9501242847599141,0.8629570007324219
3,1.0,0.25,0.25,0.5,9,56,3,3,0.2958169263669707,0.2954999366012556,0.7903747757157535,0.7897394336368198,0.6111150880111534,0.7849276230002521,0.7842712471813089,0.5998687124749003,0.8855725162926757,0.88528131437995,0.8254485204470364,0.884983406868874,0.884686800044098,0.830441303607371,0.46629213483146065,0.6339362092142247,0.08657904801354832,1.0903699398040771
3,1.0,0.25,0.25,0.75,0,26,10,3,0.15079205409159846,0.2998908735056034,0.6822596648545698,0.6788696130958953,0.5158044263187384,0.7916267295012033,0.7909944647108239,0.6144266258107057,0.6837397700217388,0.680993550075311,0.5391708981547011,0.8919096298303802,0.8916326823937588,0.8472089812237649,0.3333333333333333,0.555,1.255188471689287,0.4339406490325928
3,1.0,0.25,0.25,0.75,1,1000,10,4,0.17476704107433846,0.29669828075306437,0.7464727037488912,0.743846643796094,0.607012079995563,0.897406368541996,0.8969792788487176,0.7526454569778374,0.7605915691985933,0.7585777417423055,0.6813657006796617,1.0,1.0,1.0,0.06666666666666667,0.14257199885942398,1.5265085620916976,22.58637762069702
3,1.0,0.25,0.25,0.75,2,39,10,4,0.15247052228899322,0.24571273534519733,0.6798290194682687,0.6764363862629686,0.5118677499329041,0.897406368541996,0.8969792788487176,0.7526454569778374,0.6862759153303593,0.6835718799515876,0.5879112520466232,1.0,1.0,1.0,0.06666666666666667,0.14257199885942398,1.6811878829909643,1.1116538047790527
3,1.0,0.25,0.25,0.75,3,110,10,4,0.1770780365157263,0.2989625928166363,0.7503253600277812,0.7477435848015065,0.6189172328245518,0.897406368541996,0.8969792788487176,0.7526454569778374,0.7592327659543775,0.7572112166898921,0.6730099062435179,1.0,1.0,1.0,0.06666666666666667,0.14257199885942398,1.534237059857576,3.406048059463501
3,1.0,0.25,0.25,0.75,4,52,10,4,0.16527062000614667,0.2714356111259312,0.7130025309118605,0.7099889012871059,0.543099948485464,0.8974063685419958,0.8969792788487174,0.7526454569778374,0.6103165898988522,0.6069899089601518,0.37853911200847556,0.7713552409379785,0.7705605424897544,0.5510101485183012,0.06666666666666667,0.14877078141852937,1.5574188777484073,1.487189531326294
3,1.0,0.25,0.25,0.75,5,60,10,3,0.14655559984124414,0.3104793783995984,0.6324960644009009,0.6284661345053949,0.38832318558829465,0.7595386266093844,0.7587891678710779,0.523012647821584,0.5098877640295139,0.5055032977562153,0.2374189515411785,0.5976802337166612,0.5966178608565919,0.3387811841838666,0.3333333333333333,0.5299417064122947,1.233857697711784,1.8109211921691895
3,1.0,0.25,0.25,0.75,6,33,10,4,0.17366630613379916,0.2951530284608541,0.751787193187012,0.7492259670274033,0.6033006133565577,0.9116055475593928,0.9112424542131328,0.8049349549879696,0.6469372239093647,0.6439795885319273,0.42799458392116657,0.7889606460971244,0.7882379262538325,0.5957957470317893,0.06666666666666667,0.14257199885942398,1.5322372865716818,0.951108455657959
3,1.0,0.25,0.25,0.75,7,48,10,3,0.13664381170983161,0.28891958130178974,0.5737729856777801,0.5690974153843573,0.3761097890951596,0.7375733655715297,0.7367405406672015,0.4724246305454723,0.5558438700559595,0.5518689541373355,0.38522853424629977,0.8357447021357429,0.8353020509100346,0.6777225590952062,0.07142857142857142,0.166333998669328,1.6648064400478084,1.2255148887634277
3,1.0,0.25,0.25,0.75,8,43,10,3,0.14535523351736573,0.2871644177485587,0.6515202985500619,0.6478181942219885,0.5191271959830226,0.7889606460971244,0.7883188157233192,0.6085417084158432,0.6436312525409663,0.6405510978768464,0.5559527848627008,0.8891543252970434,0.8888695855552406,0.8404468849639695,0.07142857142857142,0.166333998669328,1.6495028442100308,1.311988115310669
3,1.0,0.25,0.25,0.75,9,52,10,4,0.16733871356937943,0.2819129955014872,0.7160268633812189,0.713075366490101,0.5733233332125011,0.9037907607564276,0.9033926442098374,0.7752391372397232,0.6044276369047791,0.6010878961808391,0.40229795309190186,0.7792775881454947,0.7785155100165544,0.5705119925521072,0.06666666666666667,0.1478524432616249,1.51224933248396,1.142838716506958
3,1.0,0.25,0.25,1.0,0,41,10,4,0.14071434447773343,0.27216154022076466,0.6995147749260844,0.6964984161304526,0.5365058832951848,0.897406368541996,0.8969792788487176,0.7526454569778374,0.6991677559027931,0.6967202302130283,0.5628400807721637,1.0,1.0,1.0,0.06666666666666667,0.14877078141852937,2.2269218359855327,0.807584285736084
3,1.0,0.25,0.25,1.0,1,43,10,5,0.14543021673838252,0.2308645878064476,0.7416118043425637,0.7390276854225998,0.5809426734583933,1.0,1.0,1.0,0.6362147482502986,0.6332669235375078,0.408501785562189,0.897406368541996,0.8969792788487176,0.7526454569778374,0.21568627450980393,0.39481712788485696,1.802459924946496,1.025869369506836
3,1.0,0.25,0.25,1.0,2,81,10,3,0.11861338962041508,0.29099912911301434,0.6103083664278816,0.6063117646758075,0.43120940886567066,0.7921997857472497,0.7915695648752535,0.6162892627615703,0.49091632481063563,0.48667817110195083,0.2824244277067327,0.6392779718964172,0.6383542378752756,0.4282009089578253,0.22448979591836735,0.3768026581714794,2.110023507315952,1.5422134399414062
3,1.0,0.25,0.25,1.0,3,45,10,3,0.11697798626150414,0.2867677120745524,0.6169568519279756,0.6130358065636418,0.43971239762802034,0.8021489417124285,0.8015540214626932,0.6413806962628472,0.5158303821088025,0.5118078053474264,0.29475544021856387,0.651892823668452,0.6510099162702464,0.4514820116115285,0.2222222222222222,0.39959314152862535,2.1029335457731326,0.9257299900054932
3,1.0,0.25,0.25,1.0,4,65,10,4,0.14822036469690877,0.2854049054408994,0.6890080914556812,0.6858930764146607,0.5420956463220654,0.9059896953135614,0.9056014712345598,0.78488266182146,0.5986636243906175,0.5954060921106177,0.38311844389640526,0.7820038042783822,0.7812528432163193,0.5787657424083629,0.06666666666666667,0.14877078141852937,2.2226643832579276,1.344191551208496
3,1.0,0.25,0.25,1.0,5,50,10,3,0.1159705339735707,0.283745885704733,0.612434878187807,0.608457740818833,0.43522336620279817,0.7849276230002521,0.7842712471813089,0.5998687124749003,0.49315188236093105,0.4889296520357725,0.28573973666301306,0.6300407065822516,0.6290866490125591,0.41279146196657973,0.2037037037037037,0.3796900348624487,2.108480604045155,1.087414264678955
3,1.0,0.25,0.25,1.0,6,44,10,4,0.15113571420627464,0.2847030690420203,0.7074601623103242,0.7045300645962319,0.5613059309743538,0.9059896953135614,0.9056014712345598,0.78488266182146,0.6186666000357439,0.615571533232132,0.3990211521532885,0.7820038042783822,0.7812528432163193,0.5787657424083629,0.06666666666666667,0.14877078141852937,2.2228871174915197,0.8526723384857178
3,1.0,0.25,0.25,1.0,7,127,10,4,0.14825781448570077,0.28216908789705786,0.6877560621771339,0.6846269533941733,0.5508399109276594,0.9059896953135614,0.9056014712345598,0.78488266182146,0.581301198396046,0.5779009291153485,0.38396305088883803,0.7820038042783822,0.7812528432163193,0.5787657424083629,0.06666666666666667,0.14877078141852937,2.229392354523358,2.565962076187134
3,1.0,0.25,0.25,1.0,8,36,10,3,0.11867313616868115,0.286897020299173,0.5931337282225996,0.5889741052440957,0.4397591751150877,0.7889606460971244,0.7883188157233192,0.6085417084158432,0.6099378200504819,0.6067015513522286,0.47074099517759754,0.8891543252970434,0.8888695855552406,0.8404468849639695,0.07142857142857142,0.15654964580642636,2.486196945784279,0.9961342811584473
3,1.0,0.25,0.25,1.0,9,35,10,4,0.12479796487222913,0.24631460989796974,0.6416896510271693,0.6380821576578118,0.49046584650394964,0.8974063685419958,0.8969792788487174,0.7526454569778374,0.5393559911834999,0.53559628841124,0.33581277094281553,0.7713552409379785,0.7705605424897544,0.5510101485183012,0.0625,0.14172837756439782,2.2661777892878403,0.8781869411468506
3,1.0,0.25,0.5,0.0,0,36,10,3,0.1930639380023833,0.2963609117423318,0.6826961518138214,0.6789840611019788,0.527262351715,0.7849276230002521,0.7842712471813089,0.5998687124749003,0.7103351370697343,0.7075641485735409,0.635884689873914,0.884983406868874,0.884686800044098,0.830441303607371,0,0.0,inf,0.6584968566894531
3,1.0,0.25,0.5,0.0,1,45,10,3,0.1927960913971597,0.29941949702541665,0.687189078743519,0.6835331125740765,0.5223500786003389,0.7921997857472497,0.7915695648752535,0.6162892627615703,0.5607290956014361,0.5565314098181894,0.35680362938023535,0.6392779718964172,0.6383542378752756,0.4282009089578253,0,0.0,inf,0.8831441402435303
3,1.0,0.25,0.5,0.0,2,28,2,2,0.3065022615582611,0.306502261558261,0.5864457028076931,0.5857152626526245,0.36794884669240996,0.581408430461704,0.5806647649710639,0.35946576657210166,0.6707000927129854,0.6702014414849434,0.5295124914864294,0.6698226521030716,0.6693160184610265,0.5327971294054453,0.4576271186440678,0.6266536694053753,0.06915754410477812,0.4801959991455078
3,1.0,0.25,0.5,0.0,3,59,10,4,0.21674767341870524,0.29525587813286436,0.7758877063418151,0.7734074209563119,0.6643159727700427,0.9059896953135614,0.9056014712345598,0.78488266182146,0.664116395630191,0.6610894842875031,0.4812603152908925,0.7820038042783822,0.7812528432163193,0.5787657424083629,0,0.0,inf,1.1305034160614014
3,1.0,0.25,0.5,0.0,4,28,3,3,0.29479873514155075,0.2948250570627073,0.7964875200702813,0.7958739447619763,0.6258352922217565,0.8021489417124285,0.8015540214626932,0.6413806962628472,0.652349128612483,0.6514695757814329,0.45216951389927995,0.651892823668452,0.6510099162702464,0.4514820116115285,0.4606741573033708,0.6295102103485337,0.0867211969997666,0.5167524814605713
3,1.0,0.25,0.5,0.0,5,30,4,4,0.28999564489917856,0.28967696566936385,0.9041296431413824,0.9037339420232676,0.7760883163884392,0.9000920107272863,0.8996771460213145,0.7622414951112423,0.7858882559572731,0.7851547448691063,0.586753001857982,0.7746891130677099,0.7739081836339227,0.5593213086866492,0.4782608695652174,0.6473539407671144,0.10623625834148837,0.4479832649230957
3,1.0,0.25,0.5,0.0,6,24,10,3,0.19128101854783605,0.29925706819948705,0.6771744434238406,0.673401431571399,0.5168309195369071,0.7921997857472497,0.7915695648752535,0.6162892627615703,0.5497497740552838,0.5454471695498944,0.35185868754809846,0.6392779718964172,0.6383542378752756,0.4282009089578253,0,0.0,inf,0.3880891799926758
3,1.0,0.25,0.5,0.0,7,34,10,4,0.18970523753065527,0.2240509818538115,0.7057436914573305,0.7023202920884555,0.5286255729989155,0.9083491277292126,0.907971490705844,0.7934094346634827,0.5816791677348362,0.577701607875743,0.36258440375407947,0.7849276230002519,0.7841885630133323,0.586029113950917,0,0.0,inf,0.735823392868042
3,1.0,0.25,0.5,0.0,8,1000,10,4,0.21489115900061695,0.294904910390906,0.7663238172938037,0.7637308764312034,0.6496542124188741,0.897406368541996,0.8969792788487176,0.7526454569778374,0.8070408787803152,0.8052969893996629,0.7934723717888116,1.0,1.0,1.0,0,0.0,inf,21.780857801437378
3,1.0,0.25,0.5,0.0,9,34,10,3,0.19625593208183606,0.31664180491295246,0.6599291559020691,0.655805526506313,0.4037898635333865,0.7303232410180941,0.7294623299636516,0.45744797462502,0.683089322724752,0.6799363854915721,0.49800306894047963,0.8281626276133816,0.8276964442337125,0.6590455003918929,0,0.0,inf,0.5573527812957764
3,1.0,0.25,0.5,0.25,0,109,3,3,0.2972879112772519,0.29730737121756873,0.7964599900015984,0.7958463173618422,0.6257449183498832,0.8019282820082536,0.8013325861275414,0.6406540834881669,0.6523146093044464,0.6514349462179659,0.45208550297897,0.6516133272375468,0.6507295243611372,0.4508122830368131,0.4576271186440678,0.6266536694053753,0.08722072215897937,2.2713470458984375
3,1.0,0.25,0.5,0.25,1,40,10,4,0.17141606676572432,0.22557366618324187,0.680340235418664,0.6768131355204985,0.5106523171845784,0.9059896953135614,0.9056014712345598,0.78488266182146,0.5591366408792281,0.5551704014683003,0.34754587605804454,0.7820038042783822,0.7812528432163193,0.5787657424083629,0.4520547945205479,0.6079699331233073,0.5282125716102276,0.7522969245910645
3,1.0,0.25,0.5,0.25,2,21,10,4,0.19315216728206866,0.2939502203237985,0.7513478989788448,0.7486960900769222,0.6213011032028387,0.897406368541996,0.8969792788487176,0.7526454569778374,0.7799940235412084,0.7780857209040424,0.7379444581348032,1.0,1.0,1.0,0.08333333333333333,0.15757957768673178,0.88137544485378,0.3352670669555664
3,1.0,0.25,0.5,0.25,3,30,10,4,0.19589989240892772,0.29874107409783524,0.7665918700810656,0.7641164578921416,0.638117657567729,0.9116055475593928,0.9112424542131328,0.8049349549879696,0.6576824705696721,0.6547311222074536,0.4575675627630423,0.7889606460971244,0.7882379262538325,0.5957957470317893,0.07142857142857142,0.1360914534567229,0.9946201393405967,0.5605738162994385
3,1.0,0.25,0.5,0.25,4,21,4,4,0.2913748138964657,0.291200520203193,0.9090437908389912,0.9086701087019787,0.7943429996270311,0.9137594533047027,0.9134059329538328,0.8127690521941776,0.7919171422000004,0.7912079172740434,0.6024389496913674,0.7916267295012033,0.7909147573609079,0.602400964174539,0.4576271186440678,0.6266536694053753,0.10767356047338156,0.0920109748840332
3,1.0,0.25,0.5,0.25,5,45,10,3,0.16831321511748293,0.28545383649963496,0.6663022302441284,0.6626078991118082,0.5212818304445809,0.7889606460971246,0.7883188157233194,0.6085417084158432,0.543372171678829,0.5392491350881169,0.3566896186356718,0.6351652836494971,0.6342280982950598,0.42094768363328244,0.08333333333333333,0.15757957768673178,0.9251347986989549,0.8456201553344727
3,1.0,0.25,0.5,0.25,6,42,10,4,0.1933822745138077,0.2942284463139524,0.751347898978845,0.7486960900769224,0.6213011032028387,0.897406368541996,0.8969792788487176,0.7526454569778374,0.7799940235412084,0.7780857209040424,0.7379444581348032,1.0,1.0,1.0,0.08333333333333333,0.15757957768673178,0.88137544485378,0.7835640907287598
3,1.0,0.25,0.5,0.25,7,41,10,3,0.17391152650373273,0.3044529912363074,0.694167389827055,0.6907735250272931,0.5261493833690711,0.7916267295012033,0.7909944647108239,0.6144266258107057,0.705571719702528,0.7029063901311994,0.5912781781799523,0.8919096298303802,0.8916326823937588,0.8472089812237649,0.26865671641791045,0.397456279809221,0.6586813710311954,0.910498857498169
3,1.0,0.25,0.5,0.25,8,34,10,3,0.17072728004943616,0.316913191765861,0.6575973325959585,0.6536556232253691,0.3960625699875522,0.7303232410180941,0.7294623299636516,0.45744797462502,0.6624561678138206,0.6592758024764338,0.45167467695026065,0.8281626276133816,0.8276964442337125,0.6590455003918929,0.26153846153846155,0.3897026797790156,0.6843250535482206,0.5892326831817627
3,1.0,0.25,0.5,0.25,9,17,4,4,0.30330959509333777,0.30324649544915616,0.908286786541069,0.9079097241974984,0.7915753497024844,0.9083491277292126,0.907971490705844,0.7934094346634827,0.7909887969767586,0.7902758452404194,0.6000696491729003,0.7849276230002519,0.7841885630133323,0.586029113950917,0.4606741573033708,0.6295102103485337,0.10749220154333855,0.1307358741760254
3,1.0,0.25,0.5,0.5,0,29,10,4,0.17393024489678086,0.29335553036916673,0.7418830582630531,0.7392085280038635,0.5991889090611899,0.897406368541996,0.8969792788487176,0.7526454569778374,0.7589389916316659,0.7569104950958244,0.6863813718791061,1.0,1.0,1.0,0.08333333333333333,0.17611835153222966,0.8528912135109522,0.47894787788391113
3,1.0,0.25,0.5,0.5,1,39,10,4,0.17423520293584638,0.2956300355484543,0.7539861928072519,0.7514470674052455,0.6026208423822782,0.9116055475593928,0.9112424542131328,0.8049349549879696,0.6464780303973872,0.6435158044919403,0.4269928733538881,0.7889606460971244,0.7882379262538325,0.5957957470317893,0.07142857142857142,0.14257199885942398,0.9461663619713164,0.695908784866333
3,1.0,0.25,0.5,0.5,2,40,10,4,0.171770791253351,0.28612116311054825,0.734186554932885,0.7314215734562756,0.5879235938398606,0.9037907607564276,0.9033926442098374,0.7752391372397232,0.6240749242917978,0.6208983042285745,0.4147196177568201,0.7792775881454951,0.7785155100165547,0.5705119925521072,0.07142857142857142,0.14257199885942398,0.9445221944981693,0.684368371963501
3,1.0,0.25,0.5,0.5,3,39,3,3,0.29479873514155086,0.2948250570627074,0.7964875200702813,0.7958739447619763,0.6258352922217565,0.8021489417124285,0.8015540214626932,0.6413806962628472,0.652349128612483,0.6514695757814329,0.45216951389927995,0.6518928236684518,0.6510099162702462,0.4514820116115285,0.4606741573033708,0.6295102103485337,0.0867211969997666,0.6150932312011719
3,1.0,0.25,0.5,0.5,4,34,10,3,0.14954253953497895,0.29710524712119396,0.6747027666931247,0.6712226174901557,0.5110547766387344,0.7849276230002521,0.7842712471813089,0.5998687124749003,0.6659396146085741,0.6630302540176163,0.5299323064310751,0.884983406868874,0.884686800044098,0.830441303607371,0.26153846153846155,0.4439221830526178,0.6091145614807799,0.8790123462677002
3,1.0,0.25,0.5,0.5,5,40,4,4,0.2843088592105316,0.28406081045250714,0.9077861546703494,0.9074068545396607,0.7897360784811976,0.9083491277292126,0.907971490705844,0.7934094346634827,0.7903747757157535,0.7896593564483266,0.5984933525969508,0.7849276230002519,0.7841885630133323,0.586029113950917,0.46629213483146065,0.6339362092142247,0.10501284289472497,1.1085424423217773
3,1.0,0.25,0.5,0.5,6,40,2,2,0.30254059460160804,0.3025405946016079,0.5933918153386777,0.5926772493795246,0.3814880303054271,0.5976802337166613,0.5969738544387009,0.39109438552078163,0.3924399607337398,0.39152520480717656,0.21015328256567536,0.3872439306503139,0.3863163273739962,0.2040240706420313,0.6198830409356725,0.7670320923332972,0.027921690199618477,1.0514943599700928
3,1.0,0.25,0.5,0.5,7,46,10,4,0.17158490264763618,0.2861105020442183,0.734186554932885,0.7314215734562756,0.5879235938398606,0.9037907607564276,0.9033926442098374,0.7752391372397232,0.6240749242917978,0.6208983042285745,0.4147196177568201,0.7792775881454951,0.7785155100165547,0.5705119925521072,0.07142857142857142,0.14257199885942398,0.9445221944981693,1.3713295459747314
3,1.0,0.25,0.5,0.5,8,50,3,3,0.29218812907527597,0.2924978798475077,0.7964944021672811,0.7958808511897366,0.6258578876687111,0.8021489417124285,0.8015540214626932,0.6413806962628472,0.652357757883099,0.6514782326134035,0.45219051787202735,0.6518928236684518,0.6510099162702462,0.4514820116115285,0.46629213483146065,0.6339362092142247,0.08473502501170044,0.8715240955352783
3,1.0,0.25,0.5,0.5,9,58,10,4,0.17876557319234718,0.29444957335602095,0.7538731393370285,0.7513249960351995,0.6118364343370818,0.9059896953135614,0.9056014712345598,0.78488266182146,0.646011072841223,0.6430350466622858,0.43486412696702453,0.7820038042783822,0.7812528432163193,0.5787657424083629,0.07142857142857142,0.14257199885942398,0.9671568737034222,1.128206729888916
3,1.0,0.25,0.5,0.75,0,39,10,3,0.12724726494778707,0.2933756574488569,0.6559739260405002,0.6524196701782785,0.4811059710728667,0.8021489417124285,0.8015540214626932,0.6413806962628472,0.542593554238205,0.5387554989430525,0.3245510842620506,0.6518928236684518,0.6510099162702462,0.4514820116115285,0.3333333333333333,0.49900199600798395,0.9809796661478141,0.8084559440612793
3,1.0,0.25,0.5,0.75,1,37,10,5,0.1699131521506315,0.2657250519609103,0.7575365935330498,0.7551120137957663,0.6068191915862523,1.0,1.0,1.0,0.6535156544221251,0.6507084909368711,0.4298312158134068,0.8974063685419956,0.8969792788487173,0.7526454569778374,0.07142857142857142,0.1497005988023952,1.2411255426946035,1.0314280986785889
3,1.0,0.25,0.5,0.75,2,34,10,4,0.1572703551797296,0.290882120646821,0.7355972036378297,0.7329232475456525,0.5919988161094863,0.897406368541996,0.8969792788487176,0.7526454569778374,0.7351943814749283,0.7330227095762413,0.6271984985195778,1.0,1.0,1.0,0.08333333333333333,0.187125748502994,1.203764577264331,0.5988297462463379
3,1.0,0.25,0.5,0.75,3,24,4,4,0.28430885921053173,0.284060810452507,0.9077861546703494,0.9074068545396607,0.7897360784811976,0.9083491277292126,0.907971490705844,0.7934094346634827,0.7903747757157535,0.7896593564483266,0.5984933525969508,0.7849276230002518,0.7841885630133321,0.586029113950917,0.46629213483146065,0.6339362092142247,0.10501284289472497,0.36945557594299316
3,1.0,0.25,0.5,0.75,4,76,10,4,0.1222773736528175,0.22501073010906955,0.6509879035392122,0.647372694215975,0.4519681732176785,0.9083491277292126,0.907971490705844,0.7934094346634827,0.5339154403530402,0.5299935149695582,0.29907370668365796,0.7849276230002519,0.7841885630133323,0.586029113950917,0.2727272727272727,0.49900199600798395,0.9911213716817953,1.9157216548919678
3,1.0,0.25,0.5,0.75,5,27,10,4,0.13388352682600355,0.24632624709630463,0.6934750917007027,0.6903087220535729,0.4785018864323554,0.9083491277292126,0.907971490705844,0.7934094346634827,0.5833569607547736,0.5798614833004082,0.3223572894762227,0.7849276230002518,0.7841885630133321,0.586029113950917,0.3333333333333333,0.49900199600798395,0.9822785265438658,0.7001328468322754
3,1.0,0.25,0.5,0.75,6,63,10,4,0.15741912711892045,0.29422737279014677,0.7445907945812312,0.7420139862715069,0.5973277164145898,0.9116055475593928,0.9112424542131328,0.8049349549879696,0.6385075865048208,0.6355506748193666,0.42223171522369657,0.7889606460971247,0.7882379262538328,0.5957957470317893,0.07142857142857142,0.1497005988023952,1.3210474871341762,1.5145213603973389
3,1.0,0.25,0.5,0.75,7,50,4,4,0.28999564489917856,0.28967696566936396,0.9041296431413824,0.9037339420232676,0.7760883163884392,0.9000920107272863,0.8996771460213145,0.7622414951112423,0.7858882559572731,0.7851547448691063,0.586753001857982,0.7746891130677099,0.7739081836339227,0.5593213086866492,0.4782608695652174,0.6473539407671144,0.10623625834148834,0.9076595306396484
3,1.0,0.25,0.5,0.75,8,46,4,4,0.28999564489917856,0.2896769656693638,0.9041296431413824,0.9037339420232676,0.7760883163884392,0.9000920107272863,0.8996771460213145,0.7622414951112423,0.7858882559572731,0.7851547448691063,0.586753001857982,0.7746891130677099,0.7739081836339227,0.5593213086866492,0.4782608695652174,0.6473539407671144,0.10623625834148834,0.7659218311309814
3,1.0,0.25,0.5,0.75,9,77,2,2,0.3008090782574572,0.30080907825745745,0.5916192536088873,0.59090064872952,0.37797664007241627,0.5960908120545209,0.5953808212273226,0.38786077858471907,0.39012433863433876,0.38920475034961693,0.20644409204749883,0.3851413325894215,0.38420931149396687,0.20059074619948228,0.4782608695652174,0.6473539407671144,0.06523662779639602,1.874467134475708
3,1.0,0.25,0.5,1.0,0,32,10,4,0.13949778651865782,0.28988320155133823,0.7256323822273081,0.7229302480199827,0.550622769634996,0.9083491277292126,0.907971490705844,0.7934094346634827,0.620411372710527,0.6173851211845158,0.3835765831370177,0.7849276230002518,0.7841885630133321,0.586029113950917,0.22602739726027396,0.40448611877183305,1.4400126642027717,0.6515092849731445
3,1.0,0.25,0.5,1.0,1,38,10,4,0.14129290451680318,0.29087874293956595,0.7465067236629803,0.7440113061013773,0.5651350019873286,0.9083491277292126,0.907971490705844,0.7934094346634827,0.6430564445321846,0.6402121133474219,0.39547066547237647,0.7849276230002518,0.7841885630133321,0.586029113950917,0.23972602739726026,0.4202122071646181,1.3997221478436404,0.7163355350494385
3,1.0,0.25,0.5,1.0,2,37,10,5,0.15978072046257694,0.28743264954135866,0.804482284357208,0.8025918153196896,0.6720541616990274,1.0,1.0,1.0,0.7142492558803331,0.712015556878576,0.4836478711771078,0.897406368541996,0.8969792788487176,0.7526454569778374,0.07142857142857142,0.15654964580642636,1.5647831587002323,0.6800887584686279
3,1.0,0.25,0.5,1.0,3,109,10,3,0.10424335575133274,0.29015647569177744,0.5952128762394179,0.5911580959401936,0.42150112582651483,0.792676458447326,0.7920479364188314,0.6178455857756018,0.4796898122213117,0.47546556708397236,0.2763416229078668,0.6398829605162115,0.6389611927460443,0.42965422834092154,0.22602739726027396,0.40448611877183305,1.6281639280258857,3.3256449699401855
3,1.0,0.25,0.5,1.0,4,45,10,4,0.13466744052565202,0.2811612770811735,0.6825801289388956,0.6794556409782853,0.5222419973519169,0.9059896953135614,0.9056014712345598,0.78488266182146,0.5895253627324856,0.586254726915657,0.36507072716394307,0.7820038042783822,0.7812528432163193,0.5787657424083629,0.07142857142857142,0.15654964580642636,1.7906662480724602,1.0498387813568115
3,1.0,0.25,0.5,1.0,5,27,10,4,0.13908245966129656,0.29034468963203963,0.728121743424581,0.7254453419598956,0.5451775327669363,0.9083491277292126,0.907971490705844,0.7934094346634827,0.6231541595157061,0.6201512354972776,0.3791194263820549,0.7849276230002519,0.7841885630133323,0.586029113950917,0.23972602739726026,0.4202122071646181,1.3997221478436404,0.6738977432250977
3,1.0,0.25,0.5,1.0,6,77,10,4,0.13568629251545405,0.27898598868687535,0.7077291763915524,0.7048556101891077,0.5509545683017931,0.9116055475593928,0.9112424542131328,0.8049349549879696,0.6012170517055574,0.5980435779617355,0.38387502231831133,0.7889606460971247,0.7882379262538328,0.5957957470317893,0.08333333333333333,0.17483281611958562,1.6863260935423632,2.3416972160339355
3,1.0,0.25,0.5,1.0,7,26,10,3,0.08713854064436193,0.2543952080447881,0.5191182679584814,0.5142301076945107,0.31506413956079343,0.7548712966501103,0.7541043224033087,0.5123044922655382,0.3927994887303156,0.3877911538548794,0.1834779297126398,0.5917125005777004,0.5906296552873526,0.3282155413169091,0.08333333333333333,0.17483281611958562,1.8801254146127377,0.6639120578765869
3,1.0,0.25,0.5,1.0,8,28,10,4,0.1292609520245098,0.2759282988951037,0.6752838660119289,0.6720737591173072,0.5206287441191703,0.9037907607564276,0.9033926442098374,0.7752391372397232,0.5855486742595781,0.5822310238083812,0.3660630710386755,0.7792775881454951,0.7785155100165547,0.5705119925521072,0.07142857142857142,0.15654964580642636,1.802635209290967,0.6152033805847168
3,1.0,0.25,0.5,1.0,9,43,10,4,0.1132188674109832,0.2301403929113445,0.6677327181342823,0.664415257194021,0.45675875023229434,0.9083491277292126,0.907971490705844,0.7934094346634827,0.5562142230662104,0.5526239424765799,0.3056773575213502,0.7849276230002519,0.7841885630133323,0.586029113950917,0.23741007194244604,0.4202122071646181,1.5831466382090145,0.8171014785766602
3,1.0,0.25,0.75,0.0,0,111,10,4,0.1649017333199925,0.22553204369087992,0.6643730309852329,0.6606677516216425,0.5109030181070696,0.897406368541996,0.8969792788487176,0.7526454569778374,0.6965869966489886,0.6938557297942703,0.6318322656087014,1.0,1.0,1.0,0,0.0,inf,2.340266466140747
3,1.0,0.25,0.75,0.0,1,22,10,4,0.191335706523097,0.2928798391968712,0.7571804998908354,0.7546048555614296,0.6388700574056102,0.9116055475593928,0.9112424542131328,0.8049349549879696,0.6474213279759636,0.6443809753493186,0.4582177936784852,0.7889606460971247,0.7882379262538328,0.5957957470317893,0,0.0,inf,0.3535020351409912
3,1.0,0.25,0.75,0.0,2,27,10,4,0.1924748826771007,0.2956022684801276,0.746517243118382,0.7438186706053885,0.6259078551399595,0.897406368541996,0.8969792788487176,0.7526454569778374,0.778540440388637,0.7766231911586454,0.729304457876819,1.0,1.0,1.0,0,0.0,inf,0.5413408279418945
3,1.0,0.25,0.75,0.0,3,28,10,4,0.19408268736255704,0.296873245694945,0.7774611924467619,0.7751030255366533,0.6429252425595373,0.9083491277292126,0.907971490705844,0.7934094346634827,0.6719535509034487,0.6691277998777325,0.4617875848354879,0.7849276230002518,0.7841885630133321,0.586029113950917,0,0.0,inf,0.6406316757202148
3,1.0,0.25,0.75,0.0,4,1000,10,3,0.15689912477134488,0.2843064521250797,0.6175039651312899,0.6132754109691595,0.4781312164830784,0.7889606460971246,0.7883188157233194,0.6085417084158432,0.49027009321528275,0.4856747003895919,0.31894042963988833,0.6351652836494971,0.6342280982950598,0.42094768363328244,0,0.0,inf,21.45825695991516
3,1.0,0.25,0.75,0.0,5,68,10,2,0.12118847029097603,0.2851299467609129,0.4652797015826472,0.4590113702101159,0.2927102514554502,0.5976802337166613,0.5969738544387009,0.39109438552078163,0.31530993070124835,0.3087325706485796,0.1458404951173477,0.3872439306503139,0.3863163273739962,0.2040240706420313,0,0.0,inf,1.4306085109710693
3,1.0,0.25,0.75,0.0,6,39,10,4,0.16208705747851546,0.22128166496076868,0.6356709734567618,0.6316514403487044,0.4900705275740099,0.897406368541996,0.8969792788487176,0.7526454569778374,0.6669181523471552,0.6639219308336538,0.6074196535739458,1.0,1.0,1.0,0,0.0,inf,0.7334482669830322
3,1.0,0.25,0.75,0.0,7,116,10,3,0.14550523627648373,0.27320348226488894,0.6233168883831348,0.6191483980995902,0.4777377723384957,0.7916267295012034,0.790994464710824,0.6144266258107057,0.5026437051348134,0.4981549493541515,0.31901566914379437,0.6385505741240013,0.637624474122608,0.42645992265876403,0,0.0,inf,2.318021059036255
3,1.0,0.25,0.75,0.0,8,40,10,3,0.16613583626050926,0.29884938725471016,0.592431326042063,0.5878154576036912,0.4045446515247701,0.7375733655715297,0.7367405406672015,0.4724246305454723,0.5911788824973117,0.5873949684706002,0.4498278262213249,0.8357447021357429,0.8353020509100346,0.6777225590952062,0,0.0,inf,1.0467448234558105
3,1.0,0.25,0.75,0.0,9,111,10,3,0.15658604183008365,0.28767643501252027,0.5802696039967654,0.5754832483608094,0.3749369300453998,0.7250071641342934,0.7241254949570672,0.44647024161769056,0.5913217844298776,0.5875107682232622,0.42691153317340763,0.8225957765145105,0.8221121462071457,0.6452535784679942,0,0.0,inf,3.454864501953125
3,1.0,0.25,0.75,0.25,0,1000,10,4,0.1730733265079901,0.29252436669969967,0.7474866811712865,0.7448839957376752,0.6145316809068887,0.9116055475593928,0.9112424542131328,0.8049349549879696,0.6395719618475412,0.6365562816472582,0.43697833164200933,0.7889606460971247,0.7882379262538328,0.5957957470317893,0.1,0.17611835153222966,1.4655219634935777,21.760908842086792
3,1.0,0.25,0.75,0.25,1,31,10,2,0.10074191264354411,0.27578557126663394,0.44502621159089417,0.4388442152325321,0.3012165892765376,0.590322057951245,0.589598903605611,0.3763936641634434,0.30925405362767794,0.3029699725824301,0.16004703515590368,0.3775040078303136,0.37655586716730394,0.18836303963627865,0.18045112781954886,0.2793491165584189,1.3967909503135507,0.8283407688140869
3,1.0,0.25,0.75,0.25,2,45,10,3,0.13572738086653838,0.2879685996657813,0.5998440367870992,0.5955917598092166,0.44454535323944694,0.7916267295012033,0.7909944647108239,0.6144266258107057,0.6168317245199514,0.6135189374449588,0.5133745739369625,0.8919096298303802,0.8916326823937588,0.8472089812237649,0.2465753424657534,0.3664681630783326,1.2850885174820876,1.2118325233459473
3,1.0,0.25,0.75,0.25,3,45,10,4,0.14363252573486734,0.22858381085599996,0.6725444812650366,0.6690726074287509,0.4925252694421656,0.9116055475593928,0.9112424542131328,0.8049349549879696,0.5548998596762185,0.5510610202841613,0.33293153221698707,0.7889606460971247,0.7882379262538328,0.5957957470317893,0.3333333333333333,0.4731419522416307,1.1735771340566732,1.0928525924682617
3,1.0,0.25,0.75,0.25,4,44,10,4,0.17634166329516887,0.29609823752229425,0.7639826467624248,0.7615529895930273,0.6129575927281964,0.9083491277292126,0.907971490705844,0.7934094346634827,0.6618705163870541,0.6590451763851513,0.43614525589469294,0.7849276230002519,0.7841885630133323,0.586029113950917,0.3333333333333333,0.47729849054352363,1.1841102366192982,1.2246921062469482
3,1.0,0.25,0.75,0.25,5,37,10,4,0.1385807597032044,0.23542516044275158,0.6637876450835624,0.66023373368314,0.4710149863993532,0.9083491277292126,0.907971490705844,0.7934094346634827,0.5457473360460654,0.5418424303306546,0.3147553161899632,0.7849276230002519,0.7841885630133323,0.586029113950917,0.18181818181818182,0.28153153153153154,1.3367394916394009,1.0258493423461914
3,1.0,0.25,0.75,0.25,6,1000,10,4,0.16500460961036917,0.2926859354513431,0.7303082521831038,0.7275335917265495,0.5813338033626325,0.9083491277292126,0.907971490705844,0.7934094346634827,0.6211239805538928,0.6179602132876584,0.40899388436820194,0.7849276230002518,0.7841885630133321,0.586029113950917,0.3333333333333333,0.48435532306500045,1.1462942078367,22.321045875549316
3,1.0,0.25,0.75,0.25,7,1000,10,3,0.13851830433948098,0.28189920638530236,0.5839132666537827,0.5793529454224042,0.3736320805273812,0.7548712966501103,0.7541043224033086,0.5123044922655382,0.45390990958326016,0.4490274170168914,0.22400371994681081,0.5917125005777004,0.5906296552873526,0.3282155413169091,0.125,0.19960079840319359,1.4997914512460544,21.246702194213867
3,1.0,0.25,0.75,0.25,8,52,10,3,0.1400950514783151,0.291360971532082,0.5715696710867512,0.5668466880612615,0.3662244524317119,0.7375733655715297,0.7367405406672015,0.4724246305454723,0.5674707466418937,0.5635790647917248,0.40718881180639677,0.8357447021357429,0.8353020509100346,0.6777225590952062,0.13793103448275862,0.21010610358230905,1.4603177233174018,0.9142365455627441
3,1.0,0.25,0.75,0.25,9,29,10,3,0.13248596466127388,0.27845540364763866,0.5803065774372974,0.5758427956332809,0.42579371310711067,0.7852802150932446,0.7846251091678986,0.6010060305727019,0.47396812536850774,0.46941587516824423,0.278476034841318,0.630488902126393,0.6295363171801378,0.41386322570661177,0.24113475177304963,0.35951444402148625,1.2786059173467608,0.5527849197387695
3,1.0,0.25,0.75,0.5,0,68,10,4,0.14789922019263477,0.2853894408585944,0.7366567905122987,0.7340081599488102,0.5853257867695151,0.9137594533047027,0.9134059329538328,0.8127690521941776,0.6302467554438854,0.6272323570081518,0.4121889244666324,0.7916267295012033,0.7909147573609079,0.602400964174539,0.3333333333333333,0.49900199600798395,0.8473709993334115,1.4055767059326172
3,1.0,0.25,0.75,0.5,1,40,10,4,0.1448878345441256,0.2838734502089353,0.710697751589349,0.7077786219045581,0.5471711286566326,0.9000920107272863,0.8996771460213145,0.7622414951112423,0.6143064374661313,0.6111511105311029,0.38338587093763044,0.7746891130677099,0.7739081836339227,0.5593213086866492,0.3333333333333333,0.49900199600798395,0.867529507921658,0.7689447402954102
3,1.0,0.25,0.75,0.5,2,112,10,4,0.14591906098026386,0.2809908287792379,0.7010481846936771,0.698032511052461,0.5364948143630563,0.897406368541996,0.8969792788487176,0.7526454569778374,0.7157122954257594,0.7133872460488506,0.5911311360898049,1.0,1.0,1.0,0.07692307692307693,0.1497005988023952,1.34339225923495,2.296293258666992
3,1.0,0.25,0.75,0.5,3,26,10,3,0.12287785691776419,0.28468095203274096,0.6339023178761011,0.6301339356169813,0.4577354350119576,0.8019282820082536,0.8013325861275414,0.6406540834881669,0.5196125541156785,0.5155976733775034,0.30589706146310863,0.6516133272375468,0.6507295243611372,0.4508122830368131,0.19148936170212766,0.32047858134814655,1.0074322318018925,0.4977543354034424
3,1.0,0.25,0.75,0.5,4,79,10,3,0.12849975496126564,0.291423772470015,0.6485103496099096,0.6448861326029637,0.4846964227350982,0.7916267295012033,0.7909944647108239,0.6144266258107057,0.6491663275501274,0.6462287767152026,0.4978431536726123,0.8919096298303802,0.8916326823937588,0.8472089812237649,0.2328767123287671,0.37956171785168064,0.9515318897819348,1.6349389553070068
3,1.0,0.25,0.75,0.5,5,46,10,4,0.12282987316312441,0.21748925866102156,0.643403742155282,0.6397088458668182,0.4656634380202643,0.9116055475593928,0.9112424542131328,0.8049349549879696,0.5256348590728178,0.5216419365360115,0.3106831337420404,0.7889606460971247,0.7882379262538328,0.5957957470317893,0.3333333333333333,0.49900199600798395,0.8110078664289515,0.9055173397064209
3,1.0,0.25,0.75,0.5,6,27,10,4,0.15500368567983258,0.2845480126063992,0.7194344829581161,0.7166017856690046,0.5644010847985068,0.9059896953135614,0.9056014712345598,0.78488266182146,0.6111366768504537,0.6079533241111296,0.39479187469158417,0.7820038042783822,0.7812528432163193,0.5787657424083629,0.09090909090909091,0.166333998669328,1.2287970252528542,0.42196106910705566
3,1.0,0.25,0.75,0.5,7,20,10,4,0.14253185132226698,0.2729069269418332,0.7069107260181465,0.7039316949944648,0.5386960731591518,0.8974063685419958,0.8969792788487174,0.7526454569778374,0.5967853402528703,0.5934605671803432,0.3731444154110104,0.7713552409379785,0.7705605424897544,0.5510101485183012,0.0975609756097561,0.17356591165495097,1.168818530579993,0.447113037109375
3,1.0,0.25,0.75,0.5,8,115,10,4,0.150124696711518,0.28333199566221584,0.708343224363374,0.7054088299967876,0.546648299355426,0.9116055475593928,0.9112424542131328,0.8049349549879696,0.5995089926516525,0.5962428092812442,0.38006084635663223,0.7889606460971247,0.7882379262538328,0.5957957470317893,0.07692307692307693,0.1497005988023952,1.341166018072332,2.7958080768585205
3,1.0,0.25,0.75,0.5,9,74,10,3,0.11771068569720021,0.2718810956029584,0.6306843930051744,0.6268832545947713,0.47948614144808543,0.8021489417124285,0.8015540214626932,0.6413806962628472,0.5126415821976962,0.5085688667234002,0.3229685275864184,0.6518928236684518,0.6510099162702462,0.4514820116115285,0.3333333333333333,0.49900199600798395,0.8774386021762134,2.1841797828674316
3,1.0,0.25,0.75,0.75,0,115,10,4,0.12750934353280097,0.2620942212582336,0.6705953729239815,0.6672817822204754,0.4842646978418907,0.8974063685419958,0.8969792788487174,0.7526454569778374,0.5808977591683974,0.5774794953061765,0.3360123094363902,0.7713552409379785,0.7705605424897544,0.5510101485183012,0.1,0.213857998289136,1.3274755542053853,3.2699778079986572
3,1.0,0.25,0.75,0.75,1,217,10,3,0.09896299326979363,0.27158069187299666,0.5935266232808184,0.5894363195308174,0.4115625828485971,0.7849276230002521,0.7842712471813089,0.5998687124749003,0.5879450403656042,0.5845832893143627,0.4064188093570367,0.884983406868874,0.884686800044098,0.830441303607371,0.1643835616438356,0.316105579263474,1.2100913332882777,4.799829006195068
3,1.0,0.25,0.75,0.75,2,36,10,4,0.12922664318219787,0.2723650831598417,0.6924847283501302,0.689431547610281,0.5283259264431599,0.8974063685419958,0.8969792788487174,0.7526454569778374,0.5978641484313194,0.5946302095553482,0.36890377339821623,0.7713552409379785,0.7705605424897544,0.5510101485183012,0.07692307692307693,0.15757957768673178,1.4718779009300305,0.7318172454833984
3,1.0,0.25,0.75,0.75,3,114,10,4,0.14194359365041262,0.2917151042827669,0.7439772634921805,0.7414460927838661,0.5575450132962386,0.9083491277292126,0.907971490705844,0.7934094346634827,0.6456127793740645,0.6427758037898672,0.3916027542803934,0.7849276230002519,0.7841885630133323,0.586029113950917,0.3333333333333333,0.427715996578272,1.0497665943494563,2.6726324558258057
3,1.0,0.25,0.75,0.75,4,149,10,4,0.14177571231216698,0.28911902621819174,0.721349660719034,0.7185945208644741,0.5730359757006865,0.9116055475593928,0.9112424542131328,0.8049349549879696,0.6153599169660684,0.6122804522487877,0.4019548865416772,0.7889606460971247,0.7882379262538328,0.5957957470317893,0.1,0.213857998289136,1.3194704661774401,2.9453885555267334
3,1.0,0.25,0.75,0.75,5,55,10,4,0.13966320016228118,0.2871391913923575,0.7170532177394243,0.7142513508424871,0.5612440681375108,0.9116055475593928,0.9112424542131328,0.8049349549879696,0.6105388943973064,0.6074157360056501,0.39224530995881834,0.7889606460971244,0.7882379262538325,0.5957957470317893,0.1,0.213857998289136,1.324297938913313,1.4568476676940918
3,1.0,0.25,0.75,0.75,6,54,10,4,0.12874077802462572,0.27809090880448584,0.6832095279254737,0.6800733035118912,0.49481295391740715,0.9000920107272863,0.8996771460213145,0.7622414951112423,0.5962647094200195,0.5930279425049809,0.3504582652052751,0.7746891130677099,0.7739081836339227,0.5593213086866492,0.3333333333333333,0.427715996578272,1.0212015510394619,1.580397367477417
3,1.0,0.25,0.75,0.75,7,45,10,3,0.10933665756457664,0.2889335945004495,0.6477831032225803,0.6442443787184092,0.47697663851177435,0.8021489417124285,0.8015540214626932,0.6413806962628472,0.5541325543520791,0.5505011371528793,0.32954545570864546,0.6518928236684518,0.6510099162702462,0.4514820116115285,0.19285714285714287,0.35718537921181087,1.1942101760210555,1.263322353363037
3,1.0,0.25,0.75,0.75,8,86,10,3,0.09602050720803346,0.2783744118968692,0.5551968244234999,0.5506378779331997,0.32998151018409616,0.7595386266093844,0.7587891678710779,0.523012647821584,0.45669118654973745,0.45216980334130197,0.21016931230738634,0.5976802337166612,0.5966178608565919,0.3387811841838666,0.3333333333333333,0.427715996578272,1.0818662995037778,1.7559850215911865
3,1.0,0.25,0.75,0.75,9,103,10,4,0.14098339338557933,0.2797709072279637,0.7095291307772497,0.7066515157187424,0.5439460080650862,0.9059896953135614,0.9056014712345598,0.78488266182146,0.6076733135287956,0.6045257168487218,0.3785745808324801,0.7820038042783822,0.7812528432163193,0.5787657424083629,0.07692307692307693,0.15757957768673178,1.4889543004626313,2.556321144104004
3,1.0,0.25,0.75,1.0,0,32,10,5,0.14977100657900974,0.28675752375618013,0.7985648550591403,0.7966361866795966,0.6440876778618851,1.0,1.0,1.0,0.7057076883033095,0.7034310246627347,0.4591047812419133,0.8974063685419956,0.8969792788487173,0.7526454569778374,0.07692307692307693,0.1651868676440223,1.6267807313117433,0.828789234161377
3,1.0,0.25,0.75,1.0,1,112,10,3,0.07875213823239807,0.2759017777978672,0.5698835075087082,0.5656743526331586,0.3532863616249679,0.8021489417124285,0.8015540214626932,0.6413806962628472,0.5000289701085378,0.49606974641901896,0.26636384503361715,0.6518928236684518,0.6510099162702462,0.4514820116115285,0.23809523809523808,0.36849378166743435,1.5727932035747485,2.3892905712127686
3,1.0,0.25,0.75,1.0,2,1000,10,4,0.11952973152705777,0.2751144571008525,0.6639732870659778,0.6607123044577828,0.4890588867345405,0.9059896953135614,0.9056014712345598,0.78488266182146,0.5686301462186653,0.5652445731974791,0.33724885227825785,0.7820038042783822,0.7812528432163193,0.5787657424083629,0.09090909090909091,0.18567516130529638,1.7294785233321637,21.234736442565918
3,1.0,0.25,0.75,1.0,3,118,10,4,0.10012912174029097,0.2510701578314723,0.6683238754689299,0.66510577624526,0.4834090463840882,0.9116055475593928,0.9112424542131328,0.8049349549879696,0.5627953726929009,0.5593647711684091,0.32940628458319,0.7889606460971247,0.7882379262538328,0.5957957470317893,0.1,0.1979512050279606,1.665360251182309,3.31911301612854
3,1.0,0.25,0.75,1.0,4,42,10,4,0.12502333874682708,0.27865058621994404,0.7118438591023027,0.7090521073355759,0.5539286031278295,0.9116055475593928,0.9112424542131328,0.8049349549879696,0.6071671438434458,0.6040895594168237,0.3864370706630452,0.7889606460971244,0.7882379262538325,0.5957957470317893,0.1,0.1979512050279606,1.672473493456898,1.0874571800231934
3,1.0,0.25,0.75,1.0,5,35,10,4,0.1153909429392394,0.27180177880068535,0.6627840102715258,0.6595098013992479,0.47600588321969106,0.897406368541996,0.8969792788487176,0.7526454569778374,0.6745350734386736,0.6719792740862696,0.47935195147234,1.0,1.0,1.0,0.1,0.1979512050279606,1.6810069021448801,0.6634604930877686
3,1.0,0.25,0.75,1.0,6,29,10,3,0.09312695831389463,0.29398618175131463,0.6118440752011355,0.6080422090227128,0.4125056733145924,0.7916267295012033,0.7909944647108239,0.6144266258107057,0.6230026475464421,0.6200144173876305,0.43119718853984873,0.8919096298303802,0.8916326823937588,0.8472089812237649,0.23376623376623376,0.36849378166743435,1.567830195337971,0.7204773426055908
3,1.0,0.25,0.75,1.0,7,51,10,4,0.12615955323571662,0.27980149040694746,0.7120392298309037,0.7092493508589897,0.5525633780929718,0.9116055475593928,0.9112424542131328,0.8049349549879696,0.607377168170867,0.6043012035247616,0.3853305243215069,0.7889606460971244,0.7882379262538325,0.5957957470317893,0.1,0.1979512050279606,1.6704509249068908,1.3425943851470947
3,1.0,0.25,0.75,1.0,8,1000,10,4,0.12416537314776663,0.2802678119191629,0.6831037152296434,0.6800292091851585,0.5183001044376968,0.9059896953135614,0.9056014712345598,0.78488266182146,0.575935500704766,0.5726082243132151,0.35751636506020756,0.7820038042783822,0.7812528432163193,0.5787657424083629,0.1,0.1979512050279606,1.670039838281308,21.671420097351074
3,1.0,0.25,0.75,1.0,9,114,10,4,0.09741374909872097,0.2505088654786942,0.6627850981822159,0.659513593264512,0.4667190373122563,0.9083491277292126,0.907971490705844,0.7934094346634827,0.5539674306020387,0.5504679376812345,0.31567566602271363,0.7849276230002518,0.7841885630133321,0.586029113950917,0.24242424242424243,0.36849378166743435,1.3688367738143783,3.593074321746826
3,1.0,0.25,1.0,0.0,0,1000,10,3,0.1319000487361127,0.2747949110768019,0.5902366196086317,0.5858593327882257,0.4361398115925236,0.7889606460971246,0.7883188157233194,0.6085417084158432,0.46423986201137196,0.45958099391928237,0.2834690686188714,0.6351652836494971,0.6342280982950598,0.42094768363328244,0,0.0,inf,21.622666597366333
3,1.0,0.25,1.0,0.0,1,1000,10,4,0.13359111033478657,0.23968698709067948,0.6576541928292847,0.6541665333372728,0.5933062209427967,0.9083491277292126,0.907971490705844,0.7934094346634827,0.5658622240158933,0.5622750554800776,0.42406256564528505,0.7849276230002518,0.7841885630133321,0.586029113950917,0,0.0,inf,21.361628532409668
3,1.0,0.25,1.0,0.0,2,31,10,3,0.13620299140436287,0.27914661202363245,0.5850273141226343,0.5805949978607357,0.4395128392580039,0.789789857030486,0.789150994948784,0.6112350182388241,0.4585838448106027,0.4538765067407359,0.2864153438250879,0.636218386690312,0.6352846396218612,0.42347263580084515,0,0.0,inf,0.9044649600982666
3,1.0,0.25,1.0,0.0,3,38,10,4,0.16670025083462178,0.28146260704391834,0.7134111736506505,0.7104930124061253,0.6234626700423426,0.9083491277292126,0.907971490705844,0.7934094346634827,0.6388178211432612,0.6358350896484608,0.46589020001954407,0.7849276230002518,0.7841885630133321,0.586029113950917,0,0.0,inf,0.6362676620483398
3,1.0,0.25,1.0,0.0,4,27,10,3,0.13680757227711193,0.279304778395493,0.5903239960291079,0.5859482535373564,0.4462852765897191,0.789789857030486,0.789150994948784,0.6112350182388241,0.4643538438650193,0.4596966730019335,0.292283577050882,0.636218386690312,0.6352846396218612,0.42347263580084515,0,0.0,inf,0.7599472999572754
3,1.0,0.25,1.0,0.0,5,32,10,3,0.13197349385264964,0.27462391419905013,0.5902366196086316,0.5858593327882256,0.4361398115925236,0.7889606460971246,0.7883188157233194,0.6085417084158432,0.46423986201137196,0.45958099391928237,0.2834690686188714,0.6351652836494971,0.6342280982950598,0.42094768363328244,0,0.0,inf,0.8574237823486328
3,1.0,0.25,1.0,0.0,6,1000,10,4,0.148599243503116,0.25638620453175676,0.6616773763254744,0.658188462014834,0.5316828014952236,0.9116055475593928,0.9112424542131328,0.8049349549879696,0.5581958008262089,0.554496956842619,0.3699019358584385,0.7889606460971244,0.7882379262538325,0.5957957470317893,0,0.0,inf,21.399001598358154
3,1.0,0.25,1.0,0.0,7,26,10,4,0.1640460979066173,0.2741736013893349,0.6926416720065635,0.6894761120577989,0.5744038426040993,0.9116055475593928,0.9112424542131328,0.8049349549879696,0.5800439518526489,0.5765328679023559,0.4031789857715664,0.7889606460971247,0.7882379262538328,0.5957957470317893,0,0.0,inf,0.5521588325500488
3,1.0,0.25,1.0,0.0,8,111,10,4,0.13740921525705518,0.22517653460727405,0.6134991820009135,0.6094318197098263,0.4654756405085486,0.9059896953135614,0.9056014712345598,0.78488266182146,0.5154256279527938,0.5112796932231536,0.3292823357833891,0.7820038042783822,0.7812528432163193,0.5787657424083629,0,0.0,inf,2.832235097885132
3,1.0,0.25,1.0,0.0,9,44,10,3,0.11395608934623706,0.25729227130951504,0.4911263493496737,0.4855879833304254,0.3075005328255868,0.7375733655715297,0.7367405406672015,0.4724246305454723,0.49123182195748577,0.48671710869017004,0.36447387538889026,0.8357447021357429,0.8353020509100346,0.6777225590952062,0,0.0,inf,1.1703872680664062
3,1.0,0.25,1.0,0.25,0,29,10,4,0.11996443790175257,0.24243386181732415,0.6015507997051472,0.5974953493714651,0.4431469678428597,0.9037907607564276,0.9033926442098374,0.7752391372397232,0.5173745331028823,0.513388987865211,0.32006267147255596,0.7792775881454947,0.7785155100165544,0.5705119925521072,0.16666666666666666,0.26912467200430595,1.9337218915583314,0.7145671844482422
3,1.0,0.25,1.0,0.25,1,116,10,3,0.12438631556702523,0.2810382715582406,0.6000537996229189,0.5958911421009165,0.45132727053016736,0.7889606460971244,0.7883188157233192,0.6085417084158432,0.6079790098537132,0.6046631089026873,0.4846470274040167,0.8891543252970434,0.8888695855552406,0.8404468849639695,0.2,0.2957048865232498,2.2182786988961145,3.459256410598755
3,1.0,0.25,1.0,0.25,2,41,10,4,0.13728713790041394,0.25916602700646973,0.6504268819453387,0.6468939841142513,0.5040495783245871,0.9059896953135614,0.9056014712345598,0.78488266182146,0.5361559176550736,0.5323546170239313,0.34436944914926493,0.7820038042783822,0.7812528432163193,0.5787657424083629,0.16666666666666666,0.2603488674824264,1.96205491797259,1.1496641635894775
3,1.0,0.25,1.0,0.25,3,40,10,4,0.13813618671252934,0.2535655919509937,0.6472448039560093,0.6436866058429997,0.5064970111553081,0.9116055475593928,0.9112424542131328,0.8049349549879696,0.5460469740858415,0.5423344587210847,0.3494556018344493,0.7889606460971244,0.7882379262538325,0.5957957470317893,0.16666666666666666,0.2603488674824264,1.9655439686921012,1.1433658599853516
3,1.0,0.25,1.0,0.25,4,48,10,4,0.11166701086967434,0.2157222791551606,0.5444984602698759,0.5397968330038688,0.37245063870325906,0.9000920107272863,0.8996771460213145,0.7622414951112423,0.5275245603077783,0.5235637361931991,0.4171500817768214,0.7746891130677099,0.7739081836339227,0.5593213086866492,0.21301775147928995,0.3151839886533764,1.9771583562103583,1.3036038875579834
3,1.0,0.25,1.0,0.25,5,69,10,4,0.11236268714877344,0.20496880614999372,0.5748812380553299,0.5705359555846928,0.4107691183427503,0.9083491277292126,0.907971490705844,0.7934094346634827,0.4695899176380641,0.4651902386234604,0.2703072519391461,0.7849276230002519,0.7841885630133323,0.586029113950917,0.23741007194244604,0.3564715794931622,2.0151335879328065,1.5891220569610596
3,1.0,0.25,1.0,0.25,6,71,10,4,0.14540418448485767,0.26300585774941565,0.6676271809898757,0.6642681148868304,0.5352080566096494,0.9059896953135614,0.9056014712345598,0.78488266182146,0.5548125992635528,0.5511641940950727,0.3703994462053735,0.7820038042783822,0.7812528432163193,0.5787657424083629,0.16666666666666666,0.2603488674824264,1.9620549179725897,1.4633502960205078
3,1.0,0.25,1.0,0.25,7,36,10,3,0.11231403271146845,0.2696618407547887,0.5787361660193733,0.5744119948412584,0.4370522242267189,0.7849276230002521,0.7842712471813089,0.5998687124749003,0.5949518626773399,0.5915766134153417,0.5282600145174324,0.884983406868874,0.884686800044098,0.830441303607371,0.21428571428571427,0.3217503217503217,2.0166603011482147,0.9185538291931152
3,1.0,0.25,1.0,0.25,8,54,10,3,0.10419779785889192,0.26085147747614595,0.5455263149350661,0.5408610300583729,0.38731656969742584,0.7916267295012033,0.7909944647108239,0.6144266258107057,0.5672762110756177,0.5636701528552347,0.5135250619949558,0.8919096298303802,0.8916326823937588,0.8472089812237649,0.23376623376623376,0.34761449552446333,2.0122903664759324,1.5520482063293457
3,1.0,0.25,1.0,0.25,9,36,10,3,0.10528440405464755,0.2589656019038522,0.5637684664690995,0.5592916066224844,0.39672249930509135,0.7926764584473263,0.7920479364188315,0.6178455857756018,0.4440637375292188,0.4394322046718696,0.2534267137009136,0.6398829605162116,0.6389611927460445,0.42965422834092154,0.23529411764705882,0.34986442753433045,2.0120170423644304,0.9136078357696533
3,1.0,0.25,1.0,0.5,0,1000,10,5,0.13758354964468386,0.24395619271188254,0.7220260793970001,0.7193294323693926,0.5952840244479796,1.0,1.0,1.0,0.6180995679208872,0.6151036804545155,0.41989041191036414,0.897406368541996,0.8969792788487176,0.7526454569778374,0.16666666666666666,0.2603488674824264,1.2537101869980867,26.63669490814209
3,1.0,0.25,1.0,0.5,1,51,10,3,0.11186592589076957,0.28045784706974497,0.60272786060302,0.5986700137083774,0.4481473327951455,0.7889606460971244,0.7883188157233192,0.6085417084158432,0.6054928713806453,0.6022221892803918,0.476942886299188,0.8891543252970434,0.8888695855552406,0.8404468849639695,0.2357142857142857,0.363000363000363,1.595543200955241,0.9781899452209473
3,1.0,0.25,1.0,0.5,2,1000,10,4,0.09487901553264955,0.1914973593016596,0.5367106504356889,0.5319218265710045,0.30810012808934,0.897406368541996,0.8969792788487176,0.7526454569778374,0.5400966670161361,0.5362341716738931,0.34896750045405067,1.0,1.0,1.0,0.17733990147783252,0.2750842445498934,1.5989684285695593,21.082639932632446
3,1.0,0.25,1.0,0.5,3,1000,10,4,0.11406073849339332,0.24614629885359787,0.6388751500155854,0.6353400785083974,0.45588652234965005,0.9083491277292126,0.907971490705844,0.7934094346634827,0.5297322169178263,0.5260074015100675,0.30692838983273857,0.7849276230002518,0.7841885630133321,0.586029113950917,0.24242424242424243,0.4202122071646181,1.2186366730995914,21.621089458465576
3,1.0,0.25,1.0,0.5,4,120,10,5,0.13965063025515995,0.2525787753328846,0.7268462194730679,0.7241965708186933,0.61116589847541,1.0,1.0,1.0,0.6383776912247732,0.6355411524004799,0.43831213041379363,0.8974063685419956,0.8969792788487173,0.7526454569778374,0.16666666666666666,0.2603488674824264,1.2515154593089644,3.485368251800537
3,1.0,0.25,1.0,0.5,5,1000,10,4,0.13411158829629355,0.2664471887245782,0.6731449367708678,0.6698920273220044,0.5236404082314302,0.9059896953135614,0.9056014712345598,0.78488266182146,0.5624112751172331,0.5588832158534653,0.3610840690031887,0.7820038042783822,0.7812528432163193,0.5787657424083629,0.22857142857142856,0.3193612774451098,1.4060447938650544,21.28300666809082
3,1.0,0.25,1.0,0.5,6,1000,10,4,0.1343031716355029,0.2666175866496659,0.659209015005677,0.6558220069622454,0.5163172033598393,0.9116055475593928,0.9112424542131328,0.8049349549879696,0.5629006803529198,0.5593817024772872,0.3604987760533751,0.7889606460971244,0.7882379262538325,0.5957957470317893,0.2222222222222222,0.31515915537346356,1.4148960061088478,24.042484045028687
3,1.0,0.25,1.0,0.5,7,87,10,3,0.11042452646951753,0.27883799044653046,0.5821174234752267,0.5778484229227777,0.4249226767343545,0.789789857030486,0.789150994948784,0.6112350182388241,0.4606225404771337,0.45615008583460953,0.27686255697085327,0.636218386690312,0.6352846396218612,0.42347263580084515,0.2413793103448276,0.37008839825741235,1.594300703758885,1.7602243423461914
3,1.0,0.25,1.0,0.5,8,32,10,3,0.09474489383847463,0.26128124550473586,0.5642369578680339,0.5598661504430963,0.38471074290779406,0.7926764584473263,0.7920479364188315,0.6178455857756018,0.4476210502803712,0.44313005308521464,0.24560661264290817,0.6398829605162114,0.6389611927460443,0.42965422834092154,0.23529411764705882,0.36896965224610273,1.4183292132031717,0.7508835792541504
3,1.0,0.25,1.0,0.5,9,84,10,4,0.13341112482429965,0.26414441646041686,0.6601739529045363,0.6567853662946387,0.5152239111471869,0.897406368541996,0.8969792788487176,0.7526454569778374,0.6732339143333055,0.6705938376804719,0.5669669396715297,1.0,1.0,1.0,0.24242424242424243,0.3281109014847018,1.383866995920961,2.3244705200195312
3,1.0,0.25,1.0,0.75,0,56,10,5,0.1385379327612646,0.252094183360099,0.7325532966969396,0.7299743501852632,0.608491779598521,1.0,1.0,1.0,0.6300543835878426,0.6271706936645773,0.430467621059119,0.8974063685419956,0.8969792788487173,0.7526454569778374,0.2222222222222222,0.3522367030644593,1.1868147505746105,1.1869587898254395
3,1.0,0.25,1.0,0.75,1,118,10,5,0.1367945104786562,0.2452259343868347,0.7121662040862161,0.7093915041699939,0.5988158930570595,1.0,1.0,1.0,0.6080507808520142,0.6049965621058236,0.42266334824115137,0.8974063685419956,0.8969792788487173,0.7526454569778374,0.2222222222222222,0.3522367030644593,1.183584115830482,2.3261091709136963
3,1.0,0.25,1.0,0.75,2,107,10,4,0.11140074639403419,0.24831507519260246,0.6242063310892914,0.6205011497536476,0.4693138664807813,0.8974063685419958,0.8969792788487174,0.7526454569778374,0.5193293790232131,0.5154922055899738,0.31831563662580936,0.7713552409379785,0.7705605424897544,0.5510101485183012,0.23225806451612904,0.36849378166743435,1.3716022430686352,2.4296212196350098
3,1.0,0.25,1.0,0.75,3,1000,10,4,0.09698762999284541,0.23756871042523306,0.5788154201153645,0.5747487908275956,0.39183073477080654,0.9083491277292126,0.907971490705844,0.7934094346634827,0.48238263735682685,0.4783423306730176,0.2604736723292835,0.7849276230002518,0.7841885630133321,0.586029113950917,0.24242424242424243,0.36849378166743435,1.2343760577754712,21.823615312576294
3,1.0,0.25,1.0,0.75,4,108,10,5,0.14402859479613542,0.2524817212822627,0.721253933496329,0.7185622507293167,0.6210798325412641,1.0,1.0,1.0,0.6282262537506351,0.6253239407166769,0.44396242937657227,0.897406368541996,0.8969792788487176,0.7526454569778374,0.2222222222222222,0.3522367030644593,1.1828422430231176,2.4005861282348633
3,1.0,0.25,1.0,0.75,5,1000,10,4,0.11533855514487627,0.2518083255663325,0.6516519773216343,0.6482504486983073,0.4869910439593332,0.9116055475593928,0.9112424542131328,0.8049349549879696,0.5411996869561292,0.5375748743332541,0.33170054703721924,0.7889606460971247,0.7882379262538328,0.5957957470317893,0.20512820512820512,0.2885794675708823,1.4807261350510452,23.60539746284485
3,1.0,0.25,1.0,0.75,6,60,10,4,0.12373018843098336,0.26603815995809665,0.6734243671002047,0.6702261998758776,0.5232935877152306,0.9116055475593928,0.9112424542131328,0.8049349549879696,0.5644471993208916,0.5609954217649528,0.3612604155378614,0.7889606460971247,0.7882379262538328,0.5957957470317893,0.2222222222222222,0.3522367030644593,1.3936484785827497,1.7899644374847412
3,1.0,0.25,1.0,0.75,7,50,10,4,0.12298430216887339,0.2545723086351307,0.6469285780934245,0.6434648048706316,0.5018161328682237,0.9059896953135614,0.9056014712345598,0.78488266182146,0.5405567495964517,0.5369086880463417,0.3448556263440594,0.7820038042783822,0.7812528432163193,0.5787657424083629,0.2222222222222222,0.3522367030644593,1.3921248960461408,1.6417129039764404
3,1.0,0.25,1.0,0.75,8,109,10,2,0.05858248091647915,0.29580217196610126,0.464650919245478,0.4592329489104525,0.27525149872983584,0.581408430461704,0.5806647649710639,0.35946576657210166,0.4545341492951146,0.45005561994015625,0.24272078453444215,0.6698226521030716,0.6693160184610265,0.5327971294054453,0.1493212669683258,0.27375441740082623,1.5500248953341416,3.7485644817352295
3,1.0,0.25,1.0,0.75,9,141,10,4,0.11975715561359723,0.2617704858457415,0.6485543750550016,0.6451102723271241,0.4926747473807239,0.9059896953135614,0.9056014712345598,0.78488266182146,0.5589646253823352,0.5554667947310615,0.35368936029026815,0.7820038042783822,0.7812528432163193,0.5787657424083629,0.2222222222222222,0.3522367030644593,1.3963618501964659,3.135664701461792
3,1.0,0.25,1.0,1.0,0,113,10,4,0.09131520733870162,0.24231765688233523,0.609920330382651,0.6062023246155799,0.4478995545610797,0.9000920107272863,0.8996771460213145,0.7622414951112423,0.5073099514496936,0.503516682470805,0.3033949601520511,0.7746891130677099,0.7739081836339227,0.5593213086866492,0.24242424242424243,0.3236769703835572,1.3589686412737587,3.4817211627960205
3,1.0,0.25,1.0,1.0,1,41,10,4,0.1086081915736025,0.256538466433017,0.6335988653789003,0.6300737842022136,0.46004028950873344,0.897406368541996,0.8969792788487176,0.7526454569778374,0.6408590674825019,0.6380662448313815,0.45193296502783026,1.0,1.0,1.0,0.24242424242424243,0.3236769703835572,1.626727890689958,1.1058437824249268
3,1.0,0.25,1.0,1.0,2,36,10,5,0.12202523515945977,0.24227303089331273,0.6742539324842695,0.6711503151832285,0.52692652261304,1.0,1.0,1.0,0.5999810068356961,0.5969024837228303,0.3883462399696332,0.8974063685419956,0.8969792788487173,0.7526454569778374,0.2222222222222222,0.31106617932965236,1.377604696123832,1.0166749954223633
3,1.0,0.25,1.0,1.0,3,49,10,4,0.11037895495203147,0.26209311044646005,0.6507980941116965,0.6474693552755774,0.49323421879491497,0.9083491277292126,0.907971490705844,0.7934094346634827,0.544656229891486,0.5411500925735495,0.338176767328315,0.7849276230002519,0.7841885630133323,0.586029113950917,0.24242424242424243,0.3236769703835572,1.3603372233263762,1.0877742767333984
3,1.0,0.25,1.0,1.0,4,32,10,3,0.06102645756670636,0.24445418729126028,0.5498920949039983,0.545558178087656,0.3650637550874996,0.7916267295012034,0.790994464710824,0.6144266258107057,0.4327389854945434,0.42832390067291903,0.234051526134499,0.6385505741240013,0.637624474122608,0.42645992265876403,0.22448979591836735,0.3236769703835572,1.631444115785826,0.6370503902435303
3,1.0,0.25,1.0,1.0,5,71,10,4,0.09017036446504546,0.2370705748330155,0.6277647847609598,0.6241857288847118,0.4499139574956119,0.9116055475593928,0.9112424542131328,0.8049349549879696,0.5402292747692368,0.5366562089958289,0.3147035785816479,0.7889606460971244,0.7882379262538325,0.5957957470317893,0.2222222222222222,0.31106617932965236,1.6574694398649485,1.4287059307098389
3,1.0,0.25,1.0,1.0,6,59,10,5,0.12094301417356802,0.24857581801085296,0.697979552122923,0.6951020237962231,0.5461486267276319,1.0,1.0,1.0,0.6163344800743001,0.6133818540346125,0.38952412608212966,0.897406368541996,0.8969792788487176,0.7526454569778374,0.2222222222222222,0.31106617932965236,1.3773776964666464,1.8156659603118896
3,1.0,0.25,1.0,1.0,7,55,10,3,0.0635633709840176,0.23712745779383482,0.5301830308502027,0.5256241660369607,0.3264908777896581,0.7889606460971246,0.7883188157233194,0.6085417084158432,0.41050781504381817,0.4058815212753026,0.20162585525800372,0.6351652836494971,0.6342280982950598,0.42094768363328244,0.24242424242424243,0.3236769703835572,1.9021948060112077,1.560959815979004
3,1.0,0.25,1.0,1.0,8,1000,10,4,0.10042795274006035,0.2447835480999545,0.6217186654838185,0.6180859439837619,0.43366096342088434,0.9116055475593928,0.9112424542131328,0.8049349549879696,0.510668965947021,0.5068711876051657,0.2897243583710706,0.7889606460971244,0.7882379262538325,0.5957957470317893,0.2222222222222222,0.31106617932965236,1.6570084848079043,22.73159670829773
3,1.0,0.25,1.0,1.0,9,36,10,4,0.08725006860810011,0.2339245293684404,0.5802868203979088,0.5762863504126702,0.41929584467542164,0.9000920107272863,0.8996771460213145,0.7622414951112423,0.4772852328746571,0.47326078410106265,0.28159320607116184,0.7746891130677099,0.7739081836339227,0.5593213086866492,0.24242424242424243,0.3236769703835572,1.3594302780656935,0.7249093055725098
3,1.0,0.5,0.0,0.0,0,16,3,3,0.2983703123107675,0.2986255727684463,0.7920532465028122,0.791423901436366,0.6151023239096007,0.7921997857472497,0.7915695648752535,0.6162892627615703,0.646786657590236,0.6458892231046282,0.44216543450967255,0.6392779718964172,0.6383542378752756,0.4282009089578253,0.4782608695652174,0.6473539407671144,0.0859584404584638,0.09467315673828125
3,1.0,0.5,0.0,0.0,1,14,3,3,0.2983703123107674,0.29862557276844615,0.7920532465028122,0.791423901436366,0.6151023239096007,0.7921997857472497,0.7915695648752535,0.6162892627615703,0.6467866575902359,0.645889223104628,0.44216543450967255,0.6392779718964172,0.6383542378752756,0.4282009089578253,0.4782608695652174,0.6473539407671144,0.08595844045846382,0.12038993835449219
3,1.0,0.5,0.0,0.0,2,39,10,3,0.22802585344311233,0.3094315567623181,0.6492614517488782,0.6446985544559856,0.4411006515034715,0.7375733655715295,0.7367405406672014,0.4724246305454723,0.667862131803779,0.6643151403952302,0.516525358195014,0.8357447021357427,0.8353020509100345,0.6777225590952062,0,0.0,inf,0.528127908706665
3,1.0,0.5,0.0,0.0,3,28,4,4,0.2913748138964658,0.2912005202031929,0.9090437908389912,0.9086701087019787,0.7943429996270311,0.9137594533047027,0.9134059329538328,0.8127690521941776,0.7919171422000004,0.7912079172740434,0.6024389496913674,0.7916267295012033,0.7909147573609079,0.602400964174539,0.4576271186440678,0.6266536694053753,0.10767356047338157,0.22908663749694824
3,1.0,0.5,0.0,0.0,4,24,3,3,0.29479873514155075,0.2948250570627073,0.7964875200702813,0.7958739447619763,0.6258352922217565,0.8021489417124285,0.8015540214626932,0.6413806962628472,0.652349128612483,0.6514695757814329,0.45216951389927995,0.651892823668452,0.6510099162702464,0.4514820116115285,0.4606741573033708,0.6295102103485337,0.08672119699976663,0.33634424209594727
3,1.0,0.5,0.0,0.0,5,23,10,4,0.2256992666048089,0.2791638111941367,0.7848325531557264,0.7822808180109686,0.6549562110382725,0.8974063685419958,0.8969792788487174,0.7526454569778374,0.6687923601548018,0.6655911558440767,0.47473523117835154,0.7713552409379785,0.7705605424897544,0.5510101485183012,0,0.0,inf,0.3609957695007324
3,1.0,0.5,0.0,0.0,6,44,2,2,0.3068011020001426,0.30680110200014254,0.5878399019601795,0.5871126581313231,0.3706193494105449,0.5879077429223252,0.5871790535706989,0.3717161405198315,0.672199343603704,0.6717035325534596,0.5329726615200185,0.6768387497441452,0.676345545785955,0.5489778408135174,0.46629213483146065,0.6339362092142247,0.06673176103870496,0.7926673889160156
3,1.0,0.5,0.0,0.0,7,40,10,3,0.22095686408986998,0.2923699224961372,0.645562149642211,0.640953064148874,0.43190151638458185,0.7548712966501103,0.7541043224033086,0.5123044922655382,0.5084903075388612,0.5032437671100675,0.2700655552446258,0.5917125005777004,0.5906296552873526,0.3282155413169091,0,0.0,inf,0.7783451080322266
3,1.0,0.5,0.0,0.0,8,26,3,3,0.29479873514155075,0.2948250570627073,0.7964875200702813,0.7958739447619763,0.6258352922217565,0.8021489417124285,0.8015540214626932,0.6413806962628472,0.652349128612483,0.6514695757814329,0.45216951389927995,0.6518928236684518,0.6510099162702462,0.4514820116115285,0.4606741573033708,0.6295102103485337,0.08672119699976663,0.21417713165283203
3,1.0,0.5,0.0,0.0,9,58,3,3,0.2972879112772519,0.2973073712175688,0.7964599900015984,0.7958463173618422,0.6257449183498832,0.8019282820082536,0.8013325861275414,0.6406540834881669,0.6523146093044463,0.6514349462179657,0.45208550297897,0.6516133272375468,0.6507295243611372,0.4508122830368131,0.4576271186440678,0.6266536694053753,0.08722072215897936,1.234665870666504
3,1.0,0.5,0.0,0.25,0,14,3,3,0.29582723972303326,0.2956706898560772,0.7904764725728852,0.7898414931742512,0.6114464079728974,0.7852802150932446,0.7846251091678986,0.6010060305727019,0.6448075264531995,0.6439036979318008,0.43874541557546143,0.630488902126393,0.6295363171801378,0.41386322570661177,0.4782608695652174,0.6473539407671144,0.08578342002708614,0.09255075454711914
3,1.0,0.5,0.0,0.25,1,111,3,3,0.2938321050902911,0.2936534650303343,0.7903227834399137,0.7896872559207784,0.6109458131619562,0.7849276230002521,0.7842712471813089,0.5998687124749003,0.6446145860740942,0.64371013571519,0.4382766299624657,0.6300407065822518,0.6290866490125593,0.41279146196657973,0.4606741573033708,0.6295102103485337,0.08851436690483663,2.635011672973633
3,1.0,0.5,0.0,0.25,2,32,10,4,0.2118875427729442,0.2931735166813888,0.754545008849058,0.7518214872820808,0.6384361807392274,0.897406368541996,0.8969792788487176,0.7526454569778374,0.7978033033346374,0.7959760207751786,0.7746462469827194,1.0,1.0,1.0,0,0.0,inf,0.9148299694061279
3,1.0,0.5,0.0,0.25,3,38,10,4,0.21744333054924245,0.2929438022315214,0.7633373776730114,0.7607115992878675,0.651672716163905,0.897406368541996,0.8969792788487176,0.7526454569778374,0.7977303731003234,0.7959025758354601,0.772776618983567,1.0,1.0,1.0,0,0.0,inf,1.1258318424224854
3,1.0,0.5,0.0,0.25,4,26,4,4,0.3033095950933377,0.3032464954491562,0.908286786541069,0.9079097241974984,0.7915753497024844,0.9083491277292126,0.907971490705844,0.7934094346634827,0.7909887969767587,0.7902758452404195,0.6000696491729003,0.7849276230002518,0.7841885630133321,0.586029113950917,0.4606741573033708,0.6295102103485337,0.10749220154333854,0.25995707511901855
3,1.0,0.5,0.0,0.25,5,55,10,4,0.21534236336612222,0.2886371888808607,0.765598028774655,0.7630045275582918,0.658657052195344,0.9059896953135614,0.9056014712345598,0.78488266182146,0.6529197506991155,0.6497928128257723,0.47629772145633514,0.7820038042783822,0.7812528432163193,0.5787657424083629,0,0.0,inf,1.4828026294708252
3,1.0,0.5,0.0,0.25,6,113,3,3,0.28007014749666437,0.2797651948227627,0.7912521513553256,0.7906199474689949,0.6130686761259063,0.7916267295012034,0.790994464710824,0.6144266258107057,0.6457812186532956,0.6448805405867795,0.4402637862713665,0.6385505741240013,0.637624474122608,0.42645992265876403,0.4576271186440678,0.6266536694053753,0.08869572583487968,2.640423059463501
3,1.0,0.5,0.0,0.25,7,17,3,3,0.3129016539548131,0.31276217198390466,0.7503978476511641,0.7496157526369165,0.4999303752085892,0.7595386266093844,0.7587891678710779,0.523012647821584,0.5942922483529102,0.5932206458935332,0.3313032695545437,0.5976802337166612,0.5966178608565919,0.3387811841838666,0.6024096385542169,0.7507507507507507,0.04689952483812036,0.09697270393371582
3,1.0,0.5,0.0,0.25,8,1000,10,4,0.21082017567767256,0.2926790205371635,0.7641539054346975,0.7615495923606357,0.6514768634536773,0.9116055475593928,0.9112424542131328,0.8049349549879696,0.65157867850111,0.6484463999908391,0.4699548170642925,0.7889606460971244,0.7882379262538325,0.5957957470317893,0,0.0,inf,22.16292953491211
3,1.0,0.5,0.0,0.25,9,28,10,3,0.19465660586958589,0.28424961970633406,0.6574312730286536,0.6534603132506593,0.5462179060652493,0.789789857030486,0.789150994948784,0.6112350182388241,0.529236250717581,0.524777821970751,0.37835146236616285,0.636218386690312,0.6352846396218612,0.42347263580084515,0,0.0,inf,0.7171049118041992
3,1.0,0.5,0.0,0.5,0,19,3,3,0.29218812907527597,0.2924978798475077,0.7964944021672811,0.7958808511897366,0.6258578876687111,0.8021489417124285,0.8015540214626932,0.6413806962628472,0.652357757883099,0.6514782326134035,0.45219051787202735,0.6518928236684518,0.6510099162702462,0.4514820116115285,0.46629213483146065,0.6339362092142247,0.08473502501170044,0.33376359939575195
3,1.0,0.5,0.0,0.5,1,15,4,4,0.3033095950933377,0.3032464954491563,0.908286786541069,0.9079097241974984,0.7915753497024844,0.9083491277292126,0.907971490705844,0.7934094346634827,0.7909887969767587,0.7902758452404195,0.6000696491729003,0.7849276230002518,0.7841885630133321,0.586029113950917,0.4606741573033708,0.6295102103485337,0.10749220154333852,0.21457123756408691
3,1.0,0.5,0.0,0.5,2,30,2,2,0.30254059460160804,0.3025405946016079,0.5933918153386777,0.5926772493795246,0.3814880303054271,0.5976802337166613,0.5969738544387009,0.39109438552078163,0.3924399607337398,0.39152520480717656,0.21015328256567536,0.3872439306503139,0.3863163273739962,0.2040240706420313,0.6198830409356725,0.7670320923332972,0.027921690199618477,0.6913468837738037
3,1.0,0.5,0.0,0.5,3,111,3,3,0.2785744355817691,0.2783501041122962,0.7913824111123083,0.7907506711775147,0.6134933585107952,0.7926764584473263,0.7920479364188315,0.6178455857756018,0.6459447160598649,0.6450445642221216,0.44066106472118616,0.6398829605162116,0.6389611927460445,0.42965422834092154,0.46629213483146065,0.6339362092142247,0.08621280647770925,3.360602617263794
3,1.0,0.5,0.0,0.5,4,35,10,5,0.1852934823666432,0.22428567841477656,0.7490988661714831,0.7464340878236699,0.6125604939130114,1.0,1.0,1.0,0.6384780257662448,0.6353562329477943,0.4358173871240458,0.8974063685419956,0.8969792788487173,0.7526454569778374,0,0.0,inf,0.9462547302246094
3,1.0,0.5,0.0,0.5,5,39,3,3,0.3000960427427212,0.3000665763030945,0.7919954100813236,0.7913658592256422,0.6149134768877957,0.792676458447326,0.7920479364188314,0.6178455857756018,0.6467140735940206,0.6458164057367729,0.44198892731327694,0.6398829605162115,0.6389611927460443,0.42965422834092154,0.4606741573033708,0.6295102103485337,0.08869216512632282,0.9808006286621094
3,1.0,0.5,0.0,0.5,6,40,10,4,0.1905959280057879,0.287967844479492,0.7428199559612314,0.7400649412728473,0.6042326710278733,0.897406368541996,0.8969792788487176,0.7526454569778374,0.7751147472764633,0.7731546858164896,0.7377731218504637,1.0,1.0,1.0,0,0.0,inf,1.1458125114440918
3,1.0,0.5,0.0,0.5,7,51,4,4,0.3033095950933377,0.30324649544915616,0.908286786541069,0.9079097241974984,0.7915753497024844,0.9083491277292126,0.907971490705844,0.7934094346634827,0.7909887969767587,0.7902758452404195,0.6000696491729003,0.7849276230002519,0.7841885630133323,0.586029113950917,0.4606741573033708,0.6295102103485337,0.10749220154333854,0.9707505702972412
3,1.0,0.5,0.0,0.5,8,39,3,3,0.29582723972303343,0.2956706898560772,0.7904764725728854,0.7898414931742513,0.6114464079728974,0.7852802150932446,0.7846251091678986,0.6010060305727019,0.6448075264531996,0.6439036979318009,0.43874541557546143,0.630488902126393,0.6295363171801378,0.41386322570661177,0.4782608695652174,0.6473539407671144,0.08578342002708612,0.9517436027526855
3,1.0,0.5,0.0,0.5,9,19,4,4,0.30330959509333777,0.30324649544915616,0.908286786541069,0.9079097241974984,0.7915753497024844,0.9083491277292126,0.907971490705844,0.7934094346634827,0.7909887969767586,0.7902758452404194,0.6000696491729003,0.7849276230002518,0.7841885630133321,0.586029113950917,0.4606741573033708,0.6295102103485337,0.10749220154333855,0.2808523178100586
3,1.0,0.5,0.0,0.75,0,116,10,3,0.13935787528385826,0.29553421932540797,0.6265883796236207,0.6224887648072274,0.38132811159339525,0.7481612335885639,0.7473688711868739,0.49755280006294755,0.5002725678697861,0.49579626761481893,0.2305596741936291,0.583122611528877,0.5820100450521392,0.3135555033859615,0,0.0,inf,3.462235927581787
3,1.0,0.5,0.0,0.75,1,25,10,3,0.14990905318033804,0.2997674912327414,0.6804305013632085,0.6770209337979938,0.5144724403463017,0.7916267295012033,0.7909944647108239,0.6144266258107057,0.6817474252850458,0.6789839049753811,0.5380199279649892,0.8919096298303802,0.8916326823937588,0.8472089812237649,0,0.0,inf,0.7151317596435547
3,1.0,0.5,0.0,0.75,2,53,10,3,0.1336552556865131,0.2713118809444583,0.6218038536503195,0.6177487446940767,0.4572293799185906,0.7921997857472497,0.7915695648752535,0.6162892627615703,0.5088189653235794,0.5045308886574092,0.3037617196790359,0.6392779718964172,0.6383542378752756,0.4282009089578253,0,0.0,inf,1.5397939682006836
3,1.0,0.5,0.0,0.75,3,28,4,4,0.28999564489917856,0.28967696566936385,0.9041296431413824,0.9037339420232676,0.7760883163884392,0.9000920107272863,0.8996771460213145,0.7622414951112423,0.7858882559572732,0.7851547448691064,0.586753001857982,0.7746891130677099,0.7739081836339227,0.5593213086866492,0.4782608695652174,0.6473539407671144,0.10623625834148834,0.6713955402374268
3,1.0,0.5,0.0,0.75,4,41,10,3,0.11216550100635761,0.2339183049459619,0.536155258803103,0.5310492939695036,0.3573060086209669,0.7375733655715296,0.7367405406672014,0.4724246305454723,0.40787587241434753,0.4025567400189972,0.20991221604426202,0.5695438300688878,0.5683837947232323,0.28830015171599577,0,0.0,inf,1.1086056232452393
3,1.0,0.5,0.0,0.75,5,44,10,3,0.13389123632116173,0.27101326428095107,0.6244362659174644,0.6204100040818082,0.4610468231112459,0.7921997857472497,0.7915695648752535,0.6162892627615703,0.5256033781202302,0.5214625262269234,0.3099811524411257,0.6392779718964172,0.6383542378752756,0.4282009089578253,0,0.0,inf,1.267655611038208
3,1.0,0.5,0.0,0.75,6,39,10,4,0.17171307401269975,0.28378489505045956,0.7254074392420969,0.7225539341017215,0.5874423520845288,0.897406368541996,0.8969792788487176,0.7526454569778374,0.7410827013158787,0.7388971271728237,0.6755721818038102,1.0,1.0,1.0,0,0.0,inf,1.1298646926879883
3,1.0,0.5,0.0,0.75,7,112,10,4,0.17002423700043576,0.2805046721249343,0.7329173524001691,0.7301494884829859,0.578720055216986,0.9059896953135614,0.9056014712345598,0.78488266182146,0.6259569845274039,0.6228089458820012,0.4072928014396444,0.7820038042783822,0.7812528432163193,0.5787657424083629,0,0.0,inf,3.4499945640563965
3,1.0,0.5,0.0,0.75,8,31,10,3,0.14305635013632567,0.2900399436311059,0.6447800270872334,0.640989537012291,0.4788012542946797,0.7921997857472497,0.7915695648752535,0.6162892627615703,0.5386517303621684,0.5346450091875675,0.32401290532095384,0.6392779718964172,0.6383542378752756,0.4282009089578253,0,0.0,inf,0.7884395122528076
3,1.0,0.5,0.0,0.75,9,32,10,3,0.13043387788351563,0.26772995887360623,0.5590535117446788,0.5542019967517157,0.3679844336532427,0.7375733655715297,0.7367405406672015,0.4724246305454723,0.5345724794757266,0.5303937125342462,0.37133944051712914,0.8357447021357429,0.8353020509100346,0.6777225590952062,0,0.0,inf,0.8757624626159668
3,1.0,0.5,0.0,1.0,0,1000,10,4,0.1341441856158929,0.2545311684922331,0.6689904400618358,0.665684443180876,0.5280359628754613,0.9059896953135614,0.9056014712345598,0.78488266182146,0.5610266355705319,0.5574746515011098,0.3651256606183597,0.7820038042783822,0.7812528432163193,0.5787657424083629,0,0.0,inf,22.520721435546875
3,1.0,0.5,0.0,1.0,1,46,10,4,0.1364200313199571,0.2590589531126938,0.6781282696509204,0.6749085917416364,0.5246690124495533,0.897406368541996,0.8969792788487176,0.7526454569778374,0.6702868301579421,0.6676145070978085,0.5139903863095484,1.0,1.0,1.0,0,0.0,inf,0.9069211483001709
3,1.0,0.5,0.0,1.0,2,1000,10,4,0.1292182562843663,0.2616106372820585,0.6422282043430465,0.6386478920541101,0.482570577903529,0.9059896953135614,0.9056014712345598,0.78488266182146,0.5321140112238487,0.5283200544690261,0.32754872438446153,0.7820038042783822,0.7812528432163193,0.5787657424083629,0,0.0,inf,21.344839334487915
3,1.0,0.5,0.0,1.0,3,51,10,4,0.13761493793406376,0.2660356631830479,0.6693511267297578,0.6660311314841191,0.502555860271512,0.9059896953135614,0.9056014712345598,0.78488266182146,0.5985972563193122,0.5953306125512342,0.3774858553721746,0.7820038042783822,0.7812528432163193,0.5787657424083629,0,0.0,inf,1.1513566970825195
3,1.0,0.5,0.0,1.0,4,42,10,3,0.10749945669300795,0.27690241430261037,0.5794626214121215,0.5751487003603246,0.40013592140187304,0.7921997857472497,0.7915695648752535,0.6162892627615703,0.46985076560089056,0.4654361643198655,0.25867522756879224,0.6392779718964172,0.6383542378752756,0.4282009089578253,0,0.0,inf,0.840613603591919
3,1.0,0.5,0.0,1.0,5,35,10,4,0.13103114342217675,0.25813253831862504,0.6608701782489961,0.6574561872847524,0.4860241251264952,0.897406368541996,0.8969792788487176,0.7526454569778374,0.6775839769288937,0.6749527915985845,0.5516870514690236,1.0,1.0,1.0,0,0.0,inf,0.8336052894592285
3,1.0,0.5,0.0,1.0,6,31,10,4,0.14174105091156647,0.27235301760054154,0.6666623138778983,0.6633160076217904,0.5177882775017606,0.9059896953135614,0.9056014712345598,0.78488266182146,0.5789987558830109,0.5755733761061465,0.3633877310377087,0.7820038042783822,0.7812528432163193,0.5787657424083629,0,0.0,inf,0.5630762577056885
3,1.0,0.5,0.0,1.0,7,114,10,5,0.17303401875049243,0.28264335365623794,0.7990555140384039,0.797085390326846,0.6880443574814044,1.0,1.0,1.0,0.7069280830383772,0.7046031862033101,0.49702507797560275,0.8974063685419956,0.8969792788487173,0.7526454569778374,0,0.0,inf,3.3884670734405518
3,1.0,0.5,0.0,1.0,8,27,10,3,0.10677202952683754,0.2676831572605149,0.5983916284888537,0.5942718833802089,0.4093263992548914,0.7921997857472497,0.7915695648752535,0.6162892627615703,0.4904064021376599,0.48616296952669885,0.2664282568275497,0.6392779718964172,0.6383542378752756,0.4282009089578253,0,0.0,inf,0.593986988067627
3,1.0,0.5,0.0,1.0,9,44,10,3,0.10941856453549173,0.2758481311352675,0.5972061764727083,0.5930831295962035,0.4090573171235515,0.8019282820082536,0.8013325861275414,0.6406540834881669,0.4769309681380681,0.47258540975962804,0.2640189794352561,0.6516133272375468,0.6507295243611372,0.4508122830368131,0,0.0,inf,1.2759270668029785
3,1.0,0.5,0.25,0.0,0,27,3,3,0.2958169263669707,0.2954999366012556,0.7903747757157535,0.7897394336368198,0.6111150880111534,0.7849276230002521,0.7842712471813089,0.5998687124749003,0.8855725162926757,0.88528131437995,0.8254485204470364,0.884983406868874,0.884686800044098,0.830441303607371,0.46629213483146065,0.6339362092142247,0.08657904801354832,0.5003156661987305
3,1.0,0.5,0.25,0.0,1,39,10,3,0.19405008655140218,0.28445668982943095,0.6677775096009463,0.663927658083235,0.5522984507111509,0.7889606460971244,0.7883188157233192,0.6085417084158432,0.6827100363504143,0.6797061042881668,0.6140898347242127,0.8891543252970434,0.8888695855552406,0.8404468849639695,0,0.0,inf,0.7767417430877686
3,1.0,0.5,0.25,0.0,2,24,10,4,0.2108321345121314,0.28616800998720027,0.7605478059081615,0.7578897538072238,0.6373274570580559,0.9059896953135614,0.9056014712345598,0.78488266182146,0.6470141012187052,0.6438226389774091,0.4580411789438991,0.7820038042783822,0.7812528432163193,0.5787657424083629,0,0.0,inf,0.3832356929779053
3,1.0,0.5,0.25,0.0,3,37,3,3,0.29837031231076755,0.2986255727684463,0.7920532465028122,0.791423901436366,0.6151023239096007,0.7921997857472497,0.7915695648752535,0.6162892627615703,0.646786657590236,0.6458892231046282,0.44216543450967255,0.6392779718964172,0.6383542378752756,0.4282009089578253,0.4782608695652174,0.6473539407671144,0.0859584404584638,0.546046257019043
3,1.0,0.5,0.25,0.0,4,24,3,3,0.3034411497477426,0.3031720513147306,0.7919171422000004,0.7912873128296978,0.6146580667163571,0.7916267295012033,0.7909944647108239,0.6144266258107057,0.8871644058134939,0.8868776795289721,0.8294919785110026,0.8919096298303802,0.8916326823937588,0.8472089812237649,0.4576271186440678,0.6266536694053753,0.08923976559220494,0.399975061416626
3,1.0,0.5,0.25,0.0,5,1000,10,3,0.19454439470828788,0.28455145718324526,0.659022408378502,0.6550698925913865,0.547302225925688,0.789789857030486,0.789150994948784,0.6112350182388241,0.5309793154454759,0.5265373946177504,0.3793153618859461,0.636218386690312,0.6352846396218612,0.42347263580084515,0,0.0,inf,19.461994409561157
3,1.0,0.5,0.25,0.0,6,28,3,3,0.3034411497477426,0.3031720513147306,0.7919171422000004,0.7912873128296978,0.6146580667163571,0.7916267295012033,0.7909944647108239,0.6144266258107057,0.8871644058134939,0.8868776795289721,0.8294919785110026,0.8919096298303802,0.8916326823937588,0.8472089812237649,0.4576271186440678,0.6266536694053753,0.08923976559220494,0.2575650215148926
3,1.0,0.5,0.25,0.0,7,47,3,3,0.3129016539548131,0.31276217198390466,0.7503978476511641,0.7496157526369165,0.4999303752085892,0.7595386266093844,0.7587891678710779,0.523012647821584,0.5942922483529102,0.5932206458935332,0.3313032695545437,0.5976802337166612,0.5966178608565919,0.3387811841838666,0.6024096385542169,0.7507507507507507,0.04689952483812036,0.9208383560180664
3,1.0,0.5,0.25,0.0,8,25,10,4,0.2105879550745911,0.2914701107479814,0.7580588393356574,0.7553648798528592,0.6299848639222447,0.897406368541996,0.8969792788487176,0.7526454569778374,0.8022487844286624,0.8004548551284921,0.790698203571609,1.0,1.0,1.0,0,0.0,inf,0.4311375617980957
3,1.0,0.5,0.25,0.0,9,27,10,3,0.19653355937262212,0.2830274483628591,0.6742061847222272,0.6704304194171834,0.558809723867408,0.7889606460971244,0.7883188157233192,0.6085417084158432,0.6777365968932414,0.6746852167966015,0.5983456215582551,0.8891543252970434,0.8888695855552406,0.8404468849639695,0,0.0,inf,0.5293288230895996
3,1.0,0.5,0.25,0.25,0,43,10,3,0.17138662089260515,0.2799746449249648,0.6689090854938413,0.6652647241476481,0.5549259126115983,0.7889606460971244,0.7883188157233192,0.6085417084158432,0.6523430801958818,0.6492236282687068,0.5473790309165946,0.8891543252970434,0.8888695855552406,0.8404468849639695,0.14285714285714285,0.2721829069134458,0.6997879870866753,0.9630649089813232
3,1.0,0.5,0.25,0.25,1,114,10,4,0.1912375910620858,0.2761287841216858,0.748985726097568,0.746301371168363,0.6182128168742894,0.9116055475593928,0.9112424542131328,0.8049349549879696,0.6375574361668058,0.6344043496655626,0.44091166877538096,0.7889606460971247,0.7882379262538328,0.5957957470317893,0.13333333333333333,0.24950099800399198,0.7511160787163237,3.5720834732055664
3,1.0,0.5,0.25,0.25,2,56,10,3,0.16398023642386408,0.27178260722065994,0.6460558753623592,0.6421560645738834,0.5174325055073333,0.7889606460971246,0.7883188157233194,0.6085417084158432,0.5218914611519372,0.5175968201650715,0.3535347638658168,0.6351652836494971,0.6342280982950598,0.42094768363328244,0.14285714285714285,0.2721829069134458,0.7001856790303971,1.4248294830322266
3,1.0,0.5,0.25,0.25,3,51,3,3,0.293832105090291,0.2936534650303344,0.7903227834399137,0.7896872559207784,0.6109458131619562,0.7849276230002521,0.7842712471813089,0.5998687124749003,0.6446145860740942,0.64371013571519,0.4382766299624657,0.6300407065822518,0.6290866490125593,0.41279146196657973,0.4606741573033708,0.6295102103485337,0.08851436690483663,0.9135148525238037
3,1.0,0.5,0.25,0.25,4,41,10,3,0.1664901345648703,0.2915551401451672,0.610111452641019,0.6056664989581154,0.41111812273506454,0.7375733655715297,0.7367405406672015,0.4724246305454723,0.5943202697102661,0.5905382614379775,0.4239340993458132,0.8357447021357429,0.8353020509100346,0.6777225590952062,0.14285714285714285,0.2721829069134458,0.7053641757241181,0.8231039047241211
3,1.0,0.5,0.25,0.25,5,73,3,3,0.29479873514155075,0.2948250570627073,0.7964875200702813,0.7958739447619763,0.6258352922217565,0.8021489417124285,0.8015540214626932,0.6413806962628472,0.652349128612483,0.6514695757814329,0.45216951389927995,0.651892823668452,0.6510099162702464,0.4514820116115285,0.4606741573033708,0.6295102103485337,0.08672119699976662,1.9852945804595947
3,1.0,0.5,0.25,0.25,6,52,10,4,0.1818873810137557,0.27254217731938357,0.7378767289597453,0.7350670695534467,0.5875069539403548,0.8974063685419958,0.8969792788487174,0.7526454569778374,0.6251750659810396,0.6219060202274308,0.4145820798575258,0.7713552409379785,0.7705605424897544,0.5510101485183012,0.13333333333333333,0.24950099800399198,0.6773640345377692,1.3038251399993896
3,1.0,0.5,0.25,0.25,7,111,4,4,0.3033095950933378,0.3032464954491562,0.908286786541069,0.9079097241974984,0.7915753497024844,0.9083491277292126,0.907971490705844,0.7934094346634827,0.7909887969767587,0.7902758452404195,0.6000696491729003,0.7849276230002518,0.7841885630133321,0.586029113950917,0.4606741573033708,0.6295102103485337,0.10749220154333854,3.3160736560821533
3,1.0,0.5,0.25,0.25,8,28,3,3,0.29837031231076755,0.2986255727684463,0.7920532465028122,0.791423901436366,0.6151023239096007,0.7921997857472497,0.7915695648752535,0.6162892627615703,0.646786657590236,0.6458892231046282,0.44216543450967255,0.6392779718964172,0.6383542378752756,0.4282009089578253,0.4782608695652174,0.6473539407671144,0.08595844045846382,0.7113335132598877
3,1.0,0.5,0.25,0.25,9,27,3,3,0.3034411497477426,0.3031720513147306,0.7919171422000004,0.7912873128296978,0.6146580667163571,0.7916267295012033,0.7909944647108239,0.6144266258107057,0.8871644058134939,0.8868776795289721,0.8294919785110026,0.8919096298303802,0.8916326823937588,0.8472089812237649,0.4576271186440678,0.6266536694053753,0.08923976559220494,0.5812568664550781
3,1.0,0.5,0.25,0.5,0,63,3,3,0.2800701474966644,0.2797651948227627,0.7912521513553256,0.7906199474689949,0.6130686761259063,0.7916267295012034,0.790994464710824,0.6144266258107057,0.6457812186532956,0.6448805405867795,0.4402637862713665,0.6385505741240013,0.637624474122608,0.42645992265876403,0.4576271186440678,0.6266536694053753,0.08869572583487968,1.627342700958252
3,1.0,0.5,0.25,0.5,1,71,10,3,0.1451747798752708,0.2800254224446461,0.6668425247047227,0.663314095395751,0.5542788997917244,0.7889606460971244,0.7883188157233192,0.6085417084158432,0.650212747911897,0.6471995626905455,0.5515799806422281,0.8891543252970434,0.8888695855552406,0.8404468849639695,0.14285714285714285,0.2994011976047904,0.6846610847975867,1.7509992122650146
3,1.0,0.5,0.25,0.5,2,62,4,4,0.2843088592105316,0.28406081045250714,0.9077861546703494,0.9074068545396607,0.7897360784811976,0.9083491277292126,0.907971490705844,0.7934094346634827,0.7903747757157535,0.7896593564483266,0.5984933525969508,0.7849276230002518,0.7841885630133321,0.586029113950917,0.46629213483146065,0.6339362092142247,0.10501284289472497,1.2700426578521729
3,1.0,0.5,0.25,0.5,3,31,3,3,0.2800701474966642,0.2797651948227626,0.7912521513553256,0.7906199474689949,0.6130686761259063,0.7916267295012034,0.790994464710824,0.6144266258107057,0.6457812186532956,0.6448805405867795,0.4402637862713665,0.6385505741240013,0.637624474122608,0.42645992265876403,0.4576271186440678,0.6266536694053753,0.08869572583487967,0.5600311756134033
3,1.0,0.5,0.25,0.5,4,34,2,2,0.30676087177327976,0.30676087177327976,0.5886439109427256,0.587918508065989,0.3721699660878811,0.5843445647456531,0.5836076786123202,0.3649394192885749,0.6730637408663831,0.6725695649254293,0.5349795162386692,0.6729934599358478,0.6724929101529477,0.5400412938889216,0.6036585365853658,0.7526513855627779,0.029409163948139954,0.5145263671875
3,1.0,0.5,0.25,0.5,5,36,3,3,0.3034411497477426,0.3031720513147306,0.7919171422000004,0.7912873128296978,0.6146580667163571,0.7916267295012033,0.7909944647108239,0.6144266258107057,0.8871644058134939,0.8868776795289721,0.8294919785110026,0.8919096298303802,0.8916326823937588,0.8472089812237649,0.4576271186440678,0.6266536694053753,0.08923976559220494,0.9248642921447754
3,1.0,0.5,0.25,0.5,6,113,10,5,0.19248401317291172,0.2896349680805374,0.8370777141515493,0.8354495850546696,0.7403567074596733,1.0,1.0,1.0,0.7399344917225885,0.7378294686336235,0.5393220578700175,0.8974063685419956,0.8969792788487173,0.7526454569778374,0.125,0.2303086135421465,0.6080469573293923,3.496115207672119
3,1.0,0.5,0.25,0.5,7,28,10,4,0.1477539181200657,0.23027064109131623,0.6680660798401982,0.6645615351285744,0.5022999368186429,0.9116055475593928,0.9112424542131328,0.8049349549879696,0.5505508550172934,0.5466921835091363,0.3416103836719858,0.7889606460971247,0.7882379262538328,0.5957957470317893,0.13333333333333333,0.2603488674824264,0.6651619176689124,0.5003788471221924
3,1.0,0.5,0.25,0.5,8,49,10,4,0.17401224843170762,0.27989524087291695,0.7239209066796597,0.7210404942505736,0.5830795140575248,0.9037907607564276,0.9033926442098374,0.7752391372397232,0.6125758653053552,0.609291463377369,0.41062196231790926,0.7792775881454951,0.7785155100165547,0.5705119925521072,0.13333333333333333,0.2603488674824264,0.6738785315889759,0.9911801815032959
3,1.0,0.5,0.25,0.5,9,43,10,3,0.1451212896583916,0.29125985216416705,0.6300274383203869,0.6259677519397416,0.4317430151831845,0.7375733655715297,0.7367405406672015,0.4724246305454723,0.5822465803771506,0.5785067680987872,0.3762814652677804,0.8357447021357429,0.8353020509100346,0.6777225590952062,0.14285714285714285,0.2994011976047904,0.6705542570705751,0.9102656841278076
3,1.0,0.5,0.25,0.75,0,47,10,4,0.1609193578111992,0.28985199017626145,0.7403535944635783,0.7377406179458725,0.6031046713974174,0.9059896953135614,0.9056014712345598,0.78488266182146,0.637056441378016,0.6340956962344151,0.42750422287835704,0.7820038042783822,0.7812528432163193,0.5787657424083629,0.13333333333333333,0.2721829069134458,0.9837782515080207,0.9978880882263184
3,1.0,0.5,0.25,0.75,1,35,10,3,0.13253452688188855,0.2987754055690956,0.6746415547114603,0.6712809184202525,0.49506034490888035,0.8019282820082536,0.8013325861275414,0.6406540834881669,0.5629036247188192,0.559236884396613,0.3364147514024124,0.6516133272375468,0.6507295243611372,0.4508122830368131,0.30434782608695654,0.5005005005005004,0.8863640544296916,0.7124292850494385
3,1.0,0.5,0.25,0.75,2,34,10,4,0.15556754343335652,0.2818652731612792,0.7262380249803974,0.7234635060247604,0.5589469739075564,0.9059896953135614,0.9056014712345598,0.78488266182146,0.6215254368537464,0.6184144330474539,0.3915517583798323,0.7820038042783822,0.7812528432163193,0.5787657424083629,0.13333333333333333,0.2721829069134458,0.9851621446538242,0.6681914329528809
3,1.0,0.5,0.25,0.75,3,37,10,4,0.12666852955317784,0.2220437386818593,0.6528186307365276,0.6492558284808714,0.48767205375274575,0.9116055475593928,0.9112424542131328,0.8049349549879696,0.5370429425414008,0.5331864477806908,0.3301071300372252,0.7889606460971244,0.7882379262538325,0.5957957470317893,0.14285714285714285,0.31515915537346356,1.066098646284254,0.7382471561431885
3,1.0,0.5,0.25,0.75,4,26,4,4,0.29137481389646563,0.291200520203193,0.9090437908389912,0.9086701087019787,0.7943429996270311,0.9137594533047027,0.9134059329538328,0.8127690521941776,0.7919171422000004,0.7912079172740434,0.6024389496913674,0.7916267295012033,0.7909147573609079,0.602400964174539,0.4576271186440678,0.6266536694053753,0.10767356047338157,0.4054422378540039
3,1.0,0.5,0.25,0.75,5,32,10,3,0.12700445270998725,0.29721421948181964,0.6485685008416231,0.6449255543781559,0.46783766555137046,0.7921997857472497,0.7915695648752535,0.6162892627615703,0.5311935903040804,0.52724561713036,0.31246618391318154,0.6392779718964172,0.6383542378752756,0.4282009089578253,0.3333333333333333,0.5005005005005004,0.8685118861754206,0.622321605682373
3,1.0,0.5,0.25,0.75,6,27,10,4,0.1602320884281869,0.2830295291699715,0.7286193369564895,0.7258742992210259,0.5936039138442909,0.9059896953135614,0.9056014712345598,0.78488266182146,0.6209048556375696,0.6177953328532205,0.41916440082237083,0.7820038042783822,0.7812528432163193,0.5787657424083629,0.13333333333333333,0.2721829069134458,0.9442824722879151,0.4760267734527588
3,1.0,0.5,0.25,0.75,7,69,10,4,0.15463250734672074,0.2834002186143421,0.7287066973544719,0.7259660191465686,0.5917023494093077,0.9116055475593928,0.9112424542131328,0.8049349549879696,0.6211401544847744,0.6180367975867156,0.41755475143331056,0.7889606460971247,0.7882379262538328,0.5957957470317893,0.13333333333333333,0.2721829069134458,0.9469879475067245,1.3259894847869873
3,1.0,0.5,0.25,0.75,8,48,10,5,0.1764341871935156,0.28461675377795737,0.810369071308332,0.8085065662183913,0.6974386720571225,1.0,1.0,1.0,0.7125303126895439,0.7102455785504151,0.5031294112266224,0.897406368541996,0.8969792788487176,0.7526454569778374,0.13333333333333333,0.2721829069134458,0.8750552481016913,1.2590515613555908
3,1.0,0.5,0.25,0.75,9,43,10,3,0.12614994158444345,0.2900632195462694,0.6319159927515465,0.6281012745983018,0.4666260175562035,0.7849276230002521,0.7842712471813089,0.5998687124749003,0.6253481927924375,0.6221938955132545,0.4706786680712624,0.884983406868874,0.884686800044098,0.830441303607371,0.3148148148148148,0.5005005005005004,0.8652552379028122,1.2417006492614746
3,1.0,0.5,0.25,1.0,0,31,10,4,0.1323177743932311,0.2735041379852587,0.6611034820506272,0.6577501886522606,0.5016511220742566,0.897406368541996,0.8969792788487176,0.7526454569778374,0.6842797387146381,0.6817499907334991,0.5373020887933091,1.0,1.0,1.0,0.13333333333333333,0.28345675512879565,1.473893295134523,0.8146908283233643
3,1.0,0.5,0.25,1.0,1,106,10,4,0.13024114794312355,0.27063146449335634,0.6640566551586492,0.6607271266560255,0.5149327196878947,0.9037907607564276,0.9033926442098374,0.7752391372397232,0.57417818865788,0.5707602470694576,0.3606243289673207,0.7792775881454947,0.7785155100165544,0.5705119925521072,0.13333333333333333,0.28345675512879565,1.5386368183865047,3.15274977684021
3,1.0,0.5,0.25,1.0,2,110,10,5,0.13452432684186716,0.22934730811255763,0.7046594167126731,0.7017510430997009,0.5205830866041096,1.0,1.0,1.0,0.5977207929383278,0.5945140242103227,0.3589751109706863,0.897406368541996,0.8969792788487176,0.7526454569778374,0.13333333333333333,0.28345675512879565,1.4813173673722135,2.8627889156341553
3,1.0,0.5,0.25,1.0,3,39,10,4,0.13181098572905303,0.28096644901701395,0.7098178239491487,0.7069599386395466,0.5219152052652288,0.9083491277292126,0.907971490705844,0.7934094346634827,0.6032910500957014,0.6001283076457947,0.3600500397465139,0.7849276230002519,0.7841885630133323,0.586029113950917,0.2037037037037037,0.40448611877183305,1.3092397013889974,0.7408313751220703
3,1.0,0.5,0.25,1.0,4,73,10,5,0.15243015653823558,0.24649714864284614,0.7178077914532806,0.7150665067520687,0.596304261832923,1.0,1.0,1.0,0.6354948042641534,0.6326312249761508,0.430136616207252,0.8974063685419956,0.8969792788487173,0.7526454569778374,0.13333333333333333,0.28345675512879565,1.3447463928026067,1.479032278060913
3,1.0,0.5,0.25,1.0,5,85,10,3,0.10667372072413103,0.2867341831164007,0.6184511314806808,0.6146291743231916,0.43396455980038406,0.7916267295012033,0.7909944647108239,0.6144266258107057,0.6285753495648924,0.625559899685399,0.4398744667778824,0.8919096298303802,0.8916326823937588,0.8472089812237649,0.20496894409937888,0.4078152226300374,1.5063313540916032,1.6854419708251953
3,1.0,0.5,0.25,1.0,6,41,10,5,0.161061200138448,0.28225427198006175,0.7890136385416336,0.7869706983537194,0.6546358144351114,1.0,1.0,1.0,0.6973940756939315,0.6950250114075947,0.4696941609699677,0.8974063685419956,0.8969792788487173,0.7526454569778374,0.13333333333333333,0.28345675512879565,1.2856149244771782,0.8621015548706055
3,1.0,0.5,0.25,1.0,7,126,10,5,0.16099452540840237,0.28236438244506384,0.7918882297712643,0.7898731236950255,0.6565537666809756,1.0,1.0,1.0,0.6973940756939313,0.6950250114075944,0.4696941609699677,0.8974063685419956,0.8969792788487173,0.7526454569778374,0.13333333333333333,0.28345675512879565,1.285614924477178,3.7991111278533936
3,1.0,0.5,0.25,1.0,8,1000,10,4,0.13362195357110662,0.2776279600598393,0.657727990488107,0.6543503996265424,0.5042947089749789,0.897406368541996,0.8969792788487176,0.7526454569778374,0.6872234146965412,0.6847245017814543,0.5258775014412492,1.0,1.0,1.0,0.13333333333333333,0.28345675512879565,1.4757437703074079,22.289039850234985
3,1.0,0.5,0.25,1.0,9,33,10,4,0.1287382932293508,0.2655584538739915,0.656844185100176,0.6534558248518597,0.4955974431657366,0.9059896953135614,0.9056014712345598,0.78488266182146,0.5497321243178548,0.5461323950882423,0.33889386562087065,0.7820038042783822,0.7812528432163193,0.5787657424083629,0.13333333333333333,0.28345675512879565,1.4821137234099138,0.8863887786865234
3,1.0,0.5,0.5,0.0,0,23,2,2,0.2750494950759947,0.2750494950759947,0.5929643377326672,0.5922487984829552,0.38063760684237313,0.5976802337166615,0.596973854438701,0.39109438552078163,0.6777062527983024,0.6772208286595452,0.5459091534488502,0.6873699192100856,0.6868966530904632,0.5743375335210144,0.6235294117647059,0.7707465334583978,0.027138365934019255,0.5504305362701416
3,1.0,0.5,0.5,0.0,1,31,4,4,0.28999564489917856,0.28967696566936396,0.9041296431413824,0.9037339420232676,0.7760883163884392,0.9000920107272863,0.8996771460213145,0.7622414951112423,0.7858882559572732,0.7851547448691064,0.586753001857982,0.7746891130677099,0.7739081836339227,0.5593213086866492,0.4782608695652174,0.6473539407671144,0.10623625834148834,0.7128713130950928
3,1.0,0.5,0.5,0.0,2,44,3,3,0.2947987351415507,0.2948250570627074,0.7964875200702813,0.7958739447619763,0.6258352922217565,0.8021489417124285,0.8015540214626932,0.6413806962628472,0.652349128612483,0.6514695757814329,0.45216951389927995,0.651892823668452,0.6510099162702464,0.4514820116115285,0.4606741573033708,0.6295102103485337,0.08672119699976662,1.0440516471862793
3,1.0,0.5,0.5,0.0,3,37,10,3,0.1730603581952528,0.3043320702502544,0.6990160197572104,0.6956759608430856,0.5282132650004957,0.7916267295012033,0.7909944647108239,0.6144266258107057,0.7108683746906904,0.7082509934046108,0.5930942093588468,0.8919096298303802,0.8916326823937588,0.8472089812237649,0,0.0,inf,1.0066556930541992
3,1.0,0.5,0.5,0.0,4,25,3,3,0.29218812907527586,0.2924978798475078,0.7964944021672811,0.7958808511897366,0.6258578876687111,0.8021489417124285,0.8015540214626932,0.6413806962628472,0.652357757883099,0.6514782326134035,0.45219051787202735,0.6518928236684518,0.6510099162702462,0.4514820116115285,0.46629213483146065,0.6339362092142247,0.08473502501170044,0.41690707206726074
3,1.0,0.5,0.5,0.0,5,38,10,4,0.1887109149853228,0.2901100453487635,0.7482662394057383,0.7455934503232309,0.6209755791796236,0.9116055475593928,0.9112424542131328,0.8049349549879696,0.6376079868146113,0.6344797356946391,0.4429892431694542,0.7889606460971247,0.7882379262538328,0.5957957470317893,0,0.0,inf,1.1731669902801514
3,1.0,0.5,0.5,0.0,6,77,10,4,0.1602935240966356,0.19517035752964215,0.6715808539536151,0.6679144068772089,0.49527752786217294,0.9116055475593928,0.9112424542131328,0.8049349549879696,0.548048789463583,0.5439306921590049,0.3333599717961311,0.7889606460971247,0.7882379262538328,0.5957957470317893,0,0.0,inf,1.5947980880737305
3,1.0,0.5,0.5,0.0,7,46,10,3,0.16972686847531232,0.29708651198798175,0.6697045932668211,0.666032928027973,0.4987889191635403,0.7852802150932446,0.7846251091678986,0.6010060305727019,0.5465565736372993,0.5424440362264266,0.3367180735201397,0.630488902126393,0.6295363171801378,0.41386322570661177,0,0.0,inf,0.9159026145935059
3,1.0,0.5,0.5,0.0,8,57,3,3,0.2947987351415507,0.2948250570627074,0.7964875200702813,0.7958739447619763,0.6258352922217565,0.8021489417124285,0.8015540214626932,0.6413806962628472,0.652349128612483,0.6514695757814329,0.45216951389927995,0.651892823668452,0.6510099162702464,0.4514820116115285,0.4606741573033708,0.6295102103485337,0.0867211969997666,1.068272590637207
3,1.0,0.5,0.5,0.0,9,34,10,5,0.20813031718490085,0.28591341207834564,0.8387332881842494,0.8370885159000203,0.7762838535933339,1.0,1.0,1.0,0.7400847456678987,0.7379357237022183,0.57013471562998,0.897406368541996,0.8969792788487176,0.7526454569778374,0,0.0,inf,0.6578617095947266
3,1.0,0.5,0.5,0.25,0,73,2,2,0.3008090782574572,0.30080907825745745,0.5916192536088873,0.59090064872952,0.37797664007241627,0.5960908120545209,0.5953808212273226,0.38786077858471907,0.39012433863433876,0.38920475034961693,0.20644409204749883,0.3851413325894215,0.38420931149396687,0.20059074619948228,0.4782608695652174,0.6473539407671144,0.06523662779639604,1.3588595390319824
3,1.0,0.5,0.5,0.25,1,23,10,3,0.14950232813863382,0.2971615786460772,0.6713322150543446,0.6678160064527757,0.5058490222753969,0.7849276230002521,0.7842712471813089,0.5998687124749003,0.6587119440620738,0.6557396370674956,0.5235479040481601,0.884983406868874,0.884686800044098,0.830441303607371,0.3469387755102041,0.4439221830526178,0.5887281935863369,0.4399576187133789
3,1.0,0.5,0.5,0.25,2,35,10,4,0.16998933379990716,0.2874392377062527,0.7324661057778639,0.7296826945669438,0.5797942138434898,0.897406368541996,0.8969792788487176,0.7526454569778374,0.7533034820161225,0.7512184194375425,0.6849931302386766,1.0,1.0,1.0,0.14285714285714285,0.2603488674824264,0.739612177789779,0.674480676651001
3,1.0,0.5,0.5,0.25,3,60,10,3,0.14844871138802354,0.29698042334630065,0.6616125345808207,0.6579923412699163,0.4974901387846221,0.7849276230002521,0.7842712471813089,0.5998687124749003,0.6587119440620737,0.6557396370674955,0.5235479040481601,0.884983406868874,0.884686800044098,0.830441303607371,0.3469387755102041,0.4439221830526178,0.5887281935863369,1.1516389846801758
3,1.0,0.5,0.5,0.25,4,38,10,3,0.1528439776954644,0.30477913860722516,0.6975661830709705,0.6943352965924221,0.528228961218213,0.7916267295012033,0.7909944647108239,0.6144266258107057,0.690858707012006,0.6881705699807461,0.5452616174692183,0.8919096298303802,0.8916326823937588,0.8472089812237649,0.33793103448275863,0.4504504504504504,0.5909077634643606,0.7279040813446045
3,1.0,0.5,0.5,0.25,5,31,10,3,0.14922482872488074,0.2971395961194688,0.668068629674361,0.664517506038491,0.5036851101291164,0.7849276230002521,0.7842712471813089,0.5998687124749003,0.6587119440620738,0.6557396370674956,0.5235479040481601,0.884983406868874,0.884686800044098,0.830441303607371,0.3469387755102041,0.4439221830526178,0.5887281935863369,0.5282149314880371
3,1.0,0.5,0.5,0.25,6,55,4,4,0.28999564489917856,0.28967696566936396,0.9041296431413824,0.9037339420232676,0.7760883163884392,0.9000920107272863,0.8996771460213145,0.7622414951112423,0.7858882559572731,0.7851547448691063,0.586753001857982,0.7746891130677099,0.7739081836339227,0.5593213086866492,0.4782608695652174,0.6473539407671144,0.10623625834148834,1.044023036956787
3,1.0,0.5,0.5,0.25,7,74,10,4,0.17500462324172106,0.2848021215208766,0.7419555135950051,0.7392897152897774,0.5989311334521213,0.9059896953135614,0.9056014712345598,0.78488266182146,0.6333050356176895,0.6302293219136569,0.42389273977135583,0.7820038042783822,0.7812528432163193,0.5787657424083629,0.14285714285714285,0.2603488674824264,0.695499950126273,1.527163028717041
3,1.0,0.5,0.5,0.25,8,52,10,4,0.16955515499375445,0.27415340701042074,0.7257114938493401,0.7228466751509489,0.5683232876297549,0.8974063685419958,0.8969792788487174,0.7526454569778374,0.6143957683985195,0.6111229761284716,0.3980431253372209,0.7713552409379785,0.7705605424897544,0.5510101485183012,0.14285714285714285,0.2603488674824264,0.7690243609913999,1.02610445022583
3,1.0,0.5,0.5,0.25,9,41,10,3,0.13837939801376348,0.2731090586820646,0.6191712236135716,0.6150664082883689,0.4520805247918221,0.792676458447326,0.7920479364188314,0.6178455857756018,0.508080294356837,0.5037613124781031,0.29942608428587403,0.6398829605162113,0.6389611927460442,0.42965422834092154,0.3493150684931507,0.4894058037770612,0.5703003333269283,0.7954151630401611
3,1.0,0.5,0.5,0.5,0,32,10,5,0.17682486816256307,0.28507644485417083,0.8103690713083321,0.8085065662183915,0.6974386720571225,1.0,1.0,1.0,0.712530312689544,0.7102455785504154,0.5031294112266224,0.897406368541996,0.8969792788487176,0.7526454569778374,0.14285714285714285,0.2721829069134458,0.4054761248394648,0.6075043678283691
3,1.0,0.5,0.5,0.5,1,54,4,4,0.28430885921053173,0.284060810452507,0.9077861546703496,0.9074068545396609,0.7897360784811976,0.9083491277292126,0.907971490705844,0.7934094346634827,0.7903747757157538,0.7896593564483267,0.5984933525969508,0.7849276230002519,0.7841885630133323,0.586029113950917,0.46629213483146065,0.6339362092142247,0.10501284289472497,1.0666472911834717
3,1.0,0.5,0.5,0.5,2,40,3,3,0.29728791127725185,0.2973073712175688,0.7964599900015984,0.7958463173618422,0.6257449183498832,0.8019282820082536,0.8013325861275414,0.6406540834881669,0.6523146093044463,0.6514349462179657,0.45208550297897,0.6516133272375468,0.6507295243611372,0.4508122830368131,0.4576271186440678,0.6266536694053753,0.08722072215897936,0.7949845790863037
3,1.0,0.5,0.5,0.5,3,58,2,2,0.3008090782574572,0.30080907825745745,0.5916192536088873,0.59090064872952,0.37797664007241627,0.5960908120545209,0.5953808212273226,0.38786077858471907,0.39012433863433876,0.38920475034961693,0.20644409204749883,0.3851413325894215,0.38420931149396687,0.20059074619948228,0.4782608695652174,0.6473539407671144,0.06523662779639604,1.3217096328735352
3,1.0,0.5,0.5,0.5,4,48,10,4,0.1586146272358956,0.2854502984188129,0.7300096871302207,0.7272555567813895,0.5696715270961016,0.897406368541996,0.8969792788487176,0.7526454569778374,0.7405203765703576,0.7383725228232426,0.644558936403679,1.0,1.0,1.0,0.14285714285714285,0.2721829069134458,0.3788658681705058,1.1882522106170654
3,1.0,0.5,0.5,0.5,5,43,10,4,0.13814470566580045,0.2690041574714765,0.6907662870098816,0.6876288220708322,0.5337372534630713,0.9037907607564276,0.9033926442098374,0.7752391372397232,0.579474688684506,0.5760139101909997,0.3690304947581793,0.7792775881454951,0.7785155100165547,0.5705119925521072,0.16666666666666666,0.332667997338656,0.337873326072065,1.2838008403778076
3,1.0,0.5,0.5,0.5,6,40,10,4,0.1579114193920646,0.2792088979742066,0.712689890172554,0.7097537209076863,0.5617362620775693,0.9037907607564276,0.9033926442098374,0.7752391372397232,0.6024651104653393,0.599168076398254,0.3925006609889091,0.7792775881454951,0.7785155100165547,0.5705119925521072,0.14285714285714285,0.2721829069134458,0.40272075681161007,0.8057794570922852
3,1.0,0.5,0.5,0.5,7,36,10,4,0.15077489729586085,0.2752062111315593,0.7084672674161614,0.705496795684226,0.5495537954238859,0.9037907607564276,0.9033926442098374,0.7752391372397232,0.5982055017103602,0.5948837357429936,0.3822561095325552,0.7792775881454951,0.7785155100165547,0.5705119925521072,0.14285714285714285,0.2721829069134458,0.3760645013677132,0.7315876483917236
3,1.0,0.5,0.5,0.5,8,38,2,2,0.30254059460160804,0.3025405946016079,0.5933918153386777,0.5926772493795246,0.3814880303054271,0.5976802337166613,0.5969738544387009,0.39109438552078163,0.3924399607337398,0.39152520480717656,0.21015328256567536,0.3872439306503139,0.3863163273739962,0.2040240706420313,0.6198830409356725,0.7670320923332972,0.027921690199618477,0.650503396987915
3,1.0,0.5,0.5,0.5,9,111,4,4,0.30330959509333777,0.30324649544915616,0.908286786541069,0.9079097241974984,0.7915753497024844,0.9083491277292126,0.907971490705844,0.7934094346634827,0.7909887969767587,0.7902758452404195,0.6000696491729003,0.7849276230002518,0.7841885630133321,0.586029113950917,0.4606741573033708,0.6295102103485337,0.10749220154333854,2.6783673763275146
3,1.0,0.5,0.5,0.75,0,32,4,4,0.28430885921053173,0.2840608104525071,0.9077861546703496,0.9074068545396609,0.7897360784811976,0.9083491277292126,0.907971490705844,0.7934094346634827,0.7903747757157538,0.7896593564483267,0.5984933525969508,0.7849276230002518,0.7841885630133321,0.586029113950917,0.46629213483146065,0.6339362092142247,0.10501284289472496,0.8608689308166504
3,1.0,0.5,0.5,0.75,1,75,4,4,0.28999564489917856,0.28967696566936385,0.9041296431413824,0.9037339420232676,0.7760883163884392,0.9000920107272863,0.8996771460213145,0.7622414951112423,0.7858882559572731,0.7851547448691063,0.586753001857982,0.7746891130677099,0.7739081836339227,0.5593213086866492,0.4782608695652174,0.6473539407671144,0.10623625834148834,1.7188389301300049
3,1.0,0.5,0.5,0.75,2,39,10,4,0.14244165234143655,0.27244060540868337,0.6732335871293743,0.6699073013365193,0.4990338880759123,0.9037907607564276,0.9033926442098374,0.7752391372397232,0.5648556652913849,0.5612611042089679,0.34036987413415964,0.7792775881454947,0.7785155100165544,0.5705119925521072,0.14285714285714285,0.28514399771884796,0.5513798221060858,0.7261855602264404
3,1.0,0.5,0.5,0.75,3,75,4,4,0.30330959509333777,0.30324649544915616,0.908286786541069,0.9079097241974984,0.7915753497024844,0.9083491277292126,0.907971490705844,0.7934094346634827,0.7909887969767587,0.7902758452404195,0.6000696491729003,0.7849276230002519,0.7841885630133323,0.586029113950917,0.4606741573033708,0.6295102103485337,0.10749220154333854,1.7906434535980225
3,1.0,0.5,0.5,0.75,4,52,10,5,0.16377350736422147,0.2847887650629022,0.8003909375980671,0.7984554663394033,0.6640250827946985,1.0,1.0,1.0,0.702894944876843,0.7005655106409353,0.4754049261584486,0.8974063685419956,0.8969792788487173,0.7526454569778374,0.14285714285714285,0.28514399771884796,0.5125808734267867,1.2971687316894531
3,1.0,0.5,0.5,0.75,5,112,10,4,0.1491005718200955,0.2876147062285145,0.7301754782690356,0.7274840186559584,0.5932622762892193,0.897406368541996,0.8969792788487176,0.7526454569778374,0.7110092555785212,0.7086736073762476,0.5740627466573728,1.0,1.0,1.0,0.14285714285714285,0.28514399771884796,0.5141627682244301,2.683137893676758
3,1.0,0.5,0.5,0.75,6,115,10,3,0.11940163643268319,0.2993653171444341,0.691242572397261,0.6881284276871962,0.5206055551536761,0.8019282820082536,0.8013325861275414,0.6406540834881669,0.5835200080025695,0.5801137350220632,0.35878865185152387,0.6516133272375468,0.6507295243611372,0.4508122830368131,0.33793103448275863,0.5334784975503538,0.3817025310719744,3.0675785541534424
3,1.0,0.5,0.5,0.75,7,28,4,4,0.2913748138964658,0.2912005202031931,0.9090437908389912,0.9086701087019787,0.7943429996270311,0.9137594533047027,0.9134059329538328,0.8127690521941776,0.7919171422000004,0.7912079172740434,0.6024389496913674,0.7916267295012032,0.7909147573609078,0.602400964174539,0.4576271186440678,0.6266536694053753,0.10767356047338157,0.7321679592132568
3,1.0,0.5,0.5,0.75,8,112,4,4,0.30330959509333777,0.30324649544915616,0.908286786541069,0.9079097241974984,0.7915753497024844,0.9083491277292126,0.907971490705844,0.7934094346634827,0.7909887969767587,0.7902758452404195,0.6000696491729003,0.7849276230002519,0.7841885630133323,0.586029113950917,0.4606741573033708,0.6295102103485337,0.10749220154333854,3.3110573291778564
3,1.0,0.5,0.5,0.75,9,49,10,3,0.10460186350483724,0.26124008423880396,0.603670768883535,0.5995316648771821,0.418514160902436,0.7375733655715295,0.7367405406672014,0.4724246305454723,0.5228934299945297,0.5188418168682067,0.3124547685742921,0.8357447021357427,0.8353020509100345,0.6777225590952062,0.16666666666666666,0.3522367030644593,0.482671640251087,1.419933795928955
3,1.0,0.5,0.5,1.0,0,54,10,3,0.09089283951492082,0.27959272160212756,0.5852330452646394,0.5811530040645174,0.39334985864801275,0.7921997857472497,0.7915695648752535,0.6162892627615703,0.46848190655850225,0.4642493470522473,0.25444641694658887,0.6392779718964172,0.6383542378752756,0.4282009089578253,0.23684210526315788,0.4430660168365086,0.8452336487763026,1.0672156810760498
3,1.0,0.5,0.5,1.0,1,41,10,4,0.12683956857205128,0.289025513660707,0.703112412039132,0.7002277941722723,0.5221657359222426,0.9083491277292126,0.907971490705844,0.7934094346634827,0.601751022322273,0.5986213749794694,0.36135604500269236,0.7849276230002518,0.7841885630133321,0.586029113950917,0.22602739726027396,0.4327471576379873,0.7658041549076267,0.7703611850738525
3,1.0,0.5,0.5,1.0,2,34,10,4,0.1265816201690728,0.2686283031245362,0.6987722501453251,0.6958215613746563,0.5295802613104705,0.897406368541996,0.8969792788487176,0.7526454569778374,0.6753944212903095,0.672821204988847,0.5086986116409113,1.0,1.0,1.0,0.14285714285714285,0.29754156283705874,0.9475058051746508,0.643528938293457
3,1.0,0.5,0.5,1.0,3,38,10,4,0.09852463537137646,0.2347924685807888,0.6330758393044006,0.6294878073886687,0.4254144632693576,0.9083491277292126,0.907971490705844,0.7934094346634827,0.5209253380615015,0.5171344854639102,0.2811231960892521,0.7849276230002518,0.7841885630133321,0.586029113950917,0.2222222222222222,0.40795512493625696,0.7604130294545549,0.7417726516723633
3,1.0,0.5,0.5,1.0,4,112,10,5,0.14944176045193244,0.28043608858329916,0.7797623880792847,0.7776505080452285,0.6245686839521244,1.0,1.0,1.0,0.6816251221349027,0.6791581738416976,0.4432345390455983,0.897406368541996,0.8969792788487176,0.7526454569778374,0.14285714285714285,0.29754156283705874,0.7903462131763792,2.360828399658203
3,1.0,0.5,0.5,1.0,5,41,10,4,0.12023825171388225,0.26942767693488356,0.6748472785974299,0.671692548202453,0.5006064398639493,0.9116055475593928,0.9112424542131328,0.8049349549879696,0.5670068478798739,0.5636093942644469,0.34318848745385694,0.7889606460971244,0.7882379262538325,0.5957957470317893,0.14285714285714285,0.29754156283705874,0.9209202135879264,0.7169878482818604
3,1.0,0.5,0.5,1.0,6,75,10,5,0.1494910284372872,0.27955887808477187,0.7783889745826938,0.7762638708106687,0.6268420317508934,1.0,1.0,1.0,0.6801387024042438,0.6776601690754344,0.44505984759563116,0.897406368541996,0.8969792788487176,0.7526454569778374,0.14285714285714285,0.29754156283705874,0.7902510563731735,1.5207221508026123
3,1.0,0.5,0.5,1.0,7,57,10,4,0.11754756389130273,0.26237005778104433,0.6736306530027496,0.670453690320674,0.48406761574394097,0.9059896953135614,0.9056014712345598,0.78488266182146,0.565323938108115,0.5619012143331235,0.32952810279226225,0.7820038042783822,0.7812528432163193,0.5787657424083629,0.14285714285714285,0.29754156283705874,0.9378131652702493,1.3581156730651855
3,1.0,0.5,0.5,1.0,8,36,10,3,0.09077276476141755,0.2714364845355982,0.5768737032748807,0.5727356835831432,0.42814698445358285,0.789789857030486,0.789150994948784,0.6112350182388241,0.4625707233278395,0.4583178790529184,0.2839934514403161,0.636218386690312,0.6352846396218612,0.42347263580084515,0.16666666666666666,0.3303737352880446,0.8915484802216092,0.8747973442077637
3,1.0,0.5,0.5,1.0,9,29,10,5,0.14538888377331832,0.27605827092579804,0.7835518252903139,0.7814775844322029,0.6264451389908495,1.0,1.0,1.0,0.6857806604567742,0.6833475429525281,0.4447175915404752,0.897406368541996,0.8969792788487176,0.7526454569778374,0.14285714285714285,0.29754156283705874,0.7724756037998786,0.5002129077911377
3,1.0,0.5,0.75,0.0,0,47,10,4,0.1735519905081568,0.2847568831539616,0.7360431933743412,0.7333371262168479,0.6162535881052345,0.9116055475593928,0.9112424542131328,0.8049349549879696,0.6277564136413452,0.6246598908705779,0.43817820531142443,0.7889606460971247,0.7882379262538328,0.5957957470317893,0,0.0,inf,1.317194938659668
3,1.0,0.5,0.75,0.0,1,45,10,3,0.14121369158403427,0.2879626188458006,0.641492304017717,0.6376883199244785,0.4775302741402123,0.8019282820082536,0.8013325861275414,0.6406540834881669,0.521000210389973,0.516865613994691,0.320006193516681,0.6516133272375468,0.6507295243611372,0.4508122830368131,0,0.0,inf,0.9075095653533936
3,1.0,0.5,0.75,0.0,2,91,10,3,0.1261296567539207,0.26765259254734464,0.5945156561266834,0.5901882809713399,0.4480082459955041,0.792676458447326,0.7920479364188314,0.6178455857756018,0.48169869019228806,0.47719675525889294,0.2963615576542384,0.6398829605162113,0.6389611927460442,0.42965422834092154,0,0.0,inf,1.9067609310150146
3,1.0,0.5,0.75,0.0,3,148,10,4,0.16702299265755668,0.2772649815764237,0.7110474362350547,0.7080648107480342,0.5826673605438485,0.9059896953135614,0.9056014712345598,0.78488266182146,0.5998237208899522,0.5964701827896829,0.4101545514941471,0.7820038042783822,0.7812528432163193,0.5787657424083629,0,0.0,inf,3.3428587913513184
3,1.0,0.5,0.75,0.0,4,121,10,4,0.15681319407273953,0.274926372456595,0.7104112792623783,0.7074120427501861,0.5666395267385229,0.9000920107272863,0.8996771460213145,0.7622414951112423,0.6125085295863122,0.6092494791196832,0.3996188980288518,0.7746891130677099,0.7739081836339227,0.5593213086866492,0,0.0,inf,2.5301239490509033
3,1.0,0.5,0.75,0.0,5,109,10,3,0.13285011443758213,0.27966317711329747,0.6057849019337638,0.6015951942888879,0.4446295672794805,0.7916267295012033,0.7909944647108239,0.6144266258107057,0.6220743433282273,0.6188064074293564,0.5251652901349253,0.8919096298303802,0.8916326823937588,0.8472089812237649,0,0.0,inf,2.351933479309082
3,1.0,0.5,0.75,0.0,6,33,10,3,0.13473750511125526,0.28764963037426244,0.6139003908600278,0.6098042684618712,0.4569436432377565,0.8021489417124285,0.8015540214626932,0.6413806962628472,0.5076802948526318,0.5034314320549076,0.30650297992032094,0.6518928236684518,0.6510099162702462,0.4514820116115285,0,0.0,inf,0.6136021614074707
3,1.0,0.5,0.75,0.0,7,112,10,4,0.1391059467777478,0.22858579800203646,0.640328058621022,0.6365125642653798,0.4516139504175846,0.9083491277292126,0.907971490705844,0.7934094346634827,0.5514169927099116,0.5475458738296969,0.321215452086628,0.7849276230002519,0.7841885630133323,0.586029113950917,0,0.0,inf,3.0521278381347656
3,1.0,0.5,0.75,0.0,8,71,10,5,0.18472899960090677,0.28112856118147533,0.822464485306011,0.8206930098043381,0.7326633108124699,1.0,1.0,1.0,0.724255762601266,0.7220274737509784,0.5327853920734307,0.897406368541996,0.8969792788487176,0.7526454569778374,0,0.0,inf,1.4109721183776855
3,1.0,0.5,0.75,0.0,9,114,10,3,0.13720726638806138,0.2788013689349286,0.6189757614077905,0.6149341032794228,0.46712588169837455,0.8021489417124285,0.8015540214626932,0.6413806962628472,0.4965266553029061,0.4921822561617102,0.31110288066891,0.6518928236684518,0.6510099162702462,0.4514820116115285,0,0.0,inf,2.423799514770508
3,1.0,0.5,0.75,0.25,0,110,10,4,0.15654371968221759,0.2817849072409552,0.7296005709070169,0.7268813288500807,0.6001793597841871,0.9059896953135614,0.9056014712345598,0.78488266182146,0.6226101991323963,0.619533977463727,0.42452248802618664,0.7820038042783822,0.7812528432163193,0.5787657424083629,0.2,0.332667997338656,0.9441381418320814,3.0904786586761475
3,1.0,0.5,0.75,0.25,1,111,10,4,0.15626353283045907,0.2819245105585304,0.7261150999442723,0.7233697878654094,0.599760464951139,0.9116055475593928,0.9112424542131328,0.8049349549879696,0.6191992460147111,0.6161061401046333,0.4240708161519615,0.7889606460971244,0.7882379262538325,0.5957957470317893,0.15384615384615385,0.2721829069134458,1.1059798989673926,2.528580904006958
3,1.0,0.5,0.75,0.25,2,126,10,4,0.15353631640066728,0.2754348456036986,0.7070549032761926,0.7041062805856032,0.5682565726181693,0.9059896953135614,0.9056014712345598,0.78488266182146,0.5980686345612243,0.5947892102382576,0.39801434276599723,0.7820038042783822,0.7812528432163193,0.5787657424083629,0.15384615384615385,0.2721829069134458,1.1078863940055947,3.0656843185424805
3,1.0,0.5,0.75,0.25,3,32,10,4,0.11363531327070761,0.2121401349749832,0.6210973833592349,0.6171887109198255,0.43646324366693706,0.9083491277292126,0.907971490705844,0.7934094346634827,0.5019453123857949,0.49777299634951433,0.28634539223081873,0.7849276230002518,0.7841885630133321,0.586029113950917,0.2727272727272727,0.37255300413195147,0.934221709154634,0.6226122379302979
3,1.0,0.5,0.75,0.25,4,79,10,3,0.11199184974967497,0.2646538365070611,0.5839951655755609,0.5796762284586704,0.42615397320023346,0.792676458447326,0.7920479364188314,0.6178455857756018,0.4772021715431541,0.47279223683909005,0.2811512699357781,0.6398829605162113,0.6389611927460442,0.42965422834092154,0.25547445255474455,0.35994899008597636,0.9140891100255848,2.1404459476470947
3,1.0,0.5,0.75,0.25,5,115,10,5,0.17634951635129958,0.2851415186508605,0.8103690713083321,0.8085065662183915,0.6974386720571225,1.0,1.0,1.0,0.712530312689544,0.7102455785504154,0.5031294112266224,0.8974063685419956,0.8969792788487173,0.7526454569778374,0.15384615384615385,0.2721829069134458,1.0097068188114846,2.4881062507629395
3,1.0,0.5,0.75,0.25,6,114,10,4,0.14339779033231806,0.2693161548659392,0.6765914627480165,0.6733198799187192,0.5287079635066284,0.9037907607564276,0.9033926442098374,0.7752391372397232,0.5809922876686483,0.5775550200337685,0.3696712044756291,0.7792775881454951,0.7785155100165547,0.5705119925521072,0.15384615384615385,0.2721829069134458,1.0930694543717097,2.704031229019165
3,1.0,0.5,0.75,0.25,7,110,10,3,0.1181829569500723,0.2715411053110217,0.5881402641823811,0.5838895305995327,0.42533464255065945,0.7852802150932446,0.7846251091678986,0.6010060305727019,0.4823578931156805,0.47801919228540213,0.28111477525458967,0.630488902126393,0.6295363171801378,0.41386322570661177,0.3333333333333333,0.5005005005005004,0.8290346424521385,2.9360830783843994
3,1.0,0.5,0.75,0.25,8,1000,10,4,0.13224593459765135,0.24398577761434045,0.6591676698773745,0.6556744975783819,0.47603743931686626,0.9083491277292126,0.907971490705844,0.7934094346634827,0.5440920541556137,0.5402995265407,0.3204038348957452,0.7849276230002518,0.7841885630133321,0.586029113950917,0.24,0.3217503217503217,0.9757822462665426,24.930336236953735
3,1.0,0.5,0.75,0.25,9,116,10,5,0.151599910536926,0.23111744012337312,0.7548484669829316,0.7523803329769855,0.5739062333839942,1.0,1.0,1.0,0.6498588905202689,0.6470012881055595,0.4027115192492984,0.897406368541996,0.8969792788487176,0.7526454569778374,0.3333333333333333,0.5005005005005004,0.836423291911747,2.611053705215454
3,1.0,0.5,0.75,0.5,0,25,10,5,0.13499635225955137,0.22985710916169874,0.7317029577659294,0.7290554336971972,0.5434368744071956,1.0,1.0,1.0,0.626786195692083,0.6238045652381097,0.3776563594174667,0.8974063685419956,0.8969792788487173,0.7526454569778374,0.3880597014925373,0.5422088755422089,0.2814963170913857,0.48426151275634766
3,1.0,0.5,0.75,0.5,1,51,10,3,0.10778948140071988,0.2862651950281771,0.5896096508214344,0.5853752332467443,0.37938335589856764,0.7303232410180941,0.7294623299636516,0.45744797462502,0.5606858432951266,0.5570034285185996,0.3432846804115375,0.8281626276133816,0.8276964442337125,0.6590455003918929,0.47058823529411764,0.6552006552006552,0.2298377307457964,0.9977242946624756
3,1.0,0.5,0.75,0.5,2,57,10,4,0.12121702872107958,0.25671528285903766,0.6695230786546237,0.666249703685702,0.5032699306005417,0.9083491277292126,0.907971490705844,0.7934094346634827,0.5808287868709676,0.5774664460557066,0.35311693280448264,0.7849276230002518,0.7841885630133321,0.586029113950917,0.3333333333333333,0.47729849054352363,0.39621099386932634,1.6357433795928955
3,1.0,0.5,0.75,0.5,3,53,10,4,0.12493248343988989,0.26107922064064115,0.676806326125452,0.6735764516871212,0.49550206643829176,0.8974063685419958,0.8969792788487174,0.7526454569778374,0.5658989450620346,0.5623832961229664,0.3374457917893313,0.7713552409379785,0.7705605424897544,0.5510101485183012,0.1951219512195122,0.3281109014847018,0.43779469693974227,1.4673359394073486
3,1.0,0.5,0.75,0.5,4,1000,10,4,0.14072770423652742,0.2818246254277721,0.7096184529807444,0.7067499550121962,0.5677201828723092,0.9059896953135614,0.9056014712345598,0.78488266182146,0.6027574085071278,0.599580182156287,0.3975846275454495,0.7820038042783822,0.7812528432163193,0.5787657424083629,0.2,0.374251497005988,0.47273134367894704,23.2889666557312
3,1.0,0.5,0.75,0.5,5,53,10,4,0.14257332220935318,0.2957815458571911,0.7250674754308054,0.7223487592907243,0.5454669544627384,0.9083491277292126,0.907971490705844,0.7934094346634827,0.6416803079762656,0.6388111775756168,0.39360374705846757,0.7849276230002519,0.7841885630133323,0.586029113950917,0.38461538461538464,0.5401084537775185,0.3780929338117046,1.565786361694336
3,1.0,0.5,0.75,0.5,6,54,10,4,0.10221491194512032,0.20458702702472348,0.6026773237534633,0.5986576152694959,0.4149850184243085,0.9037907607564276,0.9033926442098374,0.7752391372397232,0.5020358975734256,0.49794974718498486,0.2752538107884399,0.7792775881454947,0.7785155100165544,0.5705119925521072,0.25547445255474455,0.3808155982069026,0.3391270879591909,1.3261470794677734
3,1.0,0.5,0.75,0.5,7,53,10,4,0.13221342426989044,0.28302416202372904,0.7010365878936914,0.6980724266027523,0.5194206890157783,0.9000920107272863,0.8996771460213145,0.7622414951112423,0.6058800009431979,0.6027152377297468,0.36125699017884816,0.7746891130677099,0.7739081836339227,0.5593213086866492,0.38461538461538464,0.5401084537775185,0.3513453500290801,1.6138668060302734
3,1.0,0.5,0.75,0.5,8,46,10,5,0.13736693526945373,0.2169405860428372,0.7188015385477373,0.7160076985900761,0.5252960665794417,1.0,1.0,1.0,0.6120687226579875,0.6089466870967256,0.36251320609803467,0.897406368541996,0.8969792788487176,0.7526454569778374,0.38461538461538464,0.5401084537775185,0.27552846755890686,1.2147395610809326
3,1.0,0.5,0.75,0.5,9,110,10,3,0.1017489975790057,0.2724925716872134,0.6041802138750778,0.600210507734511,0.46081317367251295,0.7889606460971246,0.7883188157233194,0.6085417084158432,0.486820100036936,0.48264848707313146,0.30871123759733166,0.6351652836494971,0.6342280982950598,0.42094768363328244,0.2,0.374251497005988,0.5158463599568769,3.421384334564209
3,1.0,0.5,0.75,0.75,0,51,10,4,0.1176986496621996,0.26342041101409436,0.6705636339364875,0.6673092568740707,0.48612625011435523,0.8974063685419958,0.8969792788487174,0.7526454569778374,0.5603704981443164,0.5568537000261043,0.3302031590985141,0.7713552409379785,0.7705605424897544,0.5510101485183012,0.1951219512195122,0.3629105425512611,0.4673937604335622,1.4179561138153076
3,1.0,0.5,0.75,0.75,1,37,10,4,0.12037748964308835,0.26213049137943895,0.6807800432499795,0.6776387902768714,0.520866646555546,0.9116055475593928,0.9112424542131328,0.8049349549879696,0.5889960653167848,0.58572195220933,0.36493568208244137,0.7889606460971244,0.7882379262538325,0.5957957470317893,0.17777777777777778,0.3281109014847018,0.5181258435301291,1.083789348602295
3,1.0,0.5,0.75,0.75,2,38,10,3,0.08411631454988476,0.26484864651765744,0.5867463581063643,0.5826493555823615,0.41052962506301316,0.7916267295012034,0.790994464710824,0.6144266258107057,0.4942282586102758,0.4901668940009886,0.2788506763990127,0.6385505741240013,0.637624474122608,0.42645992265876403,0.2589928057553957,0.4174058228112282,0.33582553748919597,1.0557663440704346
3,1.0,0.5,0.75,0.75,3,40,10,5,0.1527501050427351,0.28433758700225314,0.7925402398134351,0.7905487480068693,0.6353006042681542,1.0,1.0,1.0,0.6953312873325698,0.6929678478862097,0.4518812733574813,0.8974063685419956,0.8969792788487173,0.7526454569778374,0.15384615384615385,0.2994011976047904,0.5828812663710374,1.133873701095581
3,1.0,0.5,0.75,0.75,4,1000,10,4,0.12301919386680334,0.2720954038182722,0.7073009927837357,0.7044460804457561,0.5422678327354566,0.9116055475593928,0.9112424542131328,0.8049349549879696,0.6015308943831214,0.5983865468521804,0.37683797198935415,0.7889606460971247,0.7882379262538328,0.5957957470317893,0.2,0.39920159680638717,0.4682388919684619,28.552790880203247
3,1.0,0.5,0.75,0.75,5,28,10,4,0.11939267641345074,0.2677844463245443,0.6921915585009076,0.6891714407125158,0.5049330550448253,0.9137594533047027,0.9134059329538328,0.8127690521941776,0.584531774652762,0.5812323731420204,0.34606806734973616,0.7916267295012033,0.7909147573609079,0.602400964174539,0.4444444444444444,0.6363979873913649,0.3127786574977578,0.7845613956451416
3,1.0,0.5,0.75,0.75,6,26,10,5,0.14840087807449812,0.2659781641705038,0.7739088626637445,0.7717312808947444,0.643670207273193,1.0,1.0,1.0,0.674861482809381,0.6723302256428008,0.4588115341840306,0.8974063685419956,0.8969792788487173,0.7526454569778374,0.1951219512195122,0.3601818918553869,0.4853118912305395,0.6369123458862305
3,1.0,0.5,0.75,0.75,7,37,10,4,0.13057232597101556,0.28095915874385846,0.7259890904309284,0.7233150592248353,0.5459292990576396,0.9083491277292126,0.907971490705844,0.7934094346634827,0.621694970074546,0.618708074867444,0.37981989699332286,0.7849276230002519,0.7841885630133323,0.586029113950917,0.3333333333333333,0.5299417064122947,0.39336798079464597,0.732825756072998
3,1.0,0.5,0.75,0.75,8,52,10,4,0.12853546272902147,0.27580514060691247,0.7051069579282379,0.7022121557440104,0.5542537619611071,0.897406368541996,0.8969792788487176,0.7526454569778374,0.6878670172976,0.6853869643649536,0.5317014061054397,1.0,1.0,1.0,0.19753086419753085,0.36849378166743435,0.44943439579435296,1.0989630222320557
3,1.0,0.5,0.75,0.75,9,51,10,5,0.12732006444870178,0.22357851654156508,0.6900811517131337,0.6870538383463636,0.4916863078003481,1.0,1.0,1.0,0.6064142145523397,0.603303553265872,0.3461311187033923,0.897406368541996,0.8969792788487176,0.7526454569778374,0.15384615384615385,0.2994011976047904,0.5878658229116813,1.3627195358276367
3,1.0,0.5,0.75,1.0,0,33,10,5,0.13653725583347656,0.2759390783801109,0.7739037883041948,0.7717532246641338,0.5981450661606525,1.0,1.0,1.0,0.6830449063527345,0.680610004809402,0.42444842129158744,0.8974063685419956,0.8969792788487173,0.7526454569778374,0.15384615384615385,0.3130992916128527,0.7385786332625981,0.9379973411560059
3,1.0,0.5,0.75,1.0,1,45,10,4,0.11960175556813166,0.2928958136101839,0.7073978078711166,0.7045959158590868,0.5195450292743835,0.9083491277292126,0.907971490705844,0.7934094346634827,0.6083910449043066,0.6053609939700182,0.35959011881034686,0.7849276230002519,0.7841885630133323,0.586029113950917,0.308411214953271,0.5215742057847321,0.5742058752341339,1.2778651714324951
3,1.0,0.5,0.75,1.0,2,75,10,4,0.10782040231414032,0.26336939112839713,0.6957669222814765,0.6928508198465697,0.5357776083823873,0.897406368541996,0.8969792788487176,0.7526454569778374,0.6483988478549878,0.6456755125522811,0.4217726952165599,1.0,1.0,1.0,0.2,0.37135032261059275,0.6894771547716888,2.033583164215088
3,1.0,0.5,0.75,1.0,3,1000,10,4,0.1073201878661957,0.2616142083914079,0.6224922801437883,0.6188524410372132,0.44639796261883985,0.9059896953135614,0.9056014712345598,0.78488266182146,0.5153245278862443,0.5115467296568602,0.3003290398517304,0.7820038042783822,0.7812528432163193,0.5787657424083629,0.19753086419753085,0.36849378166743435,0.7503977746624118,23.98597240447998
3,1.0,0.5,0.75,1.0,4,81,10,4,0.11920844493572644,0.29310644357997917,0.7058489490835196,0.7030320622314254,0.5153222561150617,0.9083491277292126,0.907971490705844,0.7934094346634827,0.6055830498381847,0.6025310814380458,0.35600438836315884,0.7849276230002518,0.7841885630133321,0.586029113950917,0.3055555555555556,0.5188434507806234,0.5805962629177595,2.2994227409362793
3,1.0,0.5,0.75,1.0,5,115,10,4,0.11885534624088302,0.29414043131956746,0.7037942976685492,0.700956140585279,0.5042764248059204,0.9083491277292126,0.907971490705844,0.7934094346634827,0.6271716715301774,0.6242850113608268,0.3619333004309021,0.7849276230002518,0.7841885630133321,0.586029113950917,0.30701754385964913,0.5281663573120859,0.612809749621414,3.512407064437866
3,1.0,0.5,0.75,1.0,6,39,10,4,0.09673873457257384,0.2399353904681843,0.6326292912102601,0.6291070958865662,0.4427863274946108,0.9059896953135614,0.9056014712345598,0.78488266182146,0.5226357126229714,0.5189372475910745,0.2971759108930401,0.7820038042783822,0.7812528432163193,0.5787657424083629,0.2,0.37135032261059275,0.6775690334136253,1.1086044311523438
3,1.0,0.5,0.75,1.0,7,45,10,5,0.13689225133577793,0.27611440746376936,0.7786054065909227,0.7764994274196015,0.602931514143237,1.0,1.0,1.0,0.6811305317841929,0.6786807545996857,0.42573108385769065,0.897406368541996,0.8969792788487176,0.7526454569778374,0.15384615384615385,0.3130992916128527,0.737257421920227,1.3090391159057617
3,1.0,0.5,0.75,1.0,8,1000,10,4,0.10608035461142504,0.2623664272508553,0.6275980545986767,0.6240139498337494,0.44021813518960035,0.9059896953135614,0.9056014712345598,0.78488266182146,0.539080632079522,0.5354949175589564,0.3043696033424705,0.7820038042783822,0.7812528432163193,0.5787657424083629,0.18181818181818182,0.34966563223917124,0.7156930245744448,22.291478872299194
3,1.0,0.5,0.75,1.0,9,49,10,4,0.1182388980905237,0.29112709055345837,0.7070695138026316,0.7042643154782469,0.515770457718457,0.9083491277292126,0.907971490705844,0.7934094346634827,0.606718826671507,0.6036756468262299,0.3562922692814055,0.7849276230002519,0.7841885630133323,0.586029113950917,0.3055555555555556,0.5188434507806234,0.5805962629177592,0.9670143127441406
3,1.0,0.5,1.0,0.0,0,47,10,3,0.10102635214981968,0.2566249746924286,0.5636387436343617,0.5591707909883683,0.39836472274243606,0.8021489417124285,0.8015540214626932,0.6413806962628472,0.4404448085690834,0.43579464667275386,0.2548735939111842,0.6518928236684518,0.6510099162702462,0.4514820116115285,0,0.0,inf,1.3163394927978516
3,1.0,0.5,1.0,0.0,1,53,10,3,0.100525191511163,0.2564902582424326,0.5424787312464092,0.5377888710065932,0.4127691533025111,0.7921997857472497,0.7915695648752535,0.6162892627615703,0.43021985397543555,0.4254789892187415,0.2695338253620039,0.6392779718964172,0.6383542378752756,0.4282009089578253,0,0.0,inf,1.4086313247680664
3,1.0,0.5,1.0,0.0,2,116,10,5,0.12139151808582734,0.19033434381126318,0.6592815849814487,0.6558434147954381,0.48740952040801583,1.0,1.0,1.0,0.5459310093373099,0.5422158746625528,0.33050227867636256,0.8974063685419956,0.8969792788487173,0.7526454569778374,0,0.0,inf,3.4079811573028564
3,1.0,0.5,1.0,0.0,3,174,10,4,0.13562229924880725,0.25301442141016606,0.6429630722267412,0.6393616092382776,0.5069448756343617,0.897406368541996,0.8969792788487176,0.7526454569778374,0.6652872052674815,0.6625497569418092,0.5761476832067435,1.0,1.0,1.0,0,0.0,inf,4.136680841445923
3,1.0,0.5,1.0,0.0,4,1000,10,4,0.11183066969033406,0.20189481282954092,0.5749167377830929,0.5705343560116118,0.402621618378867,0.897406368541996,0.8969792788487176,0.7526454569778374,0.596549051058607,0.5931713141554354,0.4932481090325252,1.0,1.0,1.0,0,0.0,inf,20.692057609558105
3,1.0,0.5,1.0,0.0,5,36,10,3,0.12057899936313714,0.28422951355734216,0.6033478787060438,0.5992856221537471,0.45144132311403234,0.8021489417124285,0.8015540214626932,0.6413806962628472,0.5169850748280413,0.5129700462614964,0.3098302099480734,0.651892823668452,0.6510099162702464,0.4514820116115285,0,0.0,inf,1.049022912979126
3,1.0,0.5,1.0,0.0,6,1000,10,4,0.11944898804797358,0.23547438641040871,0.603998399454503,0.60002469328727,0.4493975920535281,0.9116055475593928,0.9112424542131328,0.8049349549879696,0.5061467661741932,0.5021304708513692,0.31256082206783564,0.7889606460971247,0.7882379262538328,0.5957957470317893,0,0.0,inf,23.32421350479126
3,1.0,0.5,1.0,0.0,7,54,10,4,0.12332773856735522,0.2149542615856502,0.6110193990897393,0.6070320302367567,0.4605181980880306,0.897406368541996,0.8969792788487176,0.7526454569778374,0.6238076797515097,0.6206774901453642,0.5309502620116833,1.0,1.0,1.0,0,0.0,inf,1.7737314701080322
3,1.0,0.5,1.0,0.0,8,30,10,3,0.10317402665378722,0.24931549151696736,0.5438016753180005,0.5391264782070012,0.40415373097182017,0.7849276230002521,0.7842712471813089,0.5998687124749003,0.5500654894262621,0.546322758352169,0.48023288875971604,0.884983406868874,0.884686800044098,0.830441303607371,0,0.0,inf,0.6024997234344482
3,1.0,0.5,1.0,0.0,9,113,10,4,0.12421900429817831,0.24402188922904572,0.6260173749151381,0.622239943682379,0.48437791941930625,0.9116055475593928,0.9112424542131328,0.8049349549879696,0.5318828142080875,0.5280488063402273,0.3448888902529071,0.7889606460971244,0.7882379262538325,0.5957957470317893,0,0.0,inf,3.514669418334961
3,1.0,0.5,1.0,0.25,0,75,10,3,0.09932238092515952,0.2693900486347216,0.5832737063805109,0.5791042408840835,0.42199852543658817,0.8021489417124285,0.8015540214626932,0.6413806962628472,0.4644218394773243,0.4600791207855263,0.27651472171961905,0.6518928236684518,0.6510099162702462,0.4514820116115285,0.24242424242424243,0.35519390358100034,1.4653930075532575,2.1691954135894775
3,1.0,0.5,1.0,0.25,1,113,10,4,0.10771742845591588,0.22299039629094397,0.5958616456877212,0.5918178764927483,0.4168604521574471,0.897406368541996,0.8969792788487176,0.7526454569778374,0.6073336980704983,0.6041495640740697,0.4842597138609375,1.0,1.0,1.0,0.24242424242424243,0.38748425845200035,1.399014822095485,2.9037868976593018
3,1.0,0.5,1.0,0.25,2,114,10,4,0.12069850871776487,0.24647128500309604,0.6408068197163475,0.6372373552362153,0.49103912807635247,0.9116055475593928,0.9112424542131328,0.8049349549879696,0.5532638122132669,0.5496676474196457,0.34974593724861985,0.7889606460971244,0.7882379262538325,0.5957957470317893,0.24242424242424243,0.3526658330928793,1.3919818442247973,3.5494844913482666
3,1.0,0.5,1.0,0.25,3,22,10,4,0.11685956980416246,0.23968775142228305,0.6216928014437061,0.6179414453562265,0.4523110398959219,0.9116055475593928,0.9112424542131328,0.8049349549879696,0.5070775615482908,0.5031187372743261,0.3022484063071515,0.7889606460971244,0.7882379262538325,0.5957957470317893,0.24242424242424243,0.35519390358100034,1.294407026669997,0.5671441555023193
3,1.0,0.5,1.0,0.25,4,1000,10,3,0.0740723721373361,0.2286898401994576,0.49823590941645274,0.4931867175906297,0.31905927302888887,0.7916267295012034,0.790994464710824,0.6144266258107057,0.39339465887794317,0.3884455109667458,0.19790600579160686,0.6385505741240013,0.637624474122608,0.42645992265876403,0.23741007194244604,0.3370717656431942,1.4322152077494015,20.88483214378357
3,1.0,0.5,1.0,0.25,5,60,10,3,0.09500904141843886,0.24404464502257053,0.5008671152895768,0.49581006230703234,0.3406194126171414,0.7303232410180941,0.7294623299636516,0.45744797462502,0.4837378830285962,0.47949471615286937,0.34801332665466694,0.8281626276133816,0.8276964442337125,0.6590455003918929,0.2033898305084746,0.3227107704719645,1.37443270153887,1.4842567443847656
3,1.0,0.5,1.0,0.25,6,89,10,5,0.1164742604764013,0.19316457982333315,0.6416278104076462,0.6380732788115314,0.46704591961662667,1.0,1.0,1.0,0.5500586446369333,0.5464440847478667,0.33065923731263724,0.8974063685419956,0.8969792788487173,0.7526454569778374,0.24242424242424243,0.3564715794931622,1.3007113925136027,2.244248867034912
3,1.0,0.5,1.0,0.25,7,111,10,3,0.09340754801083273,0.24916084831704838,0.5551241735179641,0.5506482057608449,0.4085936569063512,0.7889606460971244,0.7883188157233192,0.6085417084158432,0.5465357653729431,0.5428367711559596,0.368605937420524,0.8891543252970434,0.8888695855552406,0.8404468849639695,0.24242424242424243,0.37395886452490223,1.4991863665092304,2.3700037002563477
3,1.0,0.5,1.0,0.25,8,49,10,4,0.09719954521824445,0.19974732531910988,0.5725374220150007,0.5682750390031284,0.3779146067634443,0.9083491277292126,0.907971490705844,0.7934094346634827,0.45728627063238436,0.4529017817718549,0.24109433434726457,0.7849276230002518,0.7841885630133321,0.586029113950917,0.24242424242424243,0.3855996073894906,1.471285606033065,1.393613576889038
3,1.0,0.5,1.0,0.25,9,1000,10,4,0.13398238147658856,0.2565569274110314,0.6492061050292897,0.6457355792869679,0.5263994189232938,0.897406368541996,0.8969792788487176,0.7526454569778374,0.6569613362423389,0.6542131144207938,0.5366053858820938,1.0,1.0,1.0,0.24242424242424243,0.4110574452779776,1.2609680607315759,20.596274375915527
3,1.0,0.5,1.0,0.5,0,1000,10,3,0.09488111372287274,0.26350209413751563,0.5908593404023704,0.5867928478090835,0.45799351070032385,0.7889606460971244,0.7883188157233192,0.6085417084158432,0.5603531211474067,0.5568131661716788,0.39903037753556464,0.8891543252970434,0.8888695855552406,0.8404468849639695,0.28448275862068967,0.39798834979557873,0.7280514637934409,21.54859733581543
3,1.0,0.5,1.0,0.5,1,1000,10,4,0.11491492917687764,0.24947816168581713,0.6423082747627364,0.6388245997085304,0.48621721453698685,0.9116055475593928,0.9112424542131328,0.8049349549879696,0.531391143991233,0.5276991975509252,0.331276063233692,0.7889606460971247,0.7882379262538328,0.5957957470317893,0.3333333333333333,0.42900042900042895,0.6146390256339869,21.49604344367981
3,1.0,0.5,1.0,0.5,2,113,10,4,0.09578024679748016,0.20750102644855245,0.573954287645744,0.5697431318192161,0.3950697361298801,0.9059896953135614,0.9056014712345598,0.78488266182146,0.4627214904237758,0.45842097781873764,0.2573893662713108,0.7820038042783822,0.7812528432163193,0.5787657424083629,0.32673267326732675,0.42169829403871956,0.7009969695050265,2.4869792461395264
3,1.0,0.5,1.0,0.5,3,1000,10,4,0.11963958627712463,0.25297134251284376,0.6442364466525913,0.640763725813544,0.5028504170580258,0.9116055475593928,0.9112424542131328,0.8049349549879696,0.5332159826908366,0.5295294787713223,0.3446607650814894,0.7889606460971244,0.7882379262538325,0.5957957470317893,0.28695652173913044,0.401210927526717,0.6107048659819608,21.45276927947998
3,1.0,0.5,1.0,0.5,4,1000,10,4,0.11448663042196554,0.25485363686828055,0.6404855201455126,0.6369740085039606,0.48996042483546265,0.897406368541996,0.8969792788487176,0.7526454569778374,0.6300928258732138,0.6271694857684749,0.4737001205369671,1.0,1.0,1.0,0.33962264150943394,0.4376846482109639,0.591278793746497,21.831894874572754
3,1.0,0.5,1.0,0.5,5,1000,10,4,0.11391195360933008,0.24751440420928045,0.6391462004687067,0.6356289790751334,0.4812259103588094,0.9059896953135614,0.9056014712345598,0.78488266182146,0.5278809216634714,0.5241581936743344,0.32715094534006217,0.7820038042783822,0.7812528432163193,0.5787657424083629,0.33663366336633666,0.43263602585636485,0.6067728628204186,22.57712197303772
3,1.0,0.5,1.0,0.5,6,23,10,4,0.11595438499237706,0.2512329559636519,0.6419991503755279,0.6384935162670146,0.49395914160578225,0.897406368541996,0.8969792788487176,0.7526454569778374,0.6376602817591279,0.6347888964391922,0.5010649444458025,1.0,1.0,1.0,0.29508196721311475,0.4110574452779776,0.5862226329589698,0.46008944511413574
3,1.0,0.5,1.0,0.5,7,47,10,4,0.0985336960442471,0.24642753675467846,0.617746587854851,0.6140537899416915,0.4699050934556377,0.9137594533047027,0.9134059329538328,0.8127690521941776,0.5085998078064129,0.5047618498695658,0.31931615862643953,0.7916267295012032,0.7909147573609078,0.602400964174539,0.3711340206185567,0.5940005940005939,0.568911815812819,1.024355411529541
3,1.0,0.5,1.0,0.5,8,1000,10,4,0.10390098267118004,0.23205140784367867,0.6025296588101751,0.5986200609212528,0.4369049901010845,0.9116055475593928,0.9112424542131328,0.8049349549879696,0.4871814499435989,0.48309795531697325,0.28986571710425924,0.7889606460971247,0.7882379262538328,0.5957957470317893,0.2727272727272727,0.3806623524933384,0.6107156527521299,23.070228815078735
3,1.0,0.5,1.0,0.5,9,70,10,5,0.13870664382249676,0.24035823361598807,0.7114799395947566,0.708711577748724,0.5938551778341148,1.0,1.0,1.0,0.6077859688979967,0.6047448570590268,0.41860047386606863,0.8974063685419956,0.8969792788487173,0.7526454569778374,0.3333333333333333,0.47904191616766467,0.5547276038781647,1.6915810108184814
3,1.0,0.5,1.0,0.75,0,111,10,4,0.09178442256231929,0.22484945935285985,0.6104868876374221,0.6067123257928155,0.44602971867774877,0.9116055475593928,0.9112424542131328,0.8049349549879696,0.4974880113283115,0.4935499208044993,0.2986912850326394,0.7889606460971247,0.7882379262538328,0.5957957470317893,0.25,0.39798834979557873,0.4923075332865735,3.33793044090271
3,1.0,0.5,1.0,0.75,1,42,10,4,0.11164872642394345,0.26011055549084994,0.633199019812267,0.6296941889548594,0.46096150767456134,0.9083491277292126,0.907971490705844,0.7934094346634827,0.5452041576818487,0.541693332582417,0.324970729980693,0.7849276230002519,0.7841885630133323,0.586029113950917,0.42857142857142855,0.6378059475404607,0.4605411684854195,1.1176321506500244
3,1.0,0.5,1.0,0.75,2,73,10,4,0.08820727020432448,0.23448206854669226,0.5921984886765952,0.5882990854190647,0.40518799934772004,0.9000920107272863,0.8996771460213145,0.7622414951112423,0.4887520010212055,0.48480234593005017,0.26979427147669793,0.7746891130677099,0.7739081836339227,0.5593213086866492,0.4444444444444444,0.6249023590064052,0.4412799663160091,1.9798085689544678
3,1.0,0.5,1.0,0.75,3,118,10,5,0.12292822515884953,0.23299814638777303,0.6819478806699409,0.6789047726726674,0.5491032460629304,1.0,1.0,1.0,0.6042415072137227,0.6011820111922165,0.3984313735235827,0.8974063685419956,0.8969792788487173,0.7526454569778374,0.375,0.5161411411411411,0.3958595878290145,3.080822706222534
3,1.0,0.5,1.0,0.75,4,74,10,4,0.09970425740203638,0.23591513958142793,0.6066039080451501,0.6027959937148182,0.4331847589698429,0.897406368541996,0.8969792788487176,0.7526454569778374,0.5899042353219992,0.5866942629033164,0.4058801324532819,1.0,1.0,1.0,0.27049180327868855,0.4061438487667996,0.4817903204688127,1.5118467807769775
3,1.0,0.5,1.0,0.75,5,46,10,3,0.07377809725335199,0.24766901734937422,0.5374254960226611,0.5329632174992924,0.3633130566869107,0.8021489417124285,0.8015540214626932,0.6413806962628472,0.46161365356286865,0.45741495823068845,0.25133503034739074,0.6518928236684518,0.6510099162702462,0.4514820116115285,0.28448275862068967,0.47415836889521096,0.5482756961848009,0.8376879692077637
3,1.0,0.5,1.0,0.75,6,70,10,4,0.08352658293064506,0.22666565454120888,0.6171839852580495,0.6135254016958033,0.4384799822939152,0.9137594533047027,0.9134059329538328,0.8127690521941776,0.5297539468793403,0.5261230831947469,0.30543046633318743,0.7916267295012033,0.7909147573609079,0.602400964174539,0.4583333333333333,0.6519677572309152,0.446437269023309,1.5050699710845947
3,1.0,0.5,1.0,0.75,7,66,10,4,0.10734385935000926,0.25168338645526067,0.6437448101410134,0.6403003787362691,0.4729982174995466,0.9059896953135614,0.9056014712345598,0.78488266182146,0.5337113825118736,0.5300660936590994,0.32082613273832017,0.7820038042783822,0.7812528432163193,0.5787657424083629,0.2905982905982906,0.43263602585636485,0.4715490992386032,1.707667350769043
3,1.0,0.5,1.0,0.75,8,48,10,4,0.11268607564773604,0.25181089312831406,0.6373048319392132,0.633801894231196,0.5078698711810015,0.897406368541996,0.8969792788487176,0.7526454569778374,0.6178616726978511,0.6148777029777183,0.4528000368488518,1.0,1.0,1.0,0.33962264150943394,0.49590875278948676,0.4892179537858198,0.9356181621551514
3,1.0,0.5,1.0,0.75,9,110,10,3,0.06347824853539491,0.24120687662931775,0.5256350325545582,0.5210530431276728,0.3655108297033661,0.7926764584473263,0.7920479364188315,0.6178455857756018,0.406143752301728,0.4015059782589514,0.2339821736971857,0.6398829605162116,0.6389611927460445,0.42965422834092154,0.2727272727272727,0.45458302339036283,0.5302659586317514,2.6889641284942627
3,1.0,0.5,1.0,1.0,0,177,10,4,0.09245599444142436,0.2461908210186769,0.6182550398146023,0.6146417120350076,0.4547126245216232,0.9137594533047027,0.9134059329538328,0.8127690521941776,0.5085103712856646,0.5047542463030394,0.30773773071656957,0.7916267295012032,0.7909147573609078,0.602400964174539,0.4583333333333333,0.5841974587410544,0.47718427918912637,4.168761491775513
3,1.0,0.5,1.0,1.0,1,1000,10,3,0.07219959893284883,0.25658012341948944,0.5813661934856068,0.5773719639470107,0.4014972065942081,0.8019282820082536,0.8013325861275414,0.6406540834881669,0.46777781971300286,0.463675548525696,0.2643785422349011,0.6516133272375468,0.6507295243611372,0.4508122830368131,0.24812030075187969,0.4905895995004906,0.6255034281591987,21.429851531982422
3,1.0,0.5,1.0,1.0,2,113,10,4,0.08435913797060536,0.2298582004795748,0.575842569781131,0.5718022458709091,0.4083254813277486,0.9037907607564276,0.9033926442098374,0.7752391372397232,0.4772443958911793,0.47322213693780885,0.27701622180901964,0.7792775881454947,0.7785155100165544,0.5705119925521072,0.2727272727272727,0.5215742057847321,0.6284290750705789,3.426535129547119
3,1.0,0.5,1.0,1.0,3,48,10,4,0.096809430476276,0.24329251764141588,0.6194460215509914,0.6158266632493063,0.45244254546010265,0.897406368541996,0.8969792788487176,0.7526454569778374,0.6035464408681157,0.6005010606683395,0.3902432585807297,1.0,1.0,1.0,0.33962264150943394,0.5608679245283019,0.5891603068000031,1.2492632865905762
3,1.0,0.5,1.0,1.0,4,59,10,5,0.11020600367149355,0.23219305729357692,0.6572457477040982,0.6540023620314848,0.4912325868962345,1.0,1.0,1.0,0.5834027729364355,0.580219921669208,0.36166614683338527,0.8974063685419956,0.8969792788487173,0.7526454569778374,0.4444444444444444,0.5635787249031349,0.4875507230514154,1.580075979232788
3,1.0,0.5,1.0,1.0,5,39,10,3,0.07241430462192318,0.2585301710120037,0.5670467984511278,0.5629237654306355,0.3849971329932348,0.8019282820082536,0.8013325861275414,0.6406540834881669,0.4525358000415836,0.4483246121555021,0.2514699330054977,0.6516133272375468,0.6507295243611372,0.4508122830368131,0.28205128205128205,0.5252649572649573,0.6281042271018862,0.8495004177093506
3,1.0,0.5,1.0,1.0,6,73,10,4,0.09519053130348744,0.23846618399650268,0.6354262478411449,0.6319588736677609,0.48105689675880037,0.897406368541996,0.8969792788487176,0.7526454569778374,0.599785046711064,0.596710773151585,0.3830702181322993,1.0,1.0,1.0,0.33962264150943394,0.5608679245283019,0.5891603068000031,1.4615733623504639
3,1.0,0.5,1.0,1.0,7,1000,10,5,0.1147208428247191,0.23522874557022938,0.6847349964744547,0.6817527031635235,0.5173915683573481,1.0,1.0,1.0,0.6024192372878152,0.5993827291722511,0.3721388247502092,0.8974063685419956,0.8969792788487173,0.7526454569778374,0.4444444444444444,0.5635787249031349,0.48582978061603826,21.146358966827393
3,1.0,0.5,1.0,1.0,8,104,10,3,0.05758075775887874,0.22573429528749536,0.48897419907954753,0.48406394232840627,0.30777162298786404,0.7548712966501103,0.7541043224033086,0.5123044922655382,0.3701594971098625,0.3652679804739848,0.1886489368071361,0.5917125005777004,0.5906296552873526,0.3282155413169091,0.19760479041916168,0.41991143686058935,0.7352787270927413,2.478482723236084
3,1.0,0.5,1.0,1.0,9,59,10,4,0.08542613471009948,0.22469904030740606,0.5495869830973621,0.545291941666085,0.3686615914233943,0.9059896953135614,0.9056014712345598,0.78488266182146,0.43351940844922865,0.42915568352183764,0.2381452434522517,0.7820038042783822,0.7812528432163193,0.5787657424083629,0.24812030075187969,0.4979854226085382,0.6409122941279135,1.3046374320983887
3,1.0,0.75,0.0,0.0,0,56,10,3,0.18471589621537063,0.28650477022879073,0.6621937635924392,0.6583213424534041,0.5281299694553657,0.7889606460971244,0.7883188157233192,0.6085417084158432,0.6739162672612619,0.6708640099238706,0.5705700075072668,0.8891543252970434,0.8888695855552406,0.8404468849639695,0,0.0,inf,1.1031789779663086
3,1.0,0.75,0.0,0.0,1,19,10,4,0.19416602283633838,0.2740997001389379,0.7562046236049054,0.7535239714184335,0.6372473429806518,0.9116055475593928,0.9112424542131328,0.8049349549879696,0.6431872634933181,0.6399932224645029,0.4576237908298975,0.7889606460971247,0.7882379262538328,0.5957957470317893,0,0.0,inf,0.3482394218444824
3,1.0,0.75,0.0,0.0,2,30,10,3,0.1930457917121693,0.3039682412210162,0.7070686114683074,0.7036717422775531,0.5372902498491127,0.7916267295012033,0.7909944647108239,0.6144266258107057,0.7316941341392222,0.72915097783077,0.6389655709945324,0.8919096298303802,0.8916326823937588,0.8472089812237649,0,0.0,inf,0.5255222320556641
3,1.0,0.75,0.0,0.0,3,23,3,3,0.296456258765979,0.2964548992973418,0.7881162073647384,0.787477389428887,0.6220038787210703,0.8019282820082536,0.8013325861275414,0.6406540834881669,0.6429742982033542,0.642071021271624,0.4485570028994703,0.6516133272375468,0.6507295243611372,0.4508122830368131,0.4689265536723164,0.6388251774086787,0.08326405458755276,0.22933578491210938
3,1.0,0.75,0.0,0.0,4,18,10,3,0.18350887892251974,0.28716972722837053,0.6758622505985478,0.6721465173246747,0.5299479894833151,0.7889606460971244,0.7883188157233192,0.6085417084158432,0.6806617524761929,0.6776726352303623,0.5744251618290116,0.8891543252970434,0.8888695855552406,0.8404468849639695,0,0.0,inf,0.34690284729003906
3,1.0,0.75,0.0,0.0,5,30,4,4,0.30330959509333777,0.30324649544915616,0.908286786541069,0.9079097241974984,0.7915753497024844,0.9083491277292126,0.907971490705844,0.7934094346634827,0.7909887969767586,0.7902758452404194,0.6000696491729003,0.7849276230002518,0.7841885630133321,0.586029113950917,0.4606741573033708,0.6295102103485337,0.10749220154333852,0.5348100662231445
3,1.0,0.75,0.0,0.0,6,23,10,3,0.19208255086445827,0.3038594534751526,0.699046630315347,0.6955567372231124,0.5323325438574488,0.7916267295012033,0.7909944647108239,0.6144266258107057,0.7316941341392222,0.72915097783077,0.6389655709945324,0.8919096298303802,0.8916326823937588,0.8472089812237649,0,0.0,inf,0.6333343982696533
3,1.0,0.75,0.0,0.0,7,109,10,3,0.18074940106205958,0.28305404322909505,0.6447404397222208,0.6406636336864906,0.5108278981074095,0.7889606460971246,0.7883188157233194,0.6085417084158432,0.5164103500992941,0.5118785557714294,0.34713847116470375,0.6351652836494971,0.6342280982950598,0.42094768363328244,0,0.0,inf,3.196314811706543
3,1.0,0.75,0.0,0.0,8,1000,10,4,0.20456259286413744,0.29305618365694924,0.754741755438755,0.7520508024678615,0.6377832406847023,0.9116055475593928,0.9112424542131328,0.8049349549879696,0.6418485144699889,0.6386499540757367,0.4579529374350157,0.7889606460971247,0.7882379262538328,0.5957957470317893,0,0.0,inf,28.02811598777771
3,1.0,0.75,0.0,0.0,9,50,10,2,0.1371913633326744,0.2698260663715979,0.4964658515885035,0.490204980511703,0.32003770338144893,0.5879077429223252,0.5871790535706989,0.3717161405198315,0.49688661932858225,0.4917430848882306,0.39477947811821856,0.6768387497441452,0.676345545785955,0.5489778408135174,0,0.0,inf,0.8366553783416748
3,1.0,0.75,0.0,0.25,0,15,4,4,0.3033095950933378,0.3032464954491562,0.908286786541069,0.9079097241974984,0.7915753497024844,0.9083491277292126,0.907971490705844,0.7934094346634827,0.7909887969767587,0.7902758452404195,0.6000696491729003,0.7849276230002518,0.7841885630133321,0.586029113950917,0.4606741573033708,0.6295102103485337,0.10749220154333854,0.11252045631408691
3,1.0,0.75,0.0,0.25,1,56,2,2,0.30254059460160804,0.3025405946016079,0.5933918153386777,0.5926772493795246,0.3814880303054271,0.5976802337166613,0.5969738544387009,0.39109438552078163,0.3924399607337398,0.39152520480717656,0.21015328256567536,0.3872439306503139,0.3863163273739962,0.2040240706420313,0.6198830409356725,0.7670320923332972,0.027921690199618477,1.5319621562957764
3,1.0,0.75,0.0,0.25,2,14,3,3,0.3129016539548131,0.31276217198390466,0.7503978476511641,0.7496157526369165,0.4999303752085892,0.7595386266093844,0.7587891678710779,0.523012647821584,0.5942922483529102,0.5932206458935332,0.3313032695545437,0.5976802337166612,0.5966178608565919,0.3387811841838666,0.6024096385542169,0.7507507507507507,0.04689952483812036,0.1284947395324707
3,1.0,0.75,0.0,0.25,3,110,4,4,0.2913748138964657,0.291200520203193,0.9090437908389912,0.9086701087019787,0.7943429996270311,0.9137594533047027,0.9134059329538328,0.8127690521941776,0.7919171422000004,0.7912079172740434,0.6024389496913674,0.7916267295012032,0.7909147573609078,0.602400964174539,0.4576271186440678,0.6266536694053753,0.10767356047338156,3.289621591567993
3,1.0,0.75,0.0,0.25,4,48,10,4,0.18614281558551643,0.2900220364002201,0.7352878167064772,0.7324776778019756,0.6061803522620078,0.897406368541996,0.8969792788487176,0.7526454569778374,0.7598853137020908,0.757812643452761,0.6885115952757628,1.0,1.0,1.0,0,0.0,inf,1.3438374996185303
3,1.0,0.75,0.0,0.25,5,46,10,4,0.16991101785118645,0.2687368820998525,0.7084737955953069,0.70537164842031,0.572955958123058,0.8974063685419958,0.8969792788487174,0.7526454569778374,0.603124419657005,0.5996897699140563,0.4033835293952597,0.7713552409379785,0.7705605424897544,0.5510101485183012,0,0.0,inf,1.23045015335083
3,1.0,0.75,0.0,0.25,6,34,10,5,0.20610548360161735,0.28219144663672446,0.8257830945575021,0.8240082631158947,0.7523700109579865,1.0,1.0,1.0,0.7395846618480403,0.7374338932182831,0.5535743575575779,0.897406368541996,0.8969792788487176,0.7526454569778374,0,0.0,inf,0.8616561889648438
3,1.0,0.75,0.0,0.25,7,30,10,4,0.18309921365604426,0.277783597144465,0.7233463188703925,0.7204056601297834,0.590444339902493,0.9059896953135614,0.9056014712345598,0.78488266182146,0.6175938362351004,0.6142883427210017,0.41784355455532485,0.7820038042783822,0.7812528432163193,0.5787657424083629,0,0.0,inf,0.7890651226043701
3,1.0,0.75,0.0,0.25,8,64,10,3,0.14378598045958116,0.27221078558781675,0.5147370013999713,0.5092931034211141,0.3665958394876521,0.7375733655715297,0.7367405406672015,0.4724246305454723,0.5154675734871361,0.5110282468984474,0.41962530073629367,0.8357447021357429,0.8353020509100346,0.6777225590952062,0,0.0,inf,1.8385653495788574
3,1.0,0.75,0.0,0.25,9,36,10,3,0.17053483089653523,0.29887754688627505,0.7061078536347538,0.7028752391689822,0.5295570858112184,0.8019282820082536,0.8013325861275414,0.6406540834881669,0.5875397540339236,0.5838410342349973,0.36409354044760656,0.6516133272375468,0.6507295243611372,0.4508122830368131,0,0.0,inf,1.0626521110534668
3,1.0,0.75,0.0,0.5,0,60,10,5,0.18315111425722766,0.27573352833744236,0.7979103232811003,0.7958888352754134,0.7063993441489651,1.0,1.0,1.0,0.6973594935935303,0.6949071822229362,0.5116653136514301,0.897406368541996,0.8969792788487176,0.7526454569778374,0,0.0,inf,1.0939815044403076
3,1.0,0.75,0.0,0.5,1,62,10,3,0.1306233166326347,0.2687982492165535,0.5395389820927208,0.534561844697012,0.3805829422167102,0.7375733655715295,0.7367405406672014,0.4724246305454723,0.5185668338806818,0.5143264614330864,0.39040460597620086,0.8357447021357427,0.8353020509100345,0.6777225590952062,0,0.0,inf,1.1915717124938965
3,1.0,0.75,0.0,0.5,2,59,4,4,0.29137481389646563,0.2912005202031929,0.9090437908389912,0.9086701087019787,0.7943429996270311,0.9137594533047027,0.9134059329538328,0.8127690521941776,0.7919171422000004,0.7912079172740434,0.6024389496913674,0.7916267295012032,0.7909147573609078,0.602400964174539,0.4576271186440678,0.6266536694053753,0.10767356047338153,1.5432794094085693
3,1.0,0.75,0.0,0.5,3,127,10,4,0.1660213427390892,0.26997745952915897,0.7149286559320839,0.7119849969905796,0.5716940057234992,0.9059896953135614,0.9056014712345598,0.78488266182146,0.6189199727017979,0.6157249530458859,0.4047787126704225,0.7820038042783822,0.7812528432163193,0.5787657424083629,0,0.0,inf,3.772002935409546
3,1.0,0.75,0.0,0.5,4,32,10,3,0.1359871468969526,0.2741129917332791,0.653660310015738,0.6499463627598336,0.46873999441602743,0.7916267295012034,0.790994464710824,0.6144266258107057,0.5504975896484208,0.5465725898861254,0.3158587985533626,0.6385505741240013,0.637624474122608,0.42645992265876403,0,0.0,inf,0.6849219799041748
3,1.0,0.75,0.0,0.5,5,33,3,3,0.29837031231076755,0.29862557276844615,0.7920532465028122,0.791423901436366,0.6151023239096007,0.7921997857472497,0.7915695648752535,0.6162892627615703,0.646786657590236,0.6458892231046282,0.44216543450967255,0.6392779718964172,0.6383542378752756,0.4282009089578253,0.4782608695652174,0.6473539407671144,0.0859584404584638,0.5604948997497559
3,1.0,0.75,0.0,0.5,6,55,10,4,0.1567092085894553,0.2672712308657423,0.6865579841810261,0.683316022664678,0.5551445378804871,0.9037907607564276,0.9033926442098374,0.7752391372397232,0.5827925803295075,0.5792884239208773,0.3886836864813137,0.7792775881454951,0.7785155100165547,0.5705119925521072,0,0.0,inf,1.2117736339569092
3,1.0,0.75,0.0,0.5,7,30,10,3,0.14519559194941106,0.29028062525080534,0.6920962906938121,0.6888328996624491,0.5222771885818013,0.8021489417124285,0.8015540214626932,0.6413806962628472,0.5761648142931254,0.5725104932126721,0.35842712457132925,0.6518928236684518,0.6510099162702462,0.4514820116115285,0,0.0,inf,0.6248512268066406
3,1.0,0.75,0.0,0.5,8,110,10,3,0.1450177958020497,0.29691332899647305,0.6649344970758053,0.661364507428594,0.49936628742460387,0.7849276230002521,0.7842712471813089,0.5998687124749003,0.6579002278158267,0.6549337958857911,0.5173648188485674,0.884983406868874,0.884686800044098,0.830441303607371,0,0.0,inf,2.244600772857666
3,1.0,0.75,0.0,0.5,9,109,10,2,0.09902129127372958,0.28034788560176416,0.49454860608386303,0.4889605177941967,0.35089394114106287,0.581408430461704,0.5806647649710639,0.35946576657210166,0.487327856483054,0.48270140583620835,0.3107234668657435,0.6698226521030716,0.6693160184610265,0.5327971294054453,0,0.0,inf,3.2949812412261963
3,1.0,0.75,0.0,0.75,0,28,10,3,0.12930768303410692,0.2997366533449182,0.6919723092053485,0.6887931594623329,0.532396116710675,0.7916267295012033,0.7909944647108239,0.6144266258107057,0.6734789811620273,0.670742017432447,0.5022762468526517,0.8919096298303802,0.8916326823937588,0.8472089812237649,0,0.0,inf,0.5782163143157959
3,1.0,0.75,0.0,0.75,1,51,10,3,0.129574062833255,0.29864178585104084,0.6827453661483851,0.6794791659583601,0.5043923478590466,0.8019282820082536,0.8013325861275414,0.6406540834881669,0.5720665599699256,0.5684892059922106,0.3444495485924896,0.6516133272375468,0.6507295243611372,0.4508122830368131,0,0.0,inf,1.2510311603546143
3,1.0,0.75,0.0,0.75,2,41,10,4,0.1499544944799636,0.26687689923324326,0.7074937696066048,0.704538171913268,0.5544396832284745,0.9059896953135614,0.9056014712345598,0.78488266182146,0.6148604265073423,0.6117047609758813,0.3917732834728516,0.7820038042783822,0.7812528432163193,0.5787657424083629,0,0.0,inf,0.9667038917541504
3,1.0,0.75,0.0,0.75,3,39,4,4,0.28999564489917856,0.28967696566936385,0.9041296431413824,0.9037339420232676,0.7760883163884392,0.9000920107272863,0.8996771460213145,0.7622414951112423,0.7858882559572731,0.7851547448691063,0.586753001857982,0.7746891130677099,0.7739081836339227,0.5593213086866492,0.4782608695652174,0.6473539407671144,0.10623625834148834,0.8659927845001221
3,1.0,0.75,0.0,0.75,4,33,4,4,0.30330959509333777,0.30324649544915616,0.908286786541069,0.9079097241974984,0.7915753497024844,0.9083491277292126,0.907971490705844,0.7934094346634827,0.7909887969767587,0.7902758452404195,0.6000696491729003,0.7849276230002519,0.7841885630133323,0.586029113950917,0.4606741573033708,0.6295102103485337,0.10749220154333854,0.8327429294586182
3,1.0,0.75,0.0,0.75,5,110,10,3,0.11919395063778052,0.2842116630994761,0.6342052375989288,0.6304212798170847,0.4618225844054285,0.7921997857472497,0.7915695648752535,0.6162892627615703,0.5158080587497026,0.5117394958065796,0.30747408752706284,0.6392779718964172,0.6383542378752756,0.4282009089578253,0,0.0,inf,2.673692464828491
3,1.0,0.75,0.0,0.75,6,30,10,5,0.16968756828650813,0.27541094563012886,0.7890471854456867,0.7869773123223907,0.6703423383431721,1.0,1.0,1.0,0.6980558266530638,0.6956585240568205,0.4825656046640297,0.897406368541996,0.8969792788487176,0.7526454569778374,0,0.0,inf,0.4742257595062256
3,1.0,0.75,0.0,0.75,7,1000,10,3,0.12468626357885025,0.29224071933763246,0.6379838369481022,0.6342477819605018,0.47763671354666365,0.792676458447326,0.7920479364188314,0.6178455857756018,0.5326196374352915,0.5287023137064425,0.32354166739044793,0.6398829605162115,0.6389611927460443,0.42965422834092154,0,0.0,inf,20.80125069618225
3,1.0,0.75,0.0,0.75,8,1000,10,4,0.1503211599412539,0.27877842491165994,0.7204033943641154,0.7176014540803722,0.5821429041305326,0.9116055475593928,0.9112424542131328,0.8049349549879696,0.6130072523348392,0.6098644884663886,0.4095077979320391,0.7889606460971244,0.7882379262538325,0.5957957470317893,0,0.0,inf,20.783472299575806
3,1.0,0.75,0.0,0.75,9,51,10,4,0.15014471506076565,0.2692345189436588,0.7114419811837148,0.7085236916082862,0.577011431111965,0.897406368541996,0.8969792788487176,0.7526454569778374,0.6997045450386302,0.6972417080800439,0.585511827550856,1.0,1.0,1.0,0,0.0,inf,1.4757778644561768
3,1.0,0.75,0.0,1.0,0,36,10,4,0.12716168287395926,0.28134055600671454,0.7074178442133472,0.7045428893709831,0.5384291218161832,0.9137594533047027,0.9134059329538328,0.8127690521941776,0.600928502758626,0.5977546470154919,0.37362519907797054,0.7916267295012032,0.7909147573609078,0.602400964174539,0,0.0,inf,1.0206208229064941
3,1.0,0.75,0.0,1.0,1,56,10,3,0.09502213981641278,0.276360967401509,0.6114932401919145,0.6076116584565243,0.4155282974081635,0.7916267295012033,0.7909944647108239,0.6144266258107057,0.6239803064880638,0.6209359753179916,0.4278014287599063,0.8919096298303802,0.8916326823937588,0.8472089812237649,0,0.0,inf,1.622844934463501
3,1.0,0.75,0.0,1.0,2,122,10,4,0.109509140352075,0.23841264033268358,0.6149889199719671,0.6111947136220359,0.45511872568772643,0.9116055475593928,0.9112424542131328,0.8049349549879696,0.5005428621923628,0.4965581873686294,0.3052077853251941,0.7889606460971247,0.7882379262538328,0.5957957470317893,0,0.0,inf,3.629641532897949
3,1.0,0.75,0.0,1.0,3,41,10,5,0.15355756956274422,0.27211562454696153,0.7780899961500909,0.7759410071659584,0.6325735169455082,1.0,1.0,1.0,0.6788853228337989,0.6763709604185124,0.44999561338080474,0.897406368541996,0.8969792788487176,0.7526454569778374,0,0.0,inf,1.0335586071014404
3,1.0,0.75,0.0,1.0,4,75,10,5,0.15289616351629845,0.27076023403366184,0.77366551162552,0.7714736224643874,0.6310263068627825,1.0,1.0,1.0,0.6740991373894104,0.6715472321430505,0.4487470293774693,0.897406368541996,0.8969792788487176,0.7526454569778374,0,0.0,inf,1.5860531330108643
3,1.0,0.75,0.0,1.0,5,114,10,3,0.10563848076863401,0.279986907347304,0.6239693429790247,0.6202201579795582,0.4606661707333045,0.8019282820082536,0.8013325861275414,0.6406540834881669,0.5324225848927768,0.5286453884509902,0.3186157616460739,0.6516133272375468,0.6507295243611372,0.4508122830368131,0,0.0,inf,2.714670181274414
3,1.0,0.75,0.0,1.0,6,39,10,4,0.12451719834052856,0.25355772451001385,0.6567795170522199,0.6534039367542294,0.5051079148701859,0.9116055475593928,0.9112424542131328,0.8049349549879696,0.5691869409441052,0.5657573280614191,0.35614475387865807,0.7889606460971247,0.7882379262538328,0.5957957470317893,0,0.0,inf,0.9900009632110596
3,1.0,0.75,0.0,1.0,7,111,10,4,0.11236307843682079,0.234324235997963,0.6424215176418103,0.6388627700480545,0.43353456424161524,0.9083491277292126,0.907971490705844,0.7934094346634827,0.5291415084374111,0.5253452271348589,0.28670954747700145,0.7849276230002518,0.7841885630133321,0.586029113950917,0,0.0,inf,2.3069193363189697
3,1.0,0.75,0.0,1.0,8,34,10,3,0.09847240308805018,0.276852812782989,0.5463074412362808,0.5417496519168143,0.3708627738885098,0.7375733655715297,0.7367405406672015,0.4724246305454723,0.5090994638348726,0.5051014465116632,0.33824253420450595,0.8357447021357429,0.8353020509100346,0.6777225590952062,0,0.0,inf,0.6269190311431885
3,1.0,0.75,0.0,1.0,9,70,10,5,0.1542203131300192,0.2736247224974582,0.7820913649036736,0.7799828966119126,0.6329989689144854,1.0,1.0,1.0,0.6832959601960988,0.6808183634854905,0.4503009782157172,0.897406368541996,0.8969792788487176,0.7526454569778374,0,0.0,inf,1.515702486038208
3,1.0,0.75,0.25,0.0,0,28,10,3,0.15611021536042585,0.27428459559256185,0.6699239974865632,0.6662549251772073,0.493816853075865,0.7921997857472497,0.7915695648752535,0.6162892627615703,0.5466705162963597,0.5425584733937262,0.3321060773510288,0.6392779718964172,0.6383542378752756,0.4282009089578253,0,0.0,inf,0.5218467712402344
3,1.0,0.75,0.25,0.0,1,69,10,3,0.1550074791736894,0.27488643856049205,0.6453143880331688,0.6413773319071956,0.47508463994898364,0.7916267295012034,0.790994464710824,0.6144266258107057,0.5329694672689662,0.5287396670169221,0.31788101814221953,0.6385505741240013,0.637624474122608,0.42645992265876403,0,0.0,inf,1.4689033031463623
3,1.0,0.75,0.25,0.0,2,34,10,3,0.1569383010735792,0.26757190682502374,0.6375594077975223,0.6336046214262594,0.5071467519609395,0.7889606460971244,0.7883188157233192,0.6085417084158432,0.6453503668072844,0.6421976255031016,0.5254344251971682,0.8891543252970434,0.8888695855552406,0.8404468849639695,0,0.0,inf,0.8716282844543457
3,1.0,0.75,0.25,0.0,3,117,10,4,0.17661004987634793,0.2773450943438134,0.7174395115042197,0.7144332353958879,0.5914115035275175,0.9037907607564276,0.9033926442098374,0.7752391372397232,0.6122442678665259,0.6088891130195084,0.41898071185114255,0.7792775881454947,0.7785155100165544,0.5705119925521072,0,0.0,inf,3.160712718963623
3,1.0,0.75,0.25,0.0,4,23,10,4,0.17655322495669626,0.26668028717479436,0.7060769106580508,0.7029610696682935,0.573950635819926,0.9059896953135614,0.9056014712345598,0.78488266182146,0.6172973682170305,0.6139989146280916,0.42019432218227654,0.7820038042783822,0.7812528432163193,0.5787657424083629,0,0.0,inf,0.5887370109558105
3,1.0,0.75,0.25,0.0,5,24,10,4,0.170960479441393,0.2435637073815337,0.7011046151995358,0.6978273820900844,0.5121034743924826,0.9083491277292126,0.907971490705844,0.7934094346634827,0.5824775728517388,0.5787463394661225,0.34897287192028664,0.7849276230002519,0.7841885630133323,0.586029113950917,0,0.0,inf,0.7231414318084717
3,1.0,0.75,0.25,0.0,6,26,10,4,0.1830487683249224,0.2878219894740872,0.7268675073874651,0.7239618632688456,0.5870354430694443,0.897406368541996,0.8969792788487176,0.7526454569778374,0.7615756864226146,0.7595129048681135,0.6980431125680187,1.0,1.0,1.0,0,0.0,inf,0.7289373874664307
3,1.0,0.75,0.25,0.0,7,112,10,3,0.1299646540685096,0.20672028239922433,0.5368009051521249,0.5314232403331814,0.33992084038411585,0.7852802150932446,0.7846251091678986,0.6010060305727019,0.4226716324610943,0.4171827766955026,0.2050662397222587,0.630488902126393,0.6295363171801378,0.41386322570661177,0,0.0,inf,3.592804431915283
3,1.0,0.75,0.25,0.0,8,31,10,3,0.1702241714031559,0.29887048830102214,0.7032468322276211,0.6999827484650276,0.5284255478788792,0.8019282820082536,0.8013325861275414,0.6406540834881669,0.5844165578604364,0.5806898309320092,0.3631033272945415,0.6516133272375468,0.6507295243611372,0.4508122830368131,0,0.0,inf,0.78293776512146
3,1.0,0.75,0.25,0.0,9,50,10,3,0.16923982422304176,0.3042429793224074,0.6932615349657651,0.689875729147086,0.5229279072960883,0.7916267295012033,0.7909944647108239,0.6144266258107057,0.7087459789524917,0.7061241693036602,0.5870338436216099,0.8919096298303802,0.8916326823937588,0.8472089812237649,0,0.0,inf,1.3245530128479004
3,1.0,0.75,0.25,0.25,0,18,3,3,0.29218812907527586,0.2924978798475079,0.7964944021672811,0.7958808511897366,0.6258578876687111,0.8021489417124285,0.8015540214626932,0.6413806962628472,0.652357757883099,0.6514782326134035,0.45219051787202735,0.6518928236684518,0.6510099162702462,0.4514820116115285,0.46629213483146065,0.6339362092142247,0.08473502501170042,0.2802302837371826
3,1.0,0.75,0.25,0.25,1,42,10,4,0.14828775318880888,0.24155541791761778,0.6897033877653872,0.6864019289304109,0.4748138445143846,0.9083491277292126,0.907971490705844,0.7934094346634827,0.5730880418097486,0.5693917920502608,0.3172930412578791,0.7849276230002518,0.7841885630133321,0.586029113950917,0.19753086419753085,0.31106617932965236,1.3167089339339155,1.20572829246521
3,1.0,0.75,0.25,0.25,2,32,10,3,0.1513659199232142,0.2995148676115752,0.7070749315000497,0.7039696727007861,0.5296373063336648,0.8019282820082536,0.8013325861275414,0.6406540834881669,0.5924466291214753,0.5889319259457853,0.3647482396426598,0.6516133272375468,0.6507295243611372,0.4508122830368131,0.19254658385093168,0.30430941395896727,1.3178738468552056,0.8324716091156006
3,1.0,0.75,0.25,0.25,3,42,10,3,0.13677398896191778,0.2746736511105343,0.6417163168833175,0.637894925438451,0.48176579381146867,0.7926764584473263,0.7920479364188315,0.6178455857756018,0.5205184828797211,0.5163560362097106,0.3231179644113559,0.6398829605162114,0.6389611927460443,0.42965422834092154,0.16233766233766234,0.2626326294778863,1.3839480294275603,1.0986933708190918
3,1.0,0.75,0.25,0.25,4,40,10,4,0.15285048510567284,0.22485087741303802,0.6742078030069567,0.6707366809187231,0.4865686316643375,0.9059896953135614,0.9056014712345598,0.78488266182146,0.5560422744691018,0.5521926842377859,0.3273518240961562,0.7820038042783822,0.7812528432163193,0.5787657424083629,0.2375,0.36819564753987166,1.2781283312605656,0.9990825653076172
3,1.0,0.75,0.25,0.25,5,33,10,3,0.1477048819875926,0.31721369978693903,0.6628666828567843,0.6591459221971684,0.4003188260315446,0.7303232410180941,0.7294623299636516,0.45744797462502,0.6464320560672098,0.6432466015497755,0.40740970435984436,0.8281626276133816,0.8276964442337125,0.6590455003918929,0.32,0.54776,1.180906018364092,0.9125103950500488
3,1.0,0.75,0.25,0.25,6,61,10,3,0.1325087987921534,0.2638876221274659,0.6124347975001762,0.6082786181401685,0.45463853066559234,0.792676458447326,0.7920479364188314,0.6178455857756018,0.48792211958676374,0.48345053915890845,0.29918482295316406,0.6398829605162113,0.6389611927460442,0.42965422834092154,0.15432098765432098,0.24784867351389936,1.3839893108051962,1.767716407775879
3,1.0,0.75,0.25,0.25,7,114,10,4,0.17105959070520574,0.2858460343122383,0.71985324548764,0.7169865047614448,0.5977956200097666,0.9116055475593928,0.9112424542131328,0.8049349549879696,0.6103411897894048,0.6071060272286207,0.4227198589277366,0.7889606460971247,0.7882379262538328,0.5957957470317893,0.20833333333333334,0.3723895492596896,1.1807533903460246,3.570887327194214
3,1.0,0.75,0.25,0.25,8,124,4,4,0.2913748138964657,0.2912005202031929,0.9090437908389912,0.9086701087019787,0.7943429996270311,0.9137594533047027,0.9134059329538328,0.8127690521941776,0.7919171422000004,0.7912079172740434,0.6024389496913674,0.7916267295012032,0.7909147573609078,0.602400964174539,0.4576271186440678,0.6266536694053753,0.10767356047338157,3.2734522819519043
3,1.0,0.75,0.25,0.25,9,44,2,2,0.29845323867529133,0.2984532386752915,0.5923035749787092,0.5915865303510878,0.37932760189374876,0.5936479709519707,0.5929324165216566,0.3829540138806239,0.39101841460643294,0.3901006933621116,0.20787198190896172,0.3819083766433755,0.38096954587584214,0.19536854482611762,0.621301775147929,0.7690617446715008,0.027323349864991624,1.189192771911621
3,1.0,0.75,0.25,0.5,0,84,10,5,0.16865266773434065,0.27277241535367225,0.7951579465491663,0.7931467919541185,0.6746759710398972,1.0,1.0,1.0,0.6960846791116829,0.6936701268411286,0.4846578812821315,0.897406368541996,0.8969792788487176,0.7526454569778374,0.20833333333333334,0.38782538549843315,0.7666099962349064,2.447002649307251
3,1.0,0.75,0.25,0.5,1,58,10,5,0.16625319434675742,0.2696428312451218,0.7949717228647978,0.7929592394711992,0.6736381744253914,1.0,1.0,1.0,0.6959082563998494,0.6934929457409263,0.48379470271491165,0.897406368541996,0.8969792788487176,0.7526454569778374,0.20833333333333334,0.38782538549843315,0.7645746999839282,1.4706377983093262
3,1.0,0.75,0.25,0.5,2,114,10,4,0.15398911581476116,0.28108567614129465,0.7270083683865095,0.7242737210830504,0.5779985052343395,0.9116055475593928,0.9112424542131328,0.8049349549879696,0.620208718662024,0.6171257648164624,0.40607817831802373,0.7889606460971244,0.7882379262538325,0.5957957470317893,0.20833333333333334,0.38782538549843315,0.8458758579409713,2.283935546875
3,1.0,0.75,0.25,0.5,3,78,3,3,0.29218812907527586,0.2924978798475079,0.7964944021672811,0.7958808511897366,0.6258578876687111,0.8021489417124285,0.8015540214626932,0.6413806962628472,0.652357757883099,0.6514782326134035,0.45219051787202735,0.6518928236684518,0.6510099162702462,0.4514820116115285,0.46629213483146065,0.6339362092142247,0.08473502501170044,1.7407920360565186
3,1.0,0.75,0.25,0.5,4,46,10,3,0.12352385623937408,0.27603668389549346,0.6778824123382122,0.6745545067190539,0.5071358558442804,0.8021489417124285,0.8015540214626932,0.6413806962628472,0.5874051727168008,0.5839429760545699,0.3562111111393305,0.6518928236684518,0.6510099162702462,0.4514820116115285,0.16233766233766234,0.2867827563264276,0.9912596314281772,0.8582799434661865
3,1.0,0.75,0.25,0.5,5,115,10,5,0.17108602412580082,0.27517439540774613,0.7803163167808892,0.7781592954625467,0.6672143759498658,1.0,1.0,1.0,0.680015566414735,0.6774731579389428,0.4785886221717922,0.8974063685419956,0.8969792788487173,0.7526454569778374,0.20833333333333334,0.38782538549843315,0.7790580098251612,3.592534303665161
3,1.0,0.75,0.25,0.5,6,62,10,5,0.16918391594458962,0.27635392329995523,0.7966521682207331,0.7946576314443993,0.670709829401938,1.0,1.0,1.0,0.6978007768484475,0.6954023726999721,0.48135510411243754,0.8974063685419956,0.8969792788487173,0.7526454569778374,0.20833333333333334,0.38782538549843315,0.7624023683228887,1.4800286293029785
3,1.0,0.75,0.25,0.5,7,90,10,4,0.15165990133318238,0.28057603717696233,0.7263009967395343,0.7235548724376539,0.5773430433704122,0.9116055475593928,0.9112424542131328,0.8049349549879696,0.6192675820466285,0.6161716722802183,0.40554400416343994,0.7889606460971244,0.7882379262538325,0.5957957470317893,0.20833333333333334,0.38782538549843315,0.843427865174424,2.2724809646606445
3,1.0,0.75,0.25,0.5,8,36,10,3,0.11484813035973414,0.2603525057570524,0.6312381785735317,0.627381171545949,0.45406302095548595,0.7916267295012034,0.790994464710824,0.6144266258107057,0.5112302286275734,0.507074028522482,0.29996911311525437,0.6385505741240013,0.637624474122608,0.42645992265876403,0.15527950310559005,0.26448869046359574,0.989272717716562,1.102168321609497
3,1.0,0.75,0.25,0.5,9,43,10,3,0.11641043831661885,0.26389393517737236,0.5807087453559499,0.5764305957893164,0.4668430740980734,0.789789857030486,0.789150994948784,0.6112350182388241,0.46479231860422804,0.46036131722527934,0.313436329306974,0.636218386690312,0.6352846396218612,0.42347263580084515,0.22321428571428573,0.4429011798887432,0.9753238815269993,0.9668457508087158
3,1.0,0.75,0.25,0.75,0,68,4,4,0.28430885921053173,0.284060810452507,0.9077861546703496,0.9074068545396609,0.7897360784811976,0.9083491277292126,0.907971490705844,0.7934094346634827,0.7903747757157538,0.7896593564483267,0.5984933525969508,0.7849276230002518,0.7841885630133321,0.586029113950917,0.46629213483146065,0.6339362092142247,0.10501284289472497,2.0865678787231445
3,1.0,0.75,0.25,0.75,1,80,10,4,0.12706428370972556,0.2598916424084033,0.64412018777691,0.6405856044186767,0.5077095405445615,0.9037907607564276,0.9033926442098374,0.7752391372397232,0.5462843394767636,0.5426342162403175,0.35219504911352156,0.7792775881454951,0.7785155100165547,0.5705119925521072,0.20833333333333334,0.40459621297944653,0.9500979302062103,2.5963878631591797
3,1.0,0.75,0.25,0.75,2,40,10,4,0.13459919884252874,0.26559758595484634,0.7049894037239804,0.7020605303765219,0.5434645191475329,0.9116055475593928,0.9112424542131328,0.8049349549879696,0.6149992247199487,0.611903212932443,0.3841341346550874,0.7889606460971244,0.7882379262538325,0.5957957470317893,0.20833333333333334,0.40459621297944653,0.9754166640998199,1.2825231552124023
3,1.0,0.75,0.25,0.75,3,88,4,4,0.3033095950933378,0.3032464954491563,0.908286786541069,0.9079097241974984,0.7915753497024844,0.9083491277292126,0.907971490705844,0.7934094346634827,0.7909887969767587,0.7902758452404195,0.6000696491729003,0.7849276230002518,0.7841885630133321,0.586029113950917,0.4606741573033708,0.6295102103485337,0.10749220154333852,2.5954504013061523
3,1.0,0.75,0.25,0.75,4,45,10,5,0.1581396695133558,0.2736785115173091,0.7682269408720223,0.7659792655767084,0.6319377562345699,1.0,1.0,1.0,0.6680886953527476,0.6654859015609326,0.4495231232861022,0.8974063685419956,0.8969792788487173,0.7526454569778374,0.20833333333333334,0.40459621297944653,0.8658770679014568,1.2572391033172607
3,1.0,0.75,0.25,0.75,5,50,10,5,0.15622896658873883,0.2711299848029939,0.7612356746184676,0.7589201998278191,0.6181797937272541,1.0,1.0,1.0,0.6605290669878436,0.6578669918353123,0.4384008179336676,0.897406368541996,0.8969792788487176,0.7526454569778374,0.20833333333333334,0.40459621297944653,0.8658770679014568,1.187084436416626
3,1.0,0.75,0.25,0.75,6,108,4,4,0.28999564489917856,0.2896769656693638,0.9041296431413824,0.9037339420232676,0.7760883163884392,0.9000920107272863,0.8996771460213145,0.7622414951112423,0.7858882559572731,0.7851547448691063,0.586753001857982,0.7746891130677099,0.7739081836339227,0.5593213086866492,0.4782608695652174,0.6473539407671144,0.10623625834148834,2.657064437866211
3,1.0,0.75,0.25,0.75,7,49,10,5,0.15829592909863985,0.27496322188902084,0.7785942174415298,0.776448632743047,0.6371815476108865,1.0,1.0,1.0,0.6877956309461618,0.68534927229325,0.45522430183997226,0.897406368541996,0.8969792788487176,0.7526454569778374,0.20833333333333334,0.40459621297944653,0.8675544395335114,1.357093334197998
3,1.0,0.75,0.25,0.75,8,71,10,4,0.12745794160319587,0.26087917315507264,0.6612838462927452,0.6579152829812223,0.5116789059689887,0.9037907607564276,0.9033926442098374,0.7752391372397232,0.549636583816928,0.5460082698218188,0.35120783776959236,0.7792775881454951,0.7785155100165547,0.5705119925521072,0.20833333333333334,0.40459621297944653,0.9498250046421,2.1268019676208496
3,1.0,0.75,0.25,0.75,9,19,4,4,0.28999564489917856,0.28967696566936385,0.9041296431413824,0.9037339420232676,0.7760883163884392,0.9000920107272863,0.8996771460213145,0.7622414951112423,0.7858882559572731,0.7851547448691063,0.586753001857982,0.7746891130677099,0.7739081836339227,0.5593213086866492,0.4782608695652174,0.6473539407671144,0.10623625834148834,0.392805814743042
3,1.0,0.75,0.25,1.0,0,111,10,3,0.07793651569807108,0.26118607595261534,0.5824405270346463,0.578327450595901,0.38137382416941934,0.7916267295012034,0.790994464710824,0.6144266258107057,0.4832805354969942,0.4791598008537796,0.24817418477978342,0.6385505741240013,0.637624474122608,0.42645992265876403,0.19254658385093168,0.364000364000364,1.531308473565367,3.4268882274627686
3,1.0,0.75,0.25,1.0,1,113,10,3,0.09302845732961737,0.2851085771628861,0.6122952380349365,0.6084913796816189,0.43553534049591003,0.7916267295012033,0.7909944647108239,0.6144266258107057,0.6126598786968745,0.6095840545801423,0.40847178083906793,0.8919096298303802,0.8916326823937588,0.8472089812237649,0.19254658385093168,0.364000364000364,1.5091748264605762,3.481684684753418
3,1.0,0.75,0.25,1.0,2,46,10,5,0.13781623128532855,0.2512175446321997,0.7205257935025436,0.7178436836789618,0.5610921710758648,1.0,1.0,1.0,0.6175305327343102,0.6145642994678496,0.3922921321501237,0.8974063685419956,0.8969792788487173,0.7526454569778374,0.20833333333333334,0.364000364000364,1.1228468906518783,1.3219940662384033
3,1.0,0.75,0.25,1.0,3,113,10,4,0.1199416432213919,0.26679013362166576,0.6701017444652236,0.6668911674015506,0.5156878625503479,0.897406368541996,0.8969792788487176,0.7526454569778374,0.6606054937303707,0.6579336731608296,0.46941717364349167,1.0,1.0,1.0,0.20833333333333334,0.364000364000364,1.3169398436375948,3.4829556941986084
3,1.0,0.75,0.25,1.0,4,47,10,4,0.11435173510663382,0.2612971490705299,0.6680148007000941,0.6647975869490041,0.4808855371422858,0.9116055475593928,0.9112424542131328,0.8049349549879696,0.5597404868968302,0.5562903543786399,0.32725619680154,0.7889606460971244,0.7882379262538325,0.5957957470317893,0.20833333333333334,0.364000364000364,1.2920250702691085,1.365337610244751
3,1.0,0.75,0.25,1.0,5,43,10,4,0.12726590938558158,0.2873284976498073,0.7215698794776609,0.7188678698237703,0.5338445070473297,0.9083491277292126,0.907971490705844,0.7934094346634827,0.617497663601077,0.614495627274379,0.3701105177923175,0.7849276230002518,0.7841885630133321,0.586029113950917,0.19753086419753085,0.364000364000364,1.3179035244692712,1.0617797374725342
3,1.0,0.75,0.25,1.0,6,41,10,5,0.14348634711928876,0.26897938291934986,0.7639739632192157,0.7617095189168874,0.6044604936594055,1.0,1.0,1.0,0.6645069302815229,0.6619058740852066,0.4271253305609849,0.897406368541996,0.8969792788487176,0.7526454569778374,0.20833333333333334,0.364000364000364,1.1127119245070693,1.1864941120147705
3,1.0,0.75,0.25,1.0,7,54,10,3,0.07448190238699304,0.2543553789769243,0.5421770744953115,0.5376841606909667,0.36543062756415406,0.7926764584473263,0.7920479364188315,0.6178455857756018,0.4379286168463343,0.43346408666369896,0.23687815719175007,0.6398829605162116,0.6389611927460445,0.42965422834092154,0.16233766233766234,0.35306745000564904,1.5491711469453155,1.5724821090698242
3,1.0,0.75,0.25,1.0,8,53,10,4,0.11546295162560936,0.27976933896918116,0.684843691609957,0.6817791701979864,0.49371615471265523,0.9000920107272863,0.8996771460213145,0.7622414951112423,0.5938927654136302,0.5906986242580329,0.3428318945042113,0.7746891130677099,0.7739081836339227,0.5593213086866492,0.21428571428571427,0.364000364000364,1.2810738555334906,1.4967966079711914
3,1.0,0.75,0.25,1.0,9,1000,10,4,0.10653141951914327,0.24763225117243123,0.6526103519547082,0.6492510067255925,0.45194442662134154,0.897406368541996,0.8969792788487176,0.7526454569778374,0.6354473156917045,0.632596979553556,0.4117925611918412,1.0,1.0,1.0,0.22321428571428573,0.364000364000364,1.2859553980063674,22.42865777015686
3,1.0,0.75,0.5,0.0,0,41,10,4,0.16679963211183207,0.2847261288470312,0.7229570604051984,0.7200962210435642,0.5874417802030732,0.897406368541996,0.8969792788487176,0.7526454569778374,0.7343899496252464,0.7321629724196647,0.6368012819481672,1.0,1.0,1.0,0,0.0,inf,1.1167283058166504
3,1.0,0.75,0.5,0.0,1,39,10,4,0.14494248126765863,0.23355627537533802,0.6912792990164989,0.6879901179683467,0.48130775871085896,0.9083491277292126,0.907971490705844,0.7934094346634827,0.5746373838784886,0.5709490994413884,0.322805541580904,0.7849276230002518,0.7841885630133321,0.586029113950917,0,0.0,inf,1.1194639205932617
3,1.0,0.75,0.5,0.0,2,118,10,4,0.15199216788950803,0.26024423188853496,0.7070667153016419,0.7040396183130642,0.5615231939697101,0.9116055475593928,0.9112424542131328,0.8049349549879696,0.60427964389915,0.6009592008571792,0.3937018763510981,0.7889606460971247,0.7882379262538328,0.5957957470317893,0,0.0,inf,2.9410696029663086
3,1.0,0.75,0.5,0.0,3,56,10,3,0.13078419722371706,0.264232485608259,0.5889297760395268,0.5846062298524484,0.45634506409526865,0.7889606460971246,0.7883188157233194,0.6085417084158432,0.4648611053478655,0.46028527203747394,0.3024831059939863,0.6351652836494971,0.6342280982950598,0.42094768363328244,0,0.0,inf,1.062298059463501
3,1.0,0.75,0.5,0.0,4,41,10,4,0.1629154869746905,0.2788570223961722,0.7206385638327907,0.717765562094349,0.5791672033067291,0.9116055475593928,0.9112424542131328,0.8049349549879696,0.610619927194613,0.6073696171564962,0.40717961284360177,0.7889606460971244,0.7882379262538325,0.5957957470317893,0,0.0,inf,0.8735706806182861
3,1.0,0.75,0.5,0.0,5,112,10,3,0.1292794779725409,0.2745426798553864,0.6162930246757032,0.61219760612344,0.4519492460049843,0.7926764584473263,0.7920479364188315,0.6178455857756018,0.4995856128876379,0.4952381543049279,0.2979370969116249,0.6398829605162116,0.6389611927460445,0.42965422834092154,0,0.0,inf,2.9631989002227783
3,1.0,0.75,0.5,0.0,6,19,3,3,0.296456258765979,0.2964548992973418,0.7881162073647384,0.787477389428887,0.6220038787210703,0.8019282820082536,0.8013325861275414,0.6406540834881669,0.6429742982033542,0.642071021271624,0.4485570028994703,0.6516133272375468,0.6507295243611372,0.4508122830368131,0.4689265536723164,0.6388251774086787,0.08326405458755276,0.22447896003723145
3,1.0,0.75,0.5,0.0,7,22,10,4,0.16866008955823164,0.27467252063356273,0.7207128298537046,0.717846897799981,0.5985341927321451,0.9116055475593928,0.9112424542131328,0.8049349549879696,0.6215972476285972,0.6184460609142284,0.42569620659739066,0.7889606460971247,0.7882379262538328,0.5957957470317893,0,0.0,inf,0.6285877227783203
3,1.0,0.75,0.5,0.0,8,39,10,4,0.14509523107223474,0.2354153932735251,0.6444412942479122,0.6407073494233086,0.4872041044631844,0.897406368541996,0.8969792788487176,0.7526454569778374,0.6507281090493457,0.6477465444770673,0.5226234249950753,1.0,1.0,1.0,0,0.0,inf,1.1665844917297363
3,1.0,0.75,0.5,0.0,9,30,10,3,0.14874469791354755,0.3045085488730555,0.6970700690302242,0.6938471599372548,0.5258113292189137,0.7916267295012033,0.7909944647108239,0.6144266258107057,0.6950018359654394,0.6923612806603227,0.5424765530531009,0.8919096298303802,0.8916326823937588,0.8472089812237649,0,0.0,inf,0.7273657321929932
3,1.0,0.75,0.5,0.25,0,55,10,4,0.1518808813528595,0.2813580651382859,0.7225153116205204,0.7197090348639839,0.5763498649873063,0.897406368541996,0.8969792788487176,0.7526454569778374,0.7197828419692183,0.7174846923117698,0.5927635337620777,1.0,1.0,1.0,0.22321428571428573,0.38782538549843315,0.9378561038344296,1.1904067993164062
3,1.0,0.75,0.5,0.25,1,43,10,5,0.14952286122048536,0.21649901384557488,0.6981474911572201,0.6951051523936554,0.5260051827665377,1.0,1.0,1.0,0.5882322375093673,0.5848675991231291,0.3628408744387904,0.8974063685419956,0.8969792788487173,0.7526454569778374,0.22321428571428573,0.38782538549843315,0.9422887634821758,0.8449029922485352
3,1.0,0.75,0.5,0.25,2,35,10,4,0.1533960155334133,0.2778734748740979,0.7289068675574154,0.726176303863324,0.5759961466762326,0.9059896953135614,0.9056014712345598,0.78488266182146,0.6216532750908843,0.6185638357039589,0.4044553305390332,0.7820038042783822,0.7812528432163193,0.5787657424083629,0.22321428571428573,0.38782538549843315,0.9112953966171816,0.7079784870147705
3,1.0,0.75,0.5,0.25,3,53,10,4,0.14693145523750542,0.2704871514575324,0.7079022301416139,0.7049530454490504,0.5530380223093767,0.9116055475593928,0.9112424542131328,0.8049349549879696,0.6147448691460513,0.6115908962157305,0.3903504780060627,0.7889606460971244,0.7882379262538325,0.5957957470317893,0.22321428571428573,0.38782538549843315,0.9736928815491547,1.0850157737731934
3,1.0,0.75,0.5,0.25,4,113,10,5,0.18176812258409322,0.27975276847765546,0.799987126599418,0.7980146945544647,0.6870547099371566,1.0,1.0,1.0,0.7008635402709236,0.6984756624530193,0.49513716637427596,0.8974063685419956,0.8969792788487173,0.7526454569778374,0.1953125,0.34493225530505806,0.8900432799473162,3.3031766414642334
3,1.0,0.75,0.5,0.25,5,30,4,4,0.28999564489917873,0.28967696566936385,0.9041296431413824,0.9037339420232676,0.7760883163884392,0.9000920107272863,0.8996771460213145,0.7622414951112423,0.7858882559572732,0.7851547448691064,0.586753001857982,0.7746891130677099,0.7739081836339227,0.5593213086866492,0.4782608695652174,0.6473539407671144,0.10623625834148834,0.7419030666351318
3,1.0,0.75,0.5,0.25,6,31,10,4,0.15259715077313005,0.2854482286769277,0.7021543946356218,0.6991577440373995,0.5636186261995699,0.897406368541996,0.8969792788487176,0.7526454569778374,0.7158957929528221,0.7135787276932619,0.5685961666474413,1.0,1.0,1.0,0.22321428571428573,0.38782538549843315,0.9400028154943215,0.8348171710968018
3,1.0,0.75,0.5,0.25,7,42,3,3,0.29218812907527586,0.2924978798475079,0.7964944021672811,0.7958808511897366,0.6258578876687111,0.8021489417124285,0.8015540214626932,0.6413806962628472,0.652357757883099,0.6514782326134035,0.45219051787202735,0.6518928236684518,0.6510099162702462,0.4514820116115285,0.46629213483146065,0.6339362092142247,0.08473502501170042,1.063694953918457
3,1.0,0.75,0.5,0.25,8,1000,10,4,0.13774173159236996,0.2588283912343468,0.7037356035430207,0.7007381374431881,0.549997435449975,0.9116055475593928,0.9112424542131328,0.8049349549879696,0.6026383434762643,0.5993779689651157,0.3841586377000738,0.7889606460971244,0.7882379262538325,0.5957957470317893,0.22321428571428573,0.38782538549843315,0.9596604677877804,23.764375925064087
3,1.0,0.75,0.5,0.25,9,69,4,4,0.2913748138964655,0.291200520203193,0.9090437908389912,0.9086701087019787,0.7943429996270311,0.9137594533047027,0.9134059329538328,0.8127690521941776,0.7919171422000004,0.7912079172740434,0.6024389496913674,0.7916267295012033,0.7909147573609079,0.602400964174539,0.4576271186440678,0.6266536694053753,0.10767356047338157,1.6766870021820068
3,1.0,0.75,0.5,0.5,0,116,10,5,0.13900510054265608,0.24645549721760535,0.7148026619737081,0.7120003912286981,0.5262059589027225,1.0,1.0,1.0,0.6949451689973204,0.6925192158358827,0.49966475984317643,0.8974063685419956,0.8969792788487173,0.7526454569778374,0.22321428571428573,0.40459621297944653,0.38283782416972933,3.490687370300293
3,1.0,0.75,0.5,0.5,1,64,10,5,0.1579231343782327,0.27399418407275467,0.7677024652311683,0.7654513314516624,0.6287016259822826,1.0,1.0,1.0,0.6877956309461618,0.68534927229325,0.45522430183997226,0.8974063685419956,0.8969792788487173,0.7526454569778374,0.22321428571428573,0.40459621297944653,0.3979753162712843,1.7324676513671875
3,1.0,0.75,0.5,0.5,2,50,10,4,0.08663467587475515,0.18547509649678146,0.539913681107698,0.5352144876546969,0.3151579147730202,0.9037907607564276,0.9033926442098374,0.7752391372397232,0.41474153791303575,0.4098891922573158,0.18232562063491187,0.7792775881454951,0.7785155100165547,0.5705119925521072,0.5,0.6866999945064001,0.23415014626726427,0.954033613204956
3,1.0,0.75,0.5,0.5,3,109,4,4,0.3033095950933377,0.3032464954491563,0.908286786541069,0.9079097241974984,0.7915753497024844,0.9083491277292126,0.907971490705844,0.7934094346634827,0.7909887969767586,0.7902758452404194,0.6000696491729003,0.7849276230002519,0.7841885630133323,0.586029113950917,0.4606741573033708,0.6295102103485337,0.10749220154333852,2.9331438541412354
3,1.0,0.75,0.5,0.5,4,36,4,4,0.30330959509333777,0.30324649544915616,0.908286786541069,0.9079097241974984,0.7915753497024844,0.9083491277292126,0.907971490705844,0.7934094346634827,0.7909887969767586,0.7902758452404194,0.6000696491729003,0.7849276230002519,0.7841885630133323,0.586029113950917,0.4606741573033708,0.6295102103485337,0.10749220154333852,0.7849855422973633
3,1.0,0.75,0.5,0.5,5,43,10,5,0.1577853310512813,0.2754411696393722,0.7868714987053308,0.7848047773779869,0.6420061744352309,1.0,1.0,1.0,0.6882558411731006,0.6858113766925789,0.45765965057337377,0.8974063685419956,0.8969792788487173,0.7526454569778374,0.22321428571428573,0.40459621297944653,0.38398711446819,1.1378653049468994
3,1.0,0.75,0.5,0.5,6,49,10,4,0.14232234753032624,0.2831363553048302,0.7234464643278445,0.7206935811001751,0.5747654921906655,0.897406368541996,0.8969792788487176,0.7526454569778374,0.7067736621199007,0.7044089718107891,0.5538892682713354,1.0,1.0,1.0,0.22321428571428573,0.40459621297944653,0.3952704960214438,0.8492960929870605
3,1.0,0.75,0.5,0.5,7,96,4,4,0.30330959509333777,0.30324649544915616,0.908286786541069,0.9079097241974984,0.7915753497024844,0.9083491277292126,0.907971490705844,0.7934094346634827,0.7909887969767587,0.7902758452404195,0.6000696491729003,0.7849276230002519,0.7841885630133323,0.586029113950917,0.4606741573033708,0.6295102103485337,0.10749220154333854,2.6362671852111816
3,1.0,0.75,0.5,0.5,8,44,10,4,0.13705675912631984,0.27817815108559124,0.7116463137271597,0.7087901139189975,0.554574576075337,0.9116055475593928,0.9112424542131328,0.8049349549879696,0.6070853623672526,0.6039335415023421,0.3870301854526218,0.7889606460971244,0.7882379262538325,0.5957957470317893,0.22321428571428573,0.40459621297944653,0.3900833655450185,0.7855675220489502
3,1.0,0.75,0.5,0.5,9,46,10,5,0.15783824724792256,0.2736722770164924,0.7677024652311683,0.7654513314516624,0.6287016259822826,1.0,1.0,1.0,0.6877956309461618,0.68534927229325,0.45522430183997226,0.897406368541996,0.8969792788487176,0.7526454569778374,0.22321428571428573,0.40459621297944653,0.39797531627128435,0.8676474094390869
3,1.0,0.75,0.5,0.75,0,54,10,3,0.10348881919059148,0.30098336338506076,0.6474265383351281,0.643809669939586,0.43587571687333904,0.7303232410180941,0.7294623299636516,0.45744797462502,0.5875550690689803,0.5841188323633214,0.32365752107574725,0.8281626276133816,0.8276964442337125,0.6590455003918929,0.510752688172043,0.7090423757090423,0.23422938225453604,1.1141889095306396
3,1.0,0.75,0.5,0.75,1,49,4,4,0.30330959509333777,0.30324649544915616,0.908286786541069,0.9079097241974984,0.7915753497024844,0.9083491277292126,0.907971490705844,0.7934094346634827,0.7909887969767587,0.7902758452404195,0.6000696491729003,0.7849276230002519,0.7841885630133323,0.586029113950917,0.4606741573033708,0.6295102103485337,0.10749220154333852,0.9525179862976074
3,1.0,0.75,0.5,0.75,2,50,4,4,0.30330959509333777,0.30324649544915616,0.908286786541069,0.9079097241974984,0.7915753497024844,0.9083491277292126,0.907971490705844,0.7934094346634827,0.7909887969767587,0.7902758452404195,0.6000696491729003,0.7849276230002519,0.7841885630133323,0.586029113950917,0.4606741573033708,0.6295102103485337,0.10749220154333854,1.2353146076202393
3,1.0,0.75,0.5,0.75,3,1000,10,5,0.14743106959168123,0.27318952656903034,0.758182875997228,0.7558620785390306,0.5980677078128122,1.0,1.0,1.0,0.6798162924989298,0.6773330451848112,0.4321339962274986,0.8974063685419956,0.8969792788487173,0.7526454569778374,0.22321428571428573,0.42288304746439326,0.37028339101232105,22.72424578666687
3,1.0,0.75,0.5,0.75,4,66,4,4,0.2913748138964656,0.2912005202031929,0.9090437908389912,0.9086701087019787,0.7943429996270311,0.9137594533047027,0.9134059329538328,0.8127690521941776,0.7919171422000004,0.7912079172740434,0.6024389496913674,0.7916267295012033,0.7909147573609079,0.602400964174539,0.4576271186440678,0.6266536694053753,0.10767356047338159,2.017688035964966
3,1.0,0.75,0.5,0.75,5,31,4,4,0.2913748138964656,0.2912005202031929,0.9090437908389912,0.9086701087019787,0.7943429996270311,0.9137594533047027,0.9134059329538328,0.8127690521941776,0.7919171422000004,0.7912079172740434,0.6024389496913674,0.7916267295012032,0.7909147573609078,0.602400964174539,0.4576271186440678,0.6266536694053753,0.10767356047338154,0.7557811737060547
3,1.0,0.75,0.5,0.75,6,78,4,4,0.28430885921053173,0.2840608104525071,0.9077861546703496,0.9074068545396609,0.7897360784811976,0.9083491277292126,0.907971490705844,0.7934094346634827,0.7903747757157538,0.7896593564483267,0.5984933525969508,0.7849276230002518,0.7841885630133321,0.586029113950917,0.46629213483146065,0.6339362092142247,0.10501284289472497,2.1409950256347656
3,1.0,0.75,0.5,0.75,7,34,10,3,0.10338682423554964,0.29724109920991887,0.6678152172611244,0.6644247744066367,0.4423999352340173,0.7481612335885639,0.7473688711868739,0.49755280006294755,0.5566759955253915,0.5530026568108173,0.29087827527464744,0.5831226115288771,0.5820100450521393,0.3135555033859615,0.5,0.6962818548948614,0.2291203336761541,0.6483590602874756
3,1.0,0.75,0.5,0.75,8,110,2,2,0.30254059460160804,0.3025405946016079,0.5933918153386777,0.5926772493795246,0.3814880303054271,0.5976802337166613,0.5969738544387009,0.39109438552078163,0.3924399607337398,0.39152520480717656,0.21015328256567536,0.3872439306503139,0.3863163273739962,0.2040240706420313,0.6198830409356725,0.7670320923332972,0.027921690199618477,3.2119953632354736
3,1.0,0.75,0.5,0.75,9,59,10,4,0.12991618758874343,0.2765522775977774,0.7209208319576085,0.7181925283345912,0.5616683476265738,0.9059896953135614,0.9056014712345598,0.78488266182146,0.6189826228749078,0.6159685918128772,0.3933983612931419,0.7820038042783822,0.7812528432163193,0.5787657424083629,0.22321428571428573,0.42288304746439326,0.3558929929645639,1.7270557880401611
3,1.0,0.75,0.5,1.0,0,32,10,5,0.1357945884124982,0.27095929961173826,0.7645528070064863,0.7623118612031732,0.5801407555325301,1.0,1.0,1.0,0.6658944873246205,0.6633260537910431,0.40754669475445277,0.8974063685419956,0.8969792788487173,0.7526454569778374,0.22321428571428573,0.44029587883057414,0.5086166410046088,0.9031229019165039
3,1.0,0.75,0.5,1.0,1,30,10,5,0.1363527179866211,0.27126516203538675,0.7616781010802804,0.7594075577527045,0.5836564824779302,1.0,1.0,1.0,0.6656547531065086,0.6630817706109224,0.41124487016298816,0.897406368541996,0.8969792788487176,0.7526454569778374,0.22321428571428573,0.44029587883057414,0.5064323636290292,0.7465782165527344
3,1.0,0.75,0.5,1.0,2,117,10,4,0.1044755111575189,0.2613378019521318,0.662860102528951,0.6596209337140397,0.4765548804745939,0.9137594533047027,0.9134059329538328,0.8127690521941776,0.5550668579628429,0.551611872487016,0.32417351149090945,0.7916267295012033,0.7909147573609079,0.602400964174539,0.21379310344827587,0.44408790075351684,0.6327122846250824,3.5247788429260254
3,1.0,0.75,0.5,1.0,3,78,10,4,0.12057600165751202,0.28786195340792536,0.7499681321693303,0.7475677968666733,0.5536516133705038,0.9083491277292126,0.907971490705844,0.7934094346634827,0.6492739388600492,0.6465527970148363,0.3862841929975814,0.7849276230002519,0.7841885630133323,0.586029113950917,0.2191780821917808,0.44980461611987294,0.6009721529074402,2.394930362701416
3,1.0,0.75,0.5,1.0,4,115,10,5,0.13455363196739598,0.26780899578709105,0.7580197166303635,0.7557164328819765,0.5763903811821015,1.0,1.0,1.0,0.6679520436639373,0.665399241836668,0.4068938934887744,0.897406368541996,0.8969792788487176,0.7526454569778374,0.22321428571428573,0.44029587883057414,0.5078005572692145,2.4375860691070557
3,1.0,0.75,0.5,1.0,5,36,10,4,0.12070565064946372,0.28784719018434757,0.7497060276290225,0.7473031760919889,0.5529395446867025,0.9083491277292126,0.907971490705844,0.7934094346634827,0.6489907209338125,0.6462673817151054,0.3857107719644294,0.7849276230002519,0.7841885630133323,0.586029113950917,0.2191780821917808,0.44980461611987294,0.60097215290744,0.6569104194641113
3,1.0,0.75,0.5,1.0,6,112,10,5,0.13284622150931466,0.2644263720268191,0.7547752655567557,0.7524393278164487,0.5809016449739112,1.0,1.0,1.0,0.655253783114303,0.6526012074049619,0.4081607417460425,0.8974063685419956,0.8969792788487173,0.7526454569778374,0.22321428571428573,0.44029587883057414,0.5036809280873621,3.3542189598083496
3,1.0,0.75,0.5,1.0,7,1000,10,4,0.09463925307048934,0.24197228780338595,0.6463343527396213,0.6429539260256033,0.4583575304236662,0.9059896953135614,0.9056014712345598,0.78488266182146,0.5377799254526343,0.5342105083635583,0.3099631165600957,0.7820038042783822,0.7812528432163193,0.5787657424083629,0.2604166666666667,0.4860409052025818,0.5373137985211053,25.313522577285767
3,1.0,0.75,0.5,1.0,8,112,10,4,0.1004859735474482,0.2533242726185506,0.6654431118999361,0.6622250774874368,0.4927353550091706,0.9116055475593928,0.9112424542131328,0.8049349549879696,0.5577391836887962,0.5543007656823923,0.3371746310940237,0.7889606460971244,0.7882379262538325,0.5957957470317893,0.22321428571428573,0.44029587883057414,0.6045496215766565,3.4638538360595703
3,1.0,0.75,0.5,1.0,9,61,10,4,0.10207797870389801,0.2617479220598086,0.6507002019728082,0.6473597165778863,0.4658290237928507,0.9037907607564276,0.9033926442098374,0.7752391372397232,0.544747163458088,0.541229540872904,0.3161846732565677,0.7792775881454951,0.7785155100165547,0.5705119925521072,0.22321428571428573,0.44029587883057414,0.5563633702339196,1.7952244281768799
3,1.0,0.75,0.75,0.0,0,113,10,4,0.14405090528504916,0.26683132401067833,0.7099285661835636,0.7070153693290653,0.5642723765626239,0.9116055475593928,0.9112424542131328,0.8049349549879696,0.6014029167177705,0.5981583451764255,0.3947073643476183,0.7889606460971247,0.7882379262538328,0.5957957470317893,0,0.0,inf,3.44586181640625
3,1.0,0.75,0.75,0.0,1,111,10,4,0.11161070005873477,0.21434984608325977,0.6198815170554384,0.6159717472183035,0.4255630298903189,0.9000920107272863,0.8996771460213145,0.7622414951112423,0.5113706059512881,0.507289944073921,0.2793811126503717,0.7746891130677099,0.7739081836339227,0.5593213086866492,0,0.0,inf,3.4140405654907227
3,1.0,0.75,0.75,0.0,2,58,10,3,0.11381210298645374,0.2795985284748696,0.6107292566200718,0.6067269618686164,0.43077735379361026,0.7921997857472497,0.7915695648752535,0.6162892627615703,0.4910593304024389,0.4868108913363981,0.2817353976666448,0.6392779718964172,0.6383542378752756,0.4282009089578253,0,0.0,inf,1.6855125427246094
3,1.0,0.75,0.75,0.0,3,1000,10,4,0.1369791160314413,0.24344729869201534,0.6582833128844152,0.654843843140541,0.5070460370947657,0.9059896953135614,0.9056014712345598,0.78488266182146,0.5644504642557924,0.5608966494265184,0.3575884430473933,0.7820038042783822,0.7812528432163193,0.5787657424083629,0,0.0,inf,22.556324243545532
3,1.0,0.75,0.75,0.0,4,42,10,2,0.07904734572083257,0.27472052141160286,0.4432208428629321,0.43731433019103655,0.2850920965073362,0.5879077429223252,0.5871790535706989,0.3717161405198315,0.40495151032684606,0.3998138961433412,0.2865401757088193,0.6768387497441452,0.676345545785955,0.5489778408135174,0,0.0,inf,0.9139461517333984
3,1.0,0.75,0.75,0.0,5,147,10,3,0.11621751403291387,0.2746667642934184,0.5948217199736703,0.5906638749929651,0.42539876349824735,0.8021489417124285,0.8015540214626932,0.6413806962628472,0.47402499823733507,0.4696434712734229,0.2774310248525393,0.6518928236684518,0.6510099162702462,0.4514820116115285,0,0.0,inf,2.950092315673828
3,1.0,0.75,0.75,0.0,6,45,10,4,0.1454742154106886,0.2851158740607208,0.7312002280063366,0.7285032519618906,0.5806640730091855,0.9137594533047027,0.9134059329538328,0.8127690521941776,0.62457097534108,0.6215181500593197,0.40830518976538804,0.7916267295012032,0.7909147573609078,0.602400964174539,0,0.0,inf,1.2888741493225098
3,1.0,0.75,0.75,0.0,7,115,10,4,0.14157472138731744,0.2652958769284627,0.6834274772272272,0.6802446004597676,0.5264667327211029,0.897406368541996,0.8969792788487176,0.7526454569778374,0.6808642590796905,0.678263400519622,0.5418109696240445,1.0,1.0,1.0,0,0.0,inf,3.467891216278076
3,1.0,0.75,0.75,0.0,8,216,10,4,0.1364433654205239,0.255221395476523,0.6637114768262207,0.6603328466785692,0.518200715500635,0.897406368541996,0.8969792788487176,0.7526454569778374,0.6556862982190292,0.6528824574799564,0.5320044302644303,1.0,1.0,1.0,0,0.0,inf,5.470668315887451
3,1.0,0.75,0.75,0.0,9,39,10,4,0.14090385528552124,0.2609597632545275,0.6628017603238052,0.6594259947297061,0.5174362973418759,0.9116055475593928,0.9112424542131328,0.8049349549879696,0.5724996378045248,0.5690316851268755,0.3687084067693543,0.7889606460971247,0.7882379262538328,0.5957957470317893,0,0.0,inf,0.7804965972900391
3,1.0,0.75,0.75,0.25,0,61,10,4,0.12181434616591406,0.2531620510182941,0.625102223319034,0.6213832828564342,0.4785662113665582,0.9037907607564276,0.9033926442098374,0.7752391372397232,0.5252857336161104,0.5214716388511227,0.3269435161916305,0.7792775881454947,0.7785155100165544,0.5705119925521072,0.2403846153846154,0.40459621297944653,1.1067447071488508,1.7457466125488281
3,1.0,0.75,0.75,0.25,1,78,10,5,0.1562775345830141,0.2736273623525493,0.7809321569854925,0.7788083020657266,0.6398682880785534,1.0,1.0,1.0,0.6818555081569747,0.6793614364974152,0.45592072923947347,0.897406368541996,0.8969792788487176,0.7526454569778374,0.2403846153846154,0.40459621297944653,0.9913938989755757,1.9612915515899658
3,1.0,0.75,0.75,0.25,2,46,10,4,0.13058134865556464,0.27101686794390667,0.7020318232806407,0.6990704365228463,0.5222528415608472,0.9137594533047027,0.9134059329538328,0.8127690521941776,0.5938435157049691,0.5905735926349968,0.35992501251698117,0.7916267295012032,0.7909147573609078,0.602400964174539,0.32,0.42147410568463195,0.9060287318451523,0.9214460849761963
3,1.0,0.75,0.75,0.25,3,33,10,3,0.10388835514473296,0.25785667478798346,0.5814892088125089,0.5773143984275311,0.45246503789832465,0.789789857030486,0.789150994948784,0.6112350182388241,0.46871595528537124,0.4644219351819231,0.3029343019526433,0.636218386690312,0.6352846396218612,0.42347263580084515,0.29464285714285715,0.42147410568463195,1.1273565627880628,0.6648464202880859
3,1.0,0.75,0.75,0.25,4,159,10,3,0.10559130077011052,0.28595946931222427,0.5894788031545394,0.585254013591062,0.3810179420479179,0.7303232410180941,0.7294623299636516,0.45744797462502,0.5565181570235421,0.5528111060735417,0.33883374810164507,0.8281626276133816,0.8276964442337125,0.6590455003918929,0.32,0.42147410568463195,0.9572942031409106,3.3737893104553223
3,1.0,0.75,0.75,0.25,5,60,10,4,0.1177573678316568,0.24916881807415062,0.648253343584406,0.6447657920703945,0.4942727661988402,0.9037907607564276,0.9033926442098374,0.7752391372397232,0.5358670763080975,0.5321399894942294,0.3369778048433485,0.7792775881454951,0.7785155100165547,0.5705119925521072,0.2403846153846154,0.39963918290914485,1.143153626989004,1.729673147201538
3,1.0,0.75,0.75,0.25,6,96,10,4,0.11554529927426806,0.24350131687823065,0.6365870710182037,0.6329696220385327,0.46384724282404055,0.8974063685419958,0.8969792788487174,0.7526454569778374,0.5426210850344693,0.5389325913944744,0.3188034209381971,0.7713552409379785,0.7705605424897544,0.5510101485183012,0.3125,0.42147410568463195,0.9932019251443693,2.169651985168457
3,1.0,0.75,0.75,0.25,7,114,10,5,0.15552813300752658,0.27382840626681965,0.786668829892011,0.7846007121560987,0.640889108502395,1.0,1.0,1.0,0.6880641658273203,0.6856189186620887,0.45674321278444746,0.897406368541996,0.8969792788487176,0.7526454569778374,0.2403846153846154,0.40459621297944653,0.98676237067603,3.456989288330078
3,1.0,0.75,0.75,0.25,8,43,10,5,0.13135234705773083,0.22272812230401673,0.6991609683250183,0.6961928935409678,0.5093690710865993,1.0,1.0,1.0,0.5965735210998793,0.5933511242156739,0.35097608611973313,0.8974063685419956,0.8969792788487173,0.7526454569778374,0.2403846153846154,0.40459621297944653,1.1282310199737733,1.2197158336639404
3,1.0,0.75,0.75,0.25,9,43,10,4,0.11978584239801954,0.23541990415181752,0.639657151183261,0.6360778705410756,0.4870555902949504,0.9116055475593928,0.9112424542131328,0.8049349549879696,0.529775266983894,0.5259918733471449,0.3311912643315636,0.7889606460971244,0.7882379262538325,0.5957957470317893,0.2403846153846154,0.40459621297944653,1.1348134036330726,1.2331914901733398
3,1.0,0.75,0.75,0.5,0,41,10,4,0.10923744907967727,0.2506004082624998,0.649431944374209,0.6460016855638135,0.47339535129726773,0.8974063685419958,0.8969792788487174,0.7526454569778374,0.5619655183657661,0.5584971234282823,0.3307025717293073,0.7713552409379785,0.7705605424897544,0.5510101485183012,0.2403846153846154,0.42288304746439326,0.44288747790561206,1.1507368087768555
3,1.0,0.75,0.75,0.5,1,38,10,5,0.14676304429556516,0.2737740605088605,0.7786747074998214,0.7765491089874399,0.6137501857233649,1.0,1.0,1.0,0.680294108813298,0.6778127323683559,0.43460870576388405,0.8974063685419956,0.8969792788487173,0.7526454569778374,0.2403846153846154,0.42288304746439326,0.4370455446539887,0.9742569923400879
3,1.0,0.75,0.75,0.5,2,112,10,3,0.08386847940771204,0.26086391446759694,0.5588975378355441,0.5545170862205392,0.3822993878592589,0.7926764584473263,0.7920479364188315,0.6178455857756018,0.45780836139712183,0.45344669375577484,0.2504978037074584,0.6398829605162116,0.6389611927460445,0.42965422834092154,0.3055555555555556,0.4116766467065868,0.39010292638496047,2.9377894401550293
3,1.0,0.75,0.75,0.5,3,65,10,5,0.1476994733695359,0.2749344898500815,0.7786747074998214,0.7765491089874399,0.6137501857233649,1.0,1.0,1.0,0.6802941088132979,0.6778127323683558,0.43460870576388405,0.8974063685419956,0.8969792788487173,0.7526454569778374,0.2403846153846154,0.42288304746439326,0.4370455446539887,1.446943759918213
3,1.0,0.75,0.75,0.5,4,34,10,4,0.11718208255819737,0.25880266556547454,0.6784853866457554,0.6753224389565998,0.4762530768465681,0.9137594533047027,0.9134059329538328,0.8127690521941776,0.5693862457190229,0.5659567748220796,0.3222327104651236,0.7916267295012033,0.7909147573609079,0.602400964174539,0.41379310344827586,0.541895278737384,0.2698640243675861,0.6103458404541016
3,1.0,0.75,0.75,0.5,5,111,10,5,0.1462130701042663,0.27269620781271225,0.7764815164200215,0.7743348661021368,0.6133740741951681,1.0,1.0,1.0,0.6779247725353146,0.6754250209312794,0.43430630675161064,0.8974063685419956,0.8969792788487173,0.7526454569778374,0.2403846153846154,0.42288304746439326,0.43722189594621896,2.7175965309143066
3,1.0,0.75,0.75,0.5,6,56,10,3,0.09498781357516674,0.28583988790374054,0.6364229555322187,0.6328396831389211,0.4524939976927033,0.7926764584473263,0.7920479364188315,0.6178455857756018,0.5236791864765387,0.5198784548414793,0.3028468945389219,0.6398829605162114,0.6389611927460443,0.42965422834092154,0.2962962962962963,0.40255623207366775,0.37630915894017636,1.0853655338287354
3,1.0,0.75,0.75,0.5,7,32,10,4,0.1158279395990817,0.26270551162126227,0.6779656881042118,0.674834463846576,0.5034534031446648,0.9116055475593928,0.9112424542131328,0.8049349549879696,0.5701347450736939,0.5667539890236699,0.345341687911261,0.7889606460971244,0.7882379262538325,0.5957957470317893,0.3125,0.5463525503737051,0.35236927448862865,0.9256620407104492
3,1.0,0.75,0.75,0.5,8,114,10,4,0.10739026127587403,0.2735335435056857,0.6633580148143,0.6600690715506862,0.47194696133663255,0.9000920107272863,0.8996771460213145,0.7622414951112423,0.5714924821750693,0.5681050629482982,0.32616122033569356,0.7746891130677099,0.7739081836339227,0.5593213086866492,0.3247863247863248,0.44097850810007894,0.3656685803109143,2.6195120811462402
3,1.0,0.75,0.75,0.5,9,51,10,5,0.14575809274505508,0.2710478280835656,0.7786747074998214,0.7765491089874399,0.6137501857233649,1.0,1.0,1.0,0.6802941088132979,0.6778127323683558,0.43460870576388405,0.897406368541996,0.8969792788487176,0.7526454569778374,0.2403846153846154,0.42288304746439326,0.4370455446539888,1.5541496276855469
3,1.0,0.75,0.75,0.75,0,67,10,5,0.11458768333819201,0.2296003616817547,0.7134254661885218,0.7106681022567776,0.49533451064129974,1.0,1.0,1.0,0.6095537517500614,0.6065171260648385,0.33920660464300456,0.897406368541996,0.8969792788487176,0.7526454569778374,0.5079365079365079,0.6767330710992683,0.12400484552239126,1.7177386283874512
3,1.0,0.75,0.75,0.75,1,55,10,5,0.1367351734166349,0.27142505581875015,0.7722218809554855,0.770050841352935,0.5895461578481003,1.0,1.0,1.0,0.6740391565235313,0.6715295354564181,0.41507660075456815,0.897406368541996,0.8969792788487176,0.7526454569778374,0.2403846153846154,0.4429011798887432,0.3121746455166701,1.1347455978393555
3,1.0,0.75,0.75,0.75,2,112,10,5,0.13678530046982326,0.2709526911980814,0.7722218809554855,0.770050841352935,0.5895461578481003,1.0,1.0,1.0,0.6740391565235312,0.671529535456418,0.41507660075456815,0.8974063685419956,0.8969792788487173,0.7526454569778374,0.2403846153846154,0.4429011798887432,0.31217464551666996,3.154625177383423
3,1.0,0.75,0.75,0.75,3,83,10,4,0.0942274713794269,0.2231561003142257,0.6241207856154052,0.6204574198228751,0.46310729990150545,0.897406368541996,0.8969792788487176,0.7526454569778374,0.5937325717915698,0.5905291900484513,0.42523499039380636,1.0,1.0,1.0,0.37349397590361444,0.5591227184185844,0.10847161057141852,2.406660556793213
3,1.0,0.75,0.75,0.75,4,39,10,3,0.06825633363285961,0.25518353131632554,0.5443132252434553,0.5398863303531486,0.3538320044134246,0.7926764584473263,0.7920479364188315,0.6178455857756018,0.42839439625256875,0.42390287849587194,0.22413212531444307,0.6398829605162116,0.6389611927460445,0.42965422834092154,0.2553191489361702,0.40950040950040945,0.2817027296264927,1.1066720485687256
3,1.0,0.75,0.75,0.75,5,27,10,4,0.09656047048010193,0.22485701109879605,0.627584477946637,0.623954147729239,0.4571744469503366,0.9116055475593928,0.9112424542131328,0.8049349549879696,0.5428238199004068,0.5392181660371529,0.3216997654305229,0.7889606460971247,0.7882379262538328,0.5957957470317893,0.3,0.5369625,0.231348465144732,0.7545797824859619
3,1.0,0.75,0.75,0.75,6,112,10,5,0.13871334866841425,0.27420449876291114,0.7724461178194056,0.7702765300369449,0.5907206253338736,1.0,1.0,1.0,0.6742505399478372,0.6717417007614357,0.41601987409777713,0.8974063685419956,0.8969792788487173,0.7526454569778374,0.2403846153846154,0.4429011798887432,0.311240150875918,2.9140543937683105
3,1.0,0.75,0.75,0.75,7,52,10,3,0.08845065077231463,0.2892882291273289,0.6964515252158227,0.6935076920603053,0.5425461490219079,0.8021489417124285,0.8015540214626932,0.6413806962628472,0.6129251044340905,0.6098891795936748,0.3883951706396081,0.6518928236684518,0.6510099162702462,0.4514820116115285,0.2807017543859649,0.42206336226225966,0.2653318363717123,1.4339232444763184
3,1.0,0.75,0.75,0.75,8,85,10,4,0.10781283770852126,0.26101482766084116,0.6768193643876986,0.673704100999771,0.5053444478969145,0.9116055475593928,0.9112424542131328,0.8049349549879696,0.5697977912409589,0.5664454401111362,0.34720542852540104,0.7889606460971247,0.7882379262538328,0.5957957470317893,0.3048780487804878,0.527114784515476,0.18340537237633678,2.587897539138794
3,1.0,0.75,0.75,0.75,9,113,10,4,0.10844657874604026,0.267635998723464,0.7032731682057026,0.7004103712433527,0.5282940564119298,0.9137594533047027,0.9134059329538328,0.8127690521941776,0.6166020518322962,0.6136115827386064,0.3731942242932743,0.7916267295012033,0.7909147573609079,0.602400964174539,0.26495726495726496,0.40530293125539313,0.28668132769873456,3.963937282562256
3,1.0,0.75,0.75,1.0,0,31,10,5,0.12934362024696577,0.26963228922496413,0.7630193186504147,0.7607749128453644,0.5648234332839491,1.0,1.0,1.0,0.664710909708468,0.6621469022497779,0.3953236823601931,0.8974063685419956,0.8969792788487173,0.7526454569778374,0.2403846153846154,0.46203888519257774,0.3777037484176848,0.9777498245239258
3,1.0,0.75,0.75,1.0,1,118,10,3,0.07277266998648502,0.2847601751620058,0.5329366205700258,0.5284357151311124,0.3365307884050148,0.7303232410180941,0.7294623299636516,0.45744797462502,0.5015808509301184,0.4976979008080296,0.2551268774186093,0.8281626276133816,0.8276964442337125,0.6590455003918929,0.3076923076923077,0.43591979075850046,0.2072090415881418,4.070390939712524
3,1.0,0.75,0.75,1.0,2,114,10,5,0.12954322824796766,0.26958415561860444,0.7561232155388308,0.7538109678988364,0.5651592018318538,1.0,1.0,1.0,0.6623786924513965,0.6597938360375373,0.3975029271662726,0.8974063685419956,0.8969792788487173,0.7526454569778374,0.2403846153846154,0.46203888519257774,0.3705624159857553,3.7869346141815186
3,1.0,0.75,0.75,1.0,3,112,10,4,0.09476703490990321,0.2635281821166691,0.6360083289383949,0.6325283049295725,0.4236864611568184,0.9000920107272863,0.8996771460213145,0.7622414951112423,0.5516251104755607,0.5481614997956488,0.29452442397694883,0.7746891130677099,0.7739081836339227,0.5593213086866492,0.3130434782608696,0.5051780752715331,0.24950717442577125,2.743382692337036
3,1.0,0.75,0.75,1.0,4,114,10,3,0.07135144150008324,0.2725556662529956,0.5900366298038427,0.5860859746166964,0.385600817722208,0.7303232410180941,0.7294623299636516,0.45744797462502,0.5199843288163873,0.5162447515699972,0.2719520014383908,0.8281626276133816,0.8276964442337125,0.6590455003918929,0.3076923076923077,0.43591979075850046,0.2072090415881418,3.5579309463500977
3,1.0,0.75,0.75,1.0,5,1000,10,5,0.12910881576390917,0.26845020227247635,0.7547459712484581,0.7524227920175603,0.5636615002796793,1.0,1.0,1.0,0.664827236587533,0.6622636282781164,0.3958052687863746,0.8974063685419956,0.8969792788487173,0.7526454569778374,0.2403846153846154,0.46203888519257774,0.37832343574916877,25.66141653060913
3,1.0,0.75,0.75,1.0,6,1000,10,5,0.12916912118331123,0.26783587470176984,0.7540718905913207,0.7517402690832498,0.5652682818879695,1.0,1.0,1.0,0.6549484541087257,0.6523068021333122,0.395675103730602,0.8974063685419956,0.8969792788487173,0.7526454569778374,0.2403846153846154,0.46203888519257774,0.3709735626207013,21.27228021621704
3,1.0,0.75,0.75,1.0,7,74,10,4,0.10967531923520756,0.28454057876628114,0.7228132067569852,0.7201795165209072,0.5125718212442375,0.9083491277292126,0.907971490705844,0.7934094346634827,0.6209793829167498,0.6180709286459246,0.3535948645827144,0.7849276230002519,0.7841885630133323,0.586029113950917,0.2807017543859649,0.5287105263157895,0.37473297553641854,2.198812961578369
3,1.0,0.75,0.75,1.0,8,43,10,5,0.1291191185497311,0.2681318682388507,0.7363069598684806,0.7338069049319814,0.5486542375837802,1.0,1.0,1.0,0.6407052883043993,0.6379545877498503,0.3839171303910181,0.8974063685419956,0.8969792788487173,0.7526454569778374,0.2403846153846154,0.46203888519257774,0.3800654577814863,1.1199026107788086
3,1.0,0.75,0.75,1.0,9,113,10,4,0.08771046101130614,0.25381983391123464,0.6554678964036511,0.6521884378301119,0.46086330290630556,0.8974063685419958,0.8969792788487174,0.7526454569778374,0.5480744505353162,0.5445999064061156,0.31220128187405594,0.7713552409379785,0.7705605424897544,0.5510101485183012,0.2403846153846154,0.46203888519257774,0.39876255887909845,3.4988625049591064
3,1.0,0.75,1.0,0.0,0,1000,10,5,0.13088431527442737,0.2267865881343735,0.6837424469237016,0.6806880614852839,0.559720592191577,1.0,1.0,1.0,0.577173537883016,0.5738723485104054,0.39116821348217673,0.897406368541996,0.8969792788487176,0.7526454569778374,0,0.0,inf,29.111162424087524
3,1.0,0.75,1.0,0.0,1,1000,10,4,0.11396086876191969,0.23763281155162053,0.6041522778742193,0.6002491179783382,0.45022250525116214,0.897406368541996,0.8969792788487176,0.7526454569778374,0.6187366930779798,0.615693129228297,0.495094042499662,1.0,1.0,1.0,0,0.0,inf,22.502042293548584
3,1.0,0.75,1.0,0.0,2,74,10,4,0.10315983298401048,0.23043184929629426,0.6223076632881152,0.6186027339575271,0.42870983633936216,0.9059896953135614,0.9056014712345598,0.78488266182146,0.5090071433232303,0.5051093887841804,0.2840705723538669,0.7820038042783822,0.7812528432163193,0.5787657424083629,0,0.0,inf,1.5788776874542236
3,1.0,0.75,1.0,0.0,3,1000,10,4,0.12052037838361485,0.2451684940310683,0.6063772163354973,0.6025166929598925,0.4751734400669307,0.9116055475593928,0.9112424542131328,0.8049349549879696,0.49661775727079954,0.4926224030036824,0.3231643446631696,0.7889606460971244,0.7882379262538325,0.5957957470317893,0,0.0,inf,23.943978786468506
3,1.0,0.75,1.0,0.0,4,39,10,3,0.09349583910391676,0.2525252562669324,0.533196413980263,0.5285430970242412,0.3801889374699005,0.7921997857472497,0.7915695648752535,0.6162892627615703,0.43239483682742713,0.4278105539504287,0.24933748828369795,0.6392779718964172,0.6383542378752756,0.4282009089578253,0,0.0,inf,1.2647199630737305
3,1.0,0.75,1.0,0.0,5,94,10,3,0.08526405766054994,0.2406979957307195,0.4875255785947101,0.4824009130135981,0.3428127080240393,0.7849276230002521,0.7842712471813089,0.5998687124749003,0.5039029598437612,0.49988261689342334,0.42973312559218174,0.884983406868874,0.884686800044098,0.830441303607371,0,0.0,inf,2.720885992050171
3,1.0,0.75,1.0,0.0,6,51,10,4,0.12780534481772388,0.2564263542711089,0.6360331596097256,0.6324748451856957,0.5093177941803136,0.9083491277292126,0.907971490705844,0.7934094346634827,0.5373102509403035,0.5336504337593017,0.35374503164925636,0.7849276230002519,0.7841885630133323,0.586029113950917,0,0.0,inf,1.4252097606658936
3,1.0,0.75,1.0,0.0,7,115,10,4,0.08811684518814189,0.18807665820649727,0.5520814032086708,0.5476054732288368,0.39847253564207247,0.9037907607564276,0.9033926442098374,0.7752391372397232,0.4364384262988915,0.4318748600803788,0.2576202197039743,0.7792775881454951,0.7785155100165547,0.5705119925521072,0,0.0,inf,3.3939132690429688
3,1.0,0.75,1.0,0.0,8,44,10,5,0.12968227092419732,0.23226191920885547,0.7156008014156144,0.7128526954797931,0.5964132518178491,1.0,1.0,1.0,0.6115565847793863,0.6085221739377629,0.42073988643387156,0.8974063685419956,0.8969792788487173,0.7526454569778374,0,0.0,inf,1.1521546840667725
3,1.0,0.75,1.0,0.0,9,1000,10,4,0.1094501388438986,0.23688478008497824,0.5946463707820124,0.5906632390624494,0.4353247064783704,0.897406368541996,0.8969792788487176,0.7526454569778374,0.6139495420283099,0.6108791838303683,0.4641379115481426,1.0,1.0,1.0,0,0.0,inf,22.44099235534668
3,1.0,0.75,1.0,0.25,0,92,10,5,0.10666423294814396,0.19472049522271598,0.6444345383121792,0.6409921388550543,0.4751471712587975,1.0,1.0,1.0,0.55511723045231,0.5516344783475788,0.33217103101213014,0.8974063685419956,0.8969792788487173,0.7526454569778374,0.24242424242424243,0.364000364000364,1.1831572839597624,2.455913543701172
3,1.0,0.75,1.0,0.25,1,1000,10,4,0.10541504377746355,0.23654002500050855,0.5710352261843796,0.5668955201367972,0.42709524652464703,0.9083491277292126,0.907971490705844,0.7934094346634827,0.4637460933610585,0.45956247849599285,0.2858203396185415,0.7849276230002518,0.7841885630133321,0.586029113950917,0.24242424242424243,0.364000364000364,1.2299366854560156,21.272109985351562
3,1.0,0.75,1.0,0.25,2,30,10,4,0.09220902351203575,0.22092979250803568,0.5898705374538687,0.5859127181147347,0.4283119128352318,0.9083491277292126,0.907971490705844,0.7934094346634827,0.5020017148300386,0.49811667526221365,0.3040356648890672,0.7849276230002518,0.7841885630133321,0.586029113950917,0.24242424242424243,0.364000364000364,1.224068174501765,0.5798170566558838
3,1.0,0.75,1.0,0.25,3,53,10,4,0.09392281689119408,0.2433607514627724,0.6363482595763326,0.6328423455689486,0.4589763697889977,0.9137594533047027,0.9134059329538328,0.8127690521941776,0.5419641189737712,0.5383945360164689,0.31665868187656593,0.7916267295012033,0.7909147573609079,0.602400964174539,0.24242424242424243,0.364000364000364,1.2241233880459859,1.5135602951049805
3,1.0,0.75,1.0,0.25,4,91,10,2,0.055456353999323076,0.2656842243817822,0.4355494818364624,0.4299509163331451,0.29816716157123074,0.5936479709519707,0.5929324165216566,0.3829540138806239,0.3235060635121612,0.3180710238978118,0.18048855543571618,0.3819083766433755,0.38096954587584214,0.19536854482611762,0.21818181818181817,0.364000364000364,1.5743851515658112,2.594388246536255
3,1.0,0.75,1.0,0.25,5,50,10,4,0.1097341188877373,0.24211277457946573,0.6203543610557049,0.6166593519047063,0.4685525504249557,0.897406368541996,0.8969792788487176,0.7526454569778374,0.6236882516388115,0.6207255155514171,0.4763548540269713,1.0,1.0,1.0,0.24242424242424243,0.364000364000364,1.2001066453486258,1.3826563358306885
3,1.0,0.75,1.0,0.25,6,82,10,4,0.1111643719816329,0.24056137578840026,0.6205391154865957,0.6168581991951408,0.458653684394323,0.897406368541996,0.8969792788487176,0.7526454569778374,0.6224066377849222,0.6194444526407369,0.45767304596711605,1.0,1.0,1.0,0.24242424242424243,0.364000364000364,1.1814283344059129,2.451925039291382
3,1.0,0.75,1.0,0.25,7,54,10,5,0.1367331558035149,0.23496079235218292,0.7085024468423214,0.7057067790798637,0.5872069104351957,1.0,1.0,1.0,0.6046066900746271,0.6015423663625707,0.41326558946587566,0.897406368541996,0.8969792788487176,0.7526454569778374,0.24242424242424243,0.364000364000364,1.016485987258721,1.468801736831665
3,1.0,0.75,1.0,0.25,8,108,10,4,0.11726751906939281,0.2516440054947617,0.628784299236212,0.6252029065122613,0.4852306189425431,0.9083491277292126,0.907971490705844,0.7934094346634827,0.5178304268954596,0.5140698878473037,0.33108743698358845,0.7849276230002518,0.7841885630133321,0.586029113950917,0.24242424242424243,0.364000364000364,1.2266949509440481,3.1257436275482178
3,1.0,0.75,1.0,0.25,9,117,10,4,0.09815131462591918,0.23679461817816247,0.5952740189304351,0.5913664363287919,0.4341043367131745,0.9000920107272863,0.8996771460213145,0.7622414951112423,0.49473159298918484,0.49078776839554883,0.2936965345007732,0.7746891130677099,0.7739081836339227,0.5593213086866492,0.24242424242424243,0.364000364000364,1.2045106495537472,3.513343334197998
3,1.0,0.75,1.0,0.5,0,66,10,4,0.08323735039407218,0.21701647263670343,0.5825621384542676,0.5785347694257637,0.415945473865158,0.8974063685419958,0.8969792788487174,0.7526454569778374,0.49131136981682794,0.48734360765523704,0.2831537222401947,0.7713552409379785,0.7705605424897544,0.5510101485183012,0.3113207547169811,0.41291291291291293,0.4467687701992218,2.020840644836426
3,1.0,0.75,1.0,0.5,1,117,10,3,0.07793124295695975,0.2566905491157371,0.5774140911165594,0.5733228560624684,0.39631509099820267,0.8021489417124285,0.8015540214626932,0.6413806962628472,0.49446808735494074,0.490510290411098,0.27089709394433553,0.651892823668452,0.6510099162702464,0.4514820116115285,0.30275229357798167,0.40950040950040945,0.5698106859253255,3.469087839126587
3,1.0,0.75,1.0,0.5,2,112,10,4,0.08710778210590127,0.23922975771512986,0.6550890140660999,0.651786425889969,0.4956301239041993,0.9137594533047027,0.9134059329538328,0.8127690521941776,0.5501953448527824,0.5467152162841488,0.3409396788968815,0.7916267295012032,0.7909147573609078,0.602400964174539,0.31958762886597936,0.5475088348016525,0.4656236473111107,3.4725162982940674
3,1.0,0.75,1.0,0.5,3,112,10,4,0.10563008133957637,0.24233712283434847,0.6232009399026649,0.6195839340500382,0.4724993747956625,0.897406368541996,0.8969792788487176,0.7526454569778374,0.601739712555543,0.5986500631322624,0.4195277704850446,1.0,1.0,1.0,0.3142857142857143,0.47643797643797636,0.4226511547180646,3.4716899394989014
3,1.0,0.75,1.0,0.5,4,55,10,4,0.10485097222774661,0.2548782245914022,0.639068932589076,0.6356193767681309,0.45641510130734464,0.9083491277292126,0.907971490705844,0.7934094346634827,0.5299444765958375,0.5263149190762947,0.30843230918384246,0.7849276230002519,0.7841885630133323,0.586029113950917,0.32653061224489793,0.5640612244897959,0.4561053854841365,1.581367015838623
3,1.0,0.75,1.0,0.5,5,67,10,4,0.09648772060160987,0.2337356871764289,0.6075294903150564,0.6037799577688173,0.4327758177508179,0.9083491277292126,0.907971490705844,0.7934094346634827,0.49591947483561066,0.4920288071540933,0.2895248005215536,0.7849276230002519,0.7841885630133323,0.586029113950917,0.32653061224489793,0.5640612244897959,0.4525081428818808,1.9338183403015137
3,1.0,0.75,1.0,0.5,6,51,10,4,0.09796268573451723,0.23401052264359146,0.6015068143253502,0.5976676343935835,0.445989554864763,0.897406368541996,0.8969792788487176,0.7526454569778374,0.5961605668987957,0.5930153877205161,0.41687538974496474,1.0,1.0,1.0,0.3142857142857143,0.4253180218845455,0.42885537482154745,1.5515222549438477
3,1.0,0.75,1.0,0.5,7,1000,10,4,0.08538142390015727,0.23224403790710804,0.5926939227308209,0.588767547120838,0.4232654447082014,0.9037907607564276,0.9033926442098374,0.7752391372397232,0.48074424860034626,0.4766976575545331,0.2808685036151541,0.7792775881454951,0.7785155100165547,0.5705119925521072,0.34615384615384615,0.46003450258769407,0.4098823679108142,24.31997513771057
3,1.0,0.75,1.0,0.5,8,51,10,4,0.10037506562273747,0.23887061448769797,0.6151370159995376,0.6114262461999811,0.45286762844298367,0.897406368541996,0.8969792788487176,0.7526454569778374,0.6126939531684482,0.6096750055870526,0.44528072045389183,1.0,1.0,1.0,0.34285714285714286,0.45808520384791573,0.4088589034584661,1.3272104263305664
3,1.0,0.75,1.0,0.5,9,1000,10,3,0.07401645391595142,0.24913808310957095,0.5215954345192386,0.5169713684980275,0.3514303359426171,0.7921997857472497,0.7915695648752535,0.6162892627615703,0.41773316570178254,0.4131826151168813,0.22774773344671864,0.6392779718964172,0.6383542378752756,0.4282009089578253,0.28735632183908044,0.4253180218845455,0.5590915265435857,21.230937242507935
3,1.0,0.75,1.0,0.75,0,87,10,4,0.09575665989611465,0.24756577510686556,0.6337720389330632,0.6302986124397792,0.443649787659706,0.9083491277292126,0.907971490705844,0.7934094346634827,0.5419686903950564,0.5384607536126729,0.30749936777327636,0.7849276230002518,0.7841885630133321,0.586029113950917,0.4266666666666667,0.63492,0.20724805505373414,2.644448757171631
3,1.0,0.75,1.0,0.75,1,71,10,5,0.0996588953916984,0.1960860584239219,0.6271840840412196,0.6236489177311664,0.4549312427094453,1.0,1.0,1.0,0.5404742901869237,0.5369556696776939,0.3205388752792397,0.897406368541996,0.8969792788487176,0.7526454569778374,0.4647887323943662,0.5934077790365215,0.158185608912223,2.0972111225128174
3,1.0,0.75,1.0,0.75,2,45,10,5,0.10902088287820717,0.23063162923656752,0.685409736077863,0.6824253401648223,0.5334262995936547,1.0,1.0,1.0,0.5987609261777705,0.5956871441258966,0.3797532822619937,0.897406368541996,0.8969792788487176,0.7526454569778374,0.5238095238095238,0.6842285323297981,0.13497718471835835,1.2931723594665527
3,1.0,0.75,1.0,0.75,3,1000,10,4,0.07453107144417767,0.20164245154986848,0.52722266916213,0.5226838245003803,0.35791842073353364,0.9037907607564276,0.9033926442098374,0.7752391372397232,0.4297174745022032,0.42529257655264535,0.2353384095281829,0.7792775881454947,0.7785155100165544,0.5705119925521072,0.32673267326732675,0.42715128922025475,0.21358418783237973,22.152459383010864
3,1.0,0.75,1.0,0.75,4,43,10,5,0.11244216854744232,0.22825525801003355,0.6665481448442832,0.6633947074778668,0.5022054643666476,1.0,1.0,1.0,0.5607292574688815,0.5573753498147633,0.34554707182676264,0.8974063685419956,0.8969792788487173,0.7526454569778374,0.5238095238095238,0.693000693000693,0.14690411801054273,0.9357044696807861
3,1.0,0.75,1.0,0.75,5,68,10,5,0.11812043532823667,0.22314834756955154,0.6765820804331693,0.6735054870150933,0.5376631175953642,1.0,1.0,1.0,0.5935329054267747,0.5904098746388828,0.38633249864345387,0.897406368541996,0.8969792788487176,0.7526454569778374,0.375,0.5161411411411411,0.16508941789627923,2.0807108879089355
3,1.0,0.75,1.0,0.75,6,59,10,4,0.07130729826119801,0.20855280588136085,0.553591553356856,0.5493550479382677,0.3659683282609488,0.9000920107272863,0.8996771460213145,0.7622414951112423,0.44340617265093873,0.43914054664059776,0.23728579570805594,0.7746891130677099,0.7739081836339227,0.5593213086866492,0.41379310344827586,0.6162413793103448,0.2160511713543015,1.729433298110962
3,1.0,0.75,1.0,0.75,7,80,10,5,0.10857781481875048,0.23162065088828415,0.6879702892949409,0.6850141007649195,0.5283060552076371,1.0,1.0,1.0,0.5866023623805101,0.5834399085634034,0.367121908574114,0.897406368541996,0.8969792788487176,0.7526454569778374,0.5,0.6352506352506352,0.14516805332874008,2.4063503742218018
3,1.0,0.75,1.0,0.75,8,114,10,5,0.11916842736809778,0.23047010618046754,0.6822885396928073,0.6792777713206491,0.5179841157994275,1.0,1.0,1.0,0.5965526840768244,0.5934655269750637,0.3711180466274944,0.8974063685419956,0.8969792788487173,0.7526454569778374,0.4925373134328358,0.6272094879689816,0.1470205409448328,3.0340614318847656
3,1.0,0.75,1.0,0.75,9,48,10,4,0.08774584831331145,0.2249435022482438,0.6073633494100169,0.6036234447217927,0.41610968078112925,0.9137594533047027,0.9134059329538328,0.8127690521941776,0.5186759193493509,0.5149726224719433,0.2890303868713824,0.7916267295012032,0.7909147573609078,0.602400964174539,0.3673469387755102,0.5689900426742532,0.19983339368141248,0.8820517063140869
3,1.0,0.75,1.0,1.0,0,41,10,5,0.1070422399813072,0.2337535519988756,0.6650730515346874,0.6619171174173838,0.4789176260964055,1.0,1.0,1.0,0.5660417303292433,0.5627411282268285,0.32923561664724116,0.8974063685419956,0.8969792788487173,0.7526454569778374,0.5238095238095238,0.6945079365079365,0.13428923637514334,0.811561107635498
3,1.0,0.75,1.0,1.0,1,115,10,4,0.09372843438832325,0.2457386148794029,0.617077746915574,0.61347157381932,0.439132429883687,0.9083491277292126,0.907971490705844,0.7934094346634827,0.5299873493459673,0.5264146476171769,0.3059763620182304,0.7849276230002518,0.7841885630133321,0.586029113950917,0.5689655172413793,0.7140689655172414,0.12364646912321277,2.714162588119507
3,1.0,0.75,1.0,1.0,2,41,10,4,0.07883548937040356,0.2193851199234293,0.5839829205576594,0.5800543067784575,0.40284239580390535,0.9059896953135614,0.9056014712345598,0.78488266182146,0.48273829678065766,0.4787948996414788,0.27235856230291,0.7820038042783822,0.7812528432163193,0.5787657424083629,0.36666666666666664,0.5900666666666667,0.17508146270599123,0.840141773223877
3,1.0,0.75,1.0,1.0,3,111,10,5,0.10390424488642167,0.22156909092643498,0.6451391377854111,0.6417953212378066,0.4654984995185706,1.0,1.0,1.0,0.5652269688357352,0.5619201168942856,0.33326668713872837,0.897406368541996,0.8969792788487176,0.7526454569778374,0.5238095238095238,0.6998095238095238,0.1344217987620323,2.6949102878570557
3,1.0,0.75,1.0,1.0,4,42,10,5,0.09984763895662699,0.22071510238612724,0.6629814028125319,0.6598061590434091,0.47607388072687307,1.0,1.0,1.0,0.5637970337044701,0.5604798036183402,0.32698845099800317,0.897406368541996,0.8969792788487176,0.7526454569778374,0.5238095238095238,0.6945079365079365,0.13389366983384754,1.2461493015289307
3,1.0,0.75,1.0,1.0,5,64,10,4,0.07152872692957035,0.2245865784274035,0.6324017551409656,0.6289319721108038,0.454411702752066,0.9116055475593928,0.9112424542131328,0.8049349549879696,0.5415290770832715,0.5380355907079399,0.31750958108883093,0.7889606460971244,0.7882379262538325,0.5957957470317893,0.3707865168539326,0.5816853932584269,0.18142463005543297,1.4286179542541504
3,1.0,0.75,1.0,1.0,6,1000,10,4,0.07688257169662499,0.22738428851826648,0.6170615249069556,0.6134528591890621,0.4373096758917397,0.9137594533047027,0.9134059329538328,0.8127690521941776,0.5272836287114349,0.5236878901149532,0.30910447198060814,0.7916267295012033,0.7909147573609079,0.602400964174539,0.5238095238095238,0.6998095238095238,0.14304823261546235,21.18929386138916
3,1.0,0.75,1.0,1.0,7,48,10,4,0.08041323719371879,0.224065727945262,0.5994249957527256,0.5956379625442637,0.41281156874959246,0.897406368541996,0.8969792788487176,0.7526454569778374,0.5643302100657505,0.5610048554041621,0.34598782101315567,1.0,1.0,1.0,0.37894736842105264,0.5871368421052632,0.17152654805711454,1.3785226345062256
3,1.0,0.75,1.0,1.0,8,48,10,4,0.08079040107472277,0.22866922861444794,0.5914953194921907,0.5876338661579554,0.3946232750845584,0.897406368541996,0.8969792788487176,0.7526454569778374,0.5876472642104238,0.5845003589556328,0.3568391165172532,1.0,1.0,1.0,0.3684210526315789,0.5836210526315789,0.17501072515146998,1.4268298149108887
3,1.0,0.75,1.0,1.0,9,40,10,4,0.07078931270130961,0.22081147981046734,0.5779025320307761,0.5739126139356254,0.38120161879671327,0.9037907607564276,0.9033926442098374,0.7752391372397232,0.4650892745857898,0.4610070827103722,0.24931465583099297,0.7792775881454947,0.7785155100165544,0.5705119925521072,0.3829787234042553,0.5898297872340426,0.1687073834434213,1.1616735458374023
3,1.0,1.0,0.0,0.0,0,110,10,3,0.14661597570480928,0.2970521956740294,0.5995036799751869,0.5949982880090606,0.3702909523451838,0.7595386266093844,0.7587891678710779,0.523012647821584,0.4943460476893202,0.48969918704720483,0.23621760100354683,0.5976802337166612,0.5966178608565919,0.3387811841838666,0,0.0,inf,3.3612449169158936
3,1.0,1.0,0.0,0.0,1,53,10,3,0.1324515288712505,0.26338303984716566,0.5607160807600596,0.5558654089158829,0.3780754440138761,0.7365869045227857,0.7357644540018029,0.5083620558522081,0.49420797888994156,0.48965303989468584,0.27674457275192055,0.5959749303267216,0.59490592724687,0.33659055456517684,0,0.0,inf,1.0035865306854248
3,1.0,1.0,0.0,0.0,2,25,10,4,0.16870213982747778,0.2674085401154776,0.6893254658194925,0.6860511290253303,0.5580766702619386,0.897406368541996,0.8969792788487176,0.7526454569778374,0.7071273371955782,0.7046189539100843,0.6084146625383271,1.0,1.0,1.0,0,0.0,inf,0.4407944679260254
3,1.0,1.0,0.0,0.0,3,25,10,3,0.14736755918340244,0.26599511064532894,0.6343724782445175,0.6303920831301999,0.4796384937880363,0.7889606460971244,0.7883188157233192,0.6085417084158432,0.6439104850236266,0.6407528445893158,0.5266235271283325,0.8891543252970434,0.8888695855552406,0.8404468849639695,0,0.0,inf,0.40116286277770996
3,1.0,1.0,0.0,0.0,4,36,10,4,0.1639110824075584,0.24821989595699584,0.6780601202098022,0.67466705293866,0.5457776545184945,0.897406368541996,0.8969792788487176,0.7526454569778374,0.6786509978652132,0.6758987216437097,0.5894870693771523,1.0,1.0,1.0,0,0.0,inf,0.84452223777771
3,1.0,1.0,0.0,0.0,5,42,10,3,0.14343848897592817,0.2760747356265005,0.6305375362112476,0.6264679417524283,0.4489292342235669,0.7921997857472497,0.7915695648752535,0.6162892627615703,0.504853658566667,0.5004066067820292,0.29331942621031953,0.6392779718964172,0.6383542378752756,0.4282009089578253,0,0.0,inf,1.1882431507110596
3,1.0,1.0,0.0,0.0,6,33,10,3,0.14445127089430038,0.26537397590773687,0.5962810830214158,0.5918376762396216,0.4390141977292859,0.7926764584473263,0.7920479364188315,0.6178455857756018,0.5130620250035837,0.5086924612182764,0.3189096871000262,0.6398829605162114,0.6389611927460443,0.42965422834092154,0,0.0,inf,0.6117689609527588
3,1.0,1.0,0.0,0.0,7,34,10,4,0.17726212054829635,0.27207597732829536,0.7316580414377077,0.7288378617354171,0.6038753699009326,0.9116055475593928,0.9112424542131328,0.8049349549879696,0.6206342273265207,0.6173949917220606,0.42813016280033406,0.7889606460971247,0.7882379262538328,0.5957957470317893,0,0.0,inf,0.7587978839874268
3,1.0,1.0,0.0,0.0,8,1000,10,4,0.17367779813938466,0.26800233998200557,0.7007626802745439,0.6976157679650101,0.5790053121157711,0.9116055475593928,0.9112424542131328,0.8049349549879696,0.5906377660376873,0.5871399585925433,0.4087502222816662,0.7889606460971244,0.7882379262538325,0.5957957470317893,0,0.0,inf,21.729203939437866
3,1.0,1.0,0.0,0.0,9,45,10,3,0.14003248353629846,0.2677351615278384,0.5947756751643757,0.5903156995788915,0.4385579408833062,0.7926764584473263,0.7920479364188315,0.6178455857756018,0.46591903077614993,0.4611264268278555,0.2843500816646953,0.6398829605162114,0.6389611927460443,0.42965422834092154,0,0.0,inf,0.9231646060943604
3,1.0,1.0,0.0,0.25,0,118,10,4,0.15230972590051128,0.26802573655630735,0.7175632536942728,0.7146433279183958,0.5643332300720855,0.9083491277292126,0.907971490705844,0.7934094346634827,0.6234902410110014,0.6203294461355211,0.399195678584523,0.7849276230002518,0.7841885630133321,0.586029113950917,0,0.0,inf,3.650855302810669
3,1.0,1.0,0.0,0.25,1,50,10,3,0.13582179583359785,0.28301317011034943,0.6236862768684911,0.6196995825513035,0.46286314896605923,0.7849276230002521,0.7842712471813089,0.5998687124749003,0.5064798260803597,0.5022267002805743,0.30767211816042067,0.6300407065822516,0.6290866490125591,0.41279146196657973,0,0.0,inf,1.3743302822113037
3,1.0,1.0,0.0,0.25,2,27,10,4,0.15020753197509829,0.2641437163628177,0.7047485713371754,0.7016961630787122,0.5438562176104468,0.9083491277292126,0.907971490705844,0.7934094346634827,0.6234902410110017,0.6203294461355213,0.399195678584523,0.7849276230002518,0.7841885630133321,0.586029113950917,0,0.0,inf,0.5505375862121582
3,1.0,1.0,0.0,0.25,3,40,10,4,0.15561984354771752,0.2734856603489664,0.7319785082676225,0.7292013678909486,0.5664736374538756,0.9000920107272863,0.8996771460213145,0.7622414951112423,0.6263389549714321,0.6231944282196227,0.39700601045017414,0.7746891130677099,0.7739081836339227,0.5593213086866492,0,0.0,inf,1.1294710636138916
3,1.0,1.0,0.0,0.25,4,26,10,4,0.15831829113693127,0.2663780243775177,0.6968035118445616,0.6936945108351726,0.5531772269048844,0.897406368541996,0.8969792788487176,0.7526454569778374,0.706439496636391,0.703996774369224,0.5818347725105167,1.0,1.0,1.0,0,0.0,inf,0.6693234443664551
3,1.0,1.0,0.0,0.25,5,61,10,3,0.12752401427444818,0.2788165822522337,0.612696639511809,0.6085881149772318,0.42973509699190493,0.7916267295012033,0.7909944647108239,0.6144266258107057,0.6225986492553333,0.6193415864392662,0.45353601394394494,0.8919096298303802,0.8916326823937588,0.8472089812237649,0,0.0,inf,1.4279160499572754
3,1.0,1.0,0.0,0.25,6,112,10,4,0.1493049700425012,0.2578365541829176,0.6839377361567247,0.6806998165456821,0.5326841848608149,0.9116055475593928,0.9112424542131328,0.8049349549879696,0.5712202402406094,0.5676559313675609,0.3682120555779889,0.7889606460971244,0.7882379262538325,0.5957957470317893,0,0.0,inf,2.7665581703186035
3,1.0,1.0,0.0,0.25,7,65,10,4,0.14966438157776957,0.26418503667600945,0.6600917674270567,0.656612694565092,0.5257059638977755,0.9059896953135614,0.9056014712345598,0.78488266182146,0.5597115626949333,0.5560551465890936,0.3661355194070895,0.7820038042783822,0.7812528432163193,0.5787657424083629,0,0.0,inf,1.285024642944336
3,1.0,1.0,0.0,0.25,8,98,10,4,0.1561135309870837,0.2733910318389749,0.7072452409380859,0.7042201527345047,0.5374622159447033,0.9083491277292126,0.907971490705844,0.7934094346634827,0.5955106686901769,0.5921168129079385,0.371911850268696,0.7849276230002519,0.7841885630133323,0.586029113950917,0,0.0,inf,2.085566759109497
3,1.0,1.0,0.0,0.25,9,54,10,4,0.16394002156044904,0.28824606882066756,0.7357071462408685,0.7329762274726518,0.5644851039169531,0.9083491277292126,0.907971490705844,0.7934094346634827,0.6264353575527646,0.623301057824196,0.39479987247752035,0.7849276230002519,0.7841885630133323,0.586029113950917,0,0.0,inf,1.0233478546142578
3,1.0,1.0,0.0,0.5,0,31,10,4,0.13693640618237513,0.26075201404077375,0.6713313887830005,0.6680323380536329,0.5064992181625638,0.897406368541996,0.8969792788487176,0.7526454569778374,0.6763361439142708,0.6737030700791442,0.5221666401975895,1.0,1.0,1.0,0,0.0,inf,0.5539050102233887
3,1.0,1.0,0.0,0.5,1,26,10,4,0.12804145708871187,0.2509954013383646,0.6288141404582064,0.6250862503379068,0.4651238825884338,0.9116055475593928,0.9112424542131328,0.8049349549879696,0.5134667701531352,0.5095063527076967,0.31245673576976357,0.7889606460971247,0.7882379262538328,0.5957957470317893,0,0.0,inf,0.5758833885192871
3,1.0,1.0,0.0,0.5,2,1000,10,3,0.09705982269743775,0.23304689978097026,0.4645398269142578,0.4589894427709291,0.31772405299138506,0.7096564367355508,0.7087279306381642,0.4446322917063036,0.4567553710769788,0.4521804260645166,0.29196842594086647,0.8013864721829966,0.8008465839620693,0.6354886512274378,0,0.0,inf,13.916940927505493
3,1.0,1.0,0.0,0.5,3,110,10,3,0.10459968319924048,0.24434960552869783,0.552528131633013,0.547970961345281,0.40607646365673894,0.7889606460971246,0.7883188157233194,0.6085417084158432,0.43475018503117635,0.4300798901490984,0.2642097572799144,0.6351652836494971,0.6342280982950598,0.42094768363328244,0,0.0,inf,2.8961985111236572
3,1.0,1.0,0.0,0.5,4,27,10,4,0.12035798705602604,0.2311935458132668,0.6592445584472145,0.6557186008499095,0.44820584025380905,0.9000920107272863,0.8996771460213145,0.7622414951112423,0.562157902860361,0.5584775969759908,0.30157948336986656,0.7746891130677099,0.7739081836339227,0.5593213086866492,0,0.0,inf,0.4771411418914795
3,1.0,1.0,0.0,0.5,5,37,10,4,0.15144334595226933,0.2870024132814897,0.7309002627686223,0.7281784034213095,0.5561494042551323,0.9083491277292126,0.907971490705844,0.7934094346634827,0.6420911320671855,0.6391553272357569,0.39401035820215374,0.7849276230002519,0.7841885630133323,0.586029113950917,0,0.0,inf,1.0322775840759277
3,1.0,1.0,0.0,0.5,6,35,10,5,0.13866433611102183,0.21070514224463532,0.7036005740547902,0.7006157130895057,0.5324770315240882,1.0,1.0,1.0,0.599159765112939,0.5958873328839803,0.36926814441900424,0.8974063685419956,0.8969792788487173,0.7526454569778374,0,0.0,inf,1.0092799663543701
3,1.0,1.0,0.0,0.5,7,45,10,4,0.14044416238684265,0.26730686654817837,0.6560168212456541,0.6525652674554954,0.5155360719454891,0.897406368541996,0.8969792788487176,0.7526454569778374,0.6652788507823867,0.6625568593545841,0.5177656110714502,1.0,1.0,1.0,0,0.0,inf,1.2646644115447998
3,1.0,1.0,0.0,0.5,8,28,10,4,0.13603923680927296,0.2629009502407802,0.6371090040380389,0.6334664420042743,0.48676665401215063,0.897406368541996,0.8969792788487176,0.7526454569778374,0.6570410836963575,0.6542510404707609,0.5116763988448727,1.0,1.0,1.0,0,0.0,inf,0.7458949089050293
3,1.0,1.0,0.0,0.5,9,114,10,3,0.11206860732047981,0.2688814431427317,0.5993776384706315,0.5952455220475271,0.42694851443065207,0.7849276230002521,0.7842712471813089,0.5998687124749003,0.47832641618335003,0.4739567088861757,0.27805524147310656,0.6300407065822518,0.6290866490125593,0.41279146196657973,0,0.0,inf,3.3852410316467285
3,1.0,1.0,0.0,0.75,0,115,10,5,0.15272454865649934,0.2635416757225899,0.7633937536355933,0.7610896901158513,0.626057349874207,1.0,1.0,1.0,0.6624300667638094,0.6597710981993521,0.44498604849396833,0.8974063685419956,0.8969792788487173,0.7526454569778374,0,0.0,inf,3.5504822731018066
3,1.0,1.0,0.0,0.75,1,54,10,3,0.09307368489678425,0.2647188602626982,0.5592164000041464,0.5547792910599341,0.3936436709705335,0.792676458447326,0.7920479364188314,0.6178455857756018,0.44835565889155493,0.443853225641221,0.2540747706430729,0.6398829605162113,0.6389611927460442,0.42965422834092154,0,0.0,inf,1.591644048690796
3,1.0,1.0,0.0,0.75,2,111,10,4,0.12494312727672024,0.2462067646588535,0.6690661322477873,0.6658066565840154,0.5031002501685313,0.9059896953135614,0.9056014712345598,0.78488266182146,0.578579102769567,0.5752190910421631,0.35644235399347834,0.7820038042783822,0.7812528432163193,0.5787657424083629,0,0.0,inf,3.4158236980438232
3,1.0,1.0,0.0,0.75,3,83,10,3,0.0880703789827453,0.23722457371789796,0.533649644419702,0.529013363356809,0.39128486004652646,0.7889606460971246,0.7883188157233194,0.6085417084158432,0.41994534209804846,0.41527424888004066,0.25311762855166586,0.6351652836494971,0.6342280982950598,0.42094768363328244,0,0.0,inf,2.2765419483184814
3,1.0,1.0,0.0,0.75,4,38,10,4,0.1265420690239763,0.2485735640218602,0.6392523793377448,0.6356986714790913,0.49450481249701844,0.9059896953135614,0.9056014712345598,0.78488266182146,0.5474961446009207,0.5438876660219514,0.3453873879450284,0.7820038042783822,0.7812528432163193,0.5787657424083629,0,0.0,inf,0.7936792373657227
3,1.0,1.0,0.0,0.75,5,58,10,3,0.09947941134919426,0.27256460797860066,0.6365421817021424,0.6328846070709345,0.4376658024060175,0.7916267295012033,0.7909944647108239,0.6144266258107057,0.6147617660148805,0.6116185721941669,0.400541347629947,0.8919096298303802,0.8916326823937588,0.8472089812237649,0,0.0,inf,1.7402527332305908
3,1.0,1.0,0.0,0.75,6,118,10,4,0.12464638204247806,0.24281839489497026,0.6501994539145675,0.646752638660246,0.4904634701518338,0.9059896953135614,0.9056014712345598,0.78488266182146,0.5386952270075783,0.5350154838739739,0.33428384265171057,0.7820038042783822,0.7812528432163193,0.5787657424083629,0,0.0,inf,3.1964030265808105
3,1.0,1.0,0.0,0.75,7,37,10,4,0.10490998322151246,0.21854923831604153,0.6261832449176042,0.6225010845665013,0.45856519999538653,0.9116055475593928,0.9112424542131328,0.8049349549879696,0.5349413362514531,0.5312330589407388,0.3173026572999533,0.7889606460971247,0.7882379262538328,0.5957957470317893,0,0.0,inf,0.9319796562194824
3,1.0,1.0,0.0,0.75,8,1000,10,4,0.13164863971583868,0.2658547337517273,0.6726323125954002,0.6694010986417727,0.5140210621020882,0.897406368541996,0.8969792788487176,0.7526454569778374,0.6662043665466623,0.6635369063006313,0.4912115086390859,1.0,1.0,1.0,0,0.0,inf,22.83637571334839
3,1.0,1.0,0.0,0.75,9,124,10,4,0.13338848799457204,0.2782755148872208,0.7174993883715466,0.7146905922183779,0.5281605082584357,0.9083491277292126,0.907971490705844,0.7934094346634827,0.6372522036852791,0.6343304736861964,0.38116200159154034,0.7849276230002518,0.7841885630133321,0.586029113950917,0,0.0,inf,3.7822012901306152
3,1.0,1.0,0.0,1.0,0,29,10,5,0.13242099250358483,0.2532208517483234,0.7301530479328902,0.727562652594799,0.5747522281682335,1.0,1.0,1.0,0.640777275957256,0.6379905373187654,0.40652600794672883,0.8974063685419956,0.8969792788487173,0.7526454569778374,0,0.0,inf,0.6020314693450928
3,1.0,1.0,0.0,1.0,1,42,10,5,0.13105481618675735,0.24559677229304414,0.7336829502505811,0.7311265122487349,0.5741334537742302,1.0,1.0,1.0,0.6317191184723822,0.628862195518464,0.4027712269982097,0.897406368541996,0.8969792788487176,0.7526454569778374,0,0.0,inf,0.792809009552002
3,1.0,1.0,0.0,1.0,2,49,10,4,0.10625925434597103,0.26082956505802096,0.6587417406132388,0.6554160177333929,0.4737165969118872,0.9000920107272863,0.8996771460213145,0.7622414951112423,0.5667751676017886,0.5633595677514327,0.32708498747551124,0.7746891130677099,0.7739081836339227,0.5593213086866492,0,0.0,inf,1.2755465507507324
3,1.0,1.0,0.0,1.0,3,31,10,5,0.13540444822123834,0.2570661123933664,0.7297055907599069,0.7271106866918774,0.5718715260766627,1.0,1.0,1.0,0.6491944635532055,0.6464727835244118,0.41129892413172253,0.8974063685419956,0.8969792788487173,0.7526454569778374,0,0.0,inf,0.5887091159820557
3,1.0,1.0,0.0,1.0,4,49,10,3,0.086539956587974,0.26446598744854605,0.6140651878177606,0.6102897987605617,0.413358935421014,0.8021489417124285,0.8015540214626932,0.6413806962628472,0.5196398896075382,0.5158373966201546,0.27882627674750193,0.651892823668452,0.6510099162702464,0.4514820116115285,0,0.0,inf,1.5005464553833008
3,1.0,1.0,0.0,1.0,5,47,10,5,0.13208245043368178,0.24731301769423347,0.7334339831231063,0.7308748726940857,0.5733461362049864,1.0,1.0,1.0,0.6335811096722394,0.6307382954279749,0.4023302253719524,0.8974063685419956,0.8969792788487173,0.7526454569778374,0,0.0,inf,1.409726619720459
3,1.0,1.0,0.0,1.0,6,26,10,4,0.11949389731152815,0.2734978821257106,0.6887525283898249,0.6857262214191988,0.49644357941462913,0.9083491277292126,0.907971490705844,0.7934094346634827,0.5817905891927839,0.5785014871146985,0.3395932772458517,0.7849276230002519,0.7841885630133323,0.586029113950917,0,0.0,inf,0.7706098556518555
3,1.0,1.0,0.0,1.0,7,1000,10,5,0.1273323232657524,0.23939952601244271,0.6978834053172658,0.6949832640825715,0.5263270272136915,1.0,1.0,1.0,0.6202594475367053,0.6173135667058082,0.38449700773706985,0.897406368541996,0.8969792788487176,0.7526454569778374,0,0.0,inf,21.838334321975708
3,1.0,1.0,0.0,1.0,8,1000,10,4,0.11531276793584151,0.2625079200254807,0.6652682513209396,0.6620301797033229,0.47769564590411767,0.897406368541996,0.8969792788487176,0.7526454569778374,0.6492066962037184,0.6464629090580019,0.42871384401962387,1.0,1.0,1.0,0,0.0,inf,20.843044996261597
3,1.0,1.0,0.0,1.0,9,1000,10,3,0.08938897309640849,0.27134607935814703,0.5834898795057927,0.579410876902384,0.3951298600132826,0.792676458447326,0.7920479364188314,0.6178455857756018,0.4671150997403664,0.462891809561267,0.25642102562089364,0.6398829605162115,0.6389611927460443,0.42965422834092154,0,0.0,inf,22.659993171691895
3,1.0,1.0,0.25,0.0,0,26,10,3,0.13293718226528414,0.288654313253769,0.6101855744205349,0.6059608946516117,0.3776088353248374,0.7595386266093844,0.7587891678710779,0.523012647821584,0.4840328222326518,0.4794751544618793,0.2291877723090277,0.5976802337166612,0.5966178608565919,0.3387811841838666,0,0.0,inf,0.546677827835083
3,1.0,1.0,0.25,0.0,1,61,10,3,0.12877231976377196,0.28701961707159734,0.6005426362003021,0.5961937245011464,0.3586060760139139,0.7303232410180941,0.7294623299636516,0.45744797462502,0.5995111553930063,0.5959560253975139,0.3761522024618725,0.8281626276133816,0.8276964442337125,0.6590455003918929,0,0.0,inf,1.703803300857544
3,1.0,1.0,0.25,0.0,2,137,10,3,0.12797706183265248,0.28734207426835395,0.5966200369804877,0.5922483384051355,0.36090904145336766,0.7595386266093844,0.7587891678710779,0.523012647821584,0.46923594782309797,0.46454757554143694,0.2144052843159191,0.5976802337166612,0.5966178608565919,0.3387811841838666,0,0.0,inf,2.9411392211914062
3,1.0,1.0,0.25,0.0,3,37,10,4,0.15906752278933492,0.27787221538925766,0.7410085727846228,0.7383257197748984,0.5700051614564321,0.9137594533047027,0.9134059329538328,0.8127690521941776,0.631907393325986,0.6288106275427591,0.39947648702697613,0.7916267295012032,0.7909147573609078,0.602400964174539,0,0.0,inf,1.0418167114257812
3,1.0,1.0,0.25,0.0,4,1000,10,4,0.15833018518709846,0.26442105513088865,0.6882166428314609,0.6850225587472144,0.5552028295965049,0.9116055475593928,0.9112424542131328,0.8049349549879696,0.5758656247476531,0.5723399314688353,0.3870725771439955,0.7889606460971247,0.7882379262538328,0.5957957470317893,0,0.0,inf,21.217514991760254
3,1.0,1.0,0.25,0.0,5,25,10,3,0.13115574183542694,0.27950628779706976,0.6248770288132413,0.6208935242773801,0.44195355033670786,0.7921997857472497,0.7915695648752535,0.6162892627615703,0.5027358584119465,0.49843944805660356,0.28901961440282614,0.6392779718964172,0.6383542378752756,0.4282009089578253,0,0.0,inf,0.48500537872314453
3,1.0,1.0,0.25,0.0,6,22,10,4,0.14168970985854124,0.24181481456858123,0.6234195617554085,0.6195610073857604,0.5000446421507249,0.897406368541996,0.8969792788487176,0.7526454569778374,0.6494982232259756,0.6465840819824588,0.5374434494410039,1.0,1.0,1.0,0,0.0,inf,0.3557109832763672
3,1.0,1.0,0.25,0.0,7,29,10,4,0.16157224911659324,0.27760788939262987,0.719528397235125,0.7166302331209624,0.5559325283406255,0.9083491277292126,0.907971490705844,0.7934094346634827,0.6395897487190767,0.636565737155343,0.40945091344304857,0.7849276230002519,0.7841885630133323,0.586029113950917,0,0.0,inf,0.574923038482666
3,1.0,1.0,0.25,0.0,8,113,10,4,0.14263038467662198,0.24005016402998472,0.6677357860994766,0.6643243645320216,0.5465707087820484,0.8974063685419958,0.8969792788487174,0.7526454569778374,0.5664497168152994,0.5628371565138078,0.3827700395344791,0.7713552409379785,0.7705605424897544,0.5510101485183012,0,0.0,inf,2.4211933612823486
3,1.0,1.0,0.25,0.0,9,114,10,3,0.1263269737651541,0.2661465173266157,0.5909358861871115,0.5865959184273972,0.4249632110943033,0.7926764584473263,0.7920479364188315,0.6178455857756018,0.5047269583562822,0.5004519888375738,0.3015464210747353,0.6398829605162114,0.6389611927460443,0.42965422834092154,0,0.0,inf,2.3671205043792725
3,1.0,1.0,0.25,0.25,0,1000,10,4,0.13716621881609928,0.2538129041023427,0.6450963865243573,0.6415339988033134,0.49481455333628555,0.897406368541996,0.8969792788487176,0.7526454569778374,0.6570410836963575,0.6542510404707609,0.5116763988448727,1.0,1.0,1.0,0.24242424242424243,0.4466872706200502,1.7438138352461592,22.407721042633057
3,1.0,1.0,0.25,0.25,1,111,10,3,0.12258947824425466,0.27815074988470645,0.6189987025207248,0.6150778046998931,0.44516314655920564,0.8021489417124285,0.8015540214626932,0.6413806962628472,0.5156608176144138,0.511613684092894,0.29836245242910986,0.6518928236684518,0.6510099162702462,0.4514820116115285,0.2037037037037037,0.31871740390187364,1.9925523771143512,3.267117738723755
3,1.0,1.0,0.25,0.25,2,111,10,3,0.11842623631966294,0.28078795954830743,0.6227459913397181,0.6187709041049647,0.39028758981899275,0.7481612335885639,0.7473688711868739,0.49755280006294755,0.5009881650197091,0.49671047491261744,0.24269196740252733,0.5831226115288771,0.5820100450521393,0.3135555033859615,0.18137254901960784,0.2675807804680494,1.958420737910914,3.1282637119293213
3,1.0,1.0,0.25,0.25,3,114,10,4,0.12695060355819535,0.2464143454559611,0.6530534996295455,0.6494700299998802,0.4373532843366256,0.9083491277292126,0.907971490705844,0.7934094346634827,0.5364675784581031,0.5325790238598546,0.2866260681345987,0.7849276230002519,0.7841885630133323,0.586029113950917,0.21176470588235294,0.32861107054184313,1.9916201097300736,2.3142287731170654
3,1.0,1.0,0.25,0.25,4,114,10,4,0.12740910037789296,0.2427389087161921,0.6208272562091401,0.617008613227702,0.46313851360799196,0.897406368541996,0.8969792788487176,0.7526454569778374,0.6299750752184259,0.626954061102356,0.5112052090781198,1.0,1.0,1.0,0.24242424242424243,0.4196153148248956,1.7490345614058103,2.9247567653656006
3,1.0,1.0,0.25,0.25,5,85,10,3,0.11396803016880477,0.27656351642486043,0.5809894410082828,0.5766673126695016,0.4025176333536635,0.7849276230002521,0.7842712471813089,0.5998687124749003,0.5827942901773425,0.579299331949174,0.4015122863853114,0.884983406868874,0.884686800044098,0.830441303607371,0.2037037037037037,0.31871740390187364,1.9977634057841702,2.0858266353607178
3,1.0,1.0,0.25,0.25,6,95,10,3,0.09999185514736984,0.23253868480197346,0.5382215520169368,0.5335178619363512,0.39067489944161105,0.7889606460971244,0.7883188157233192,0.6085417084158432,0.5369984029286415,0.5331722001221039,0.38687961507172647,0.8891543252970434,0.8888695855552406,0.8404468849639695,0.24242424242424243,0.4049278492195936,2.046532204295352,2.928180694580078
3,1.0,1.0,0.25,0.25,7,55,10,3,0.11052545140832348,0.26345439677908183,0.5929283922033343,0.5887125299983405,0.4244834171921587,0.7921997857472497,0.7915695648752535,0.6162892627615703,0.4858218084274074,0.48149580347690785,0.27945716051448866,0.6392779718964172,0.6383542378752756,0.4282009089578253,0.19642857142857142,0.3087574850299401,2.011260020091162,1.6260263919830322
3,1.0,1.0,0.25,0.25,8,54,10,3,0.10657888752140034,0.2636396244434129,0.60027178851448,0.5961470138797427,0.4061720309106416,0.7921997857472497,0.7915695648752535,0.6162892627615703,0.4792375292465995,0.4748732907275449,0.26028388270129577,0.6392779718964172,0.6383542378752756,0.4282009089578253,0.19642857142857142,0.3087574850299401,1.9987221045128725,1.3845746517181396
3,1.0,1.0,0.25,0.25,9,38,10,2,0.07442136387200553,0.2615582414626899,0.3935877055001135,0.3871774815751052,0.2543048936315921,0.5879077429223252,0.5871790535706989,0.3717161405198315,0.36775273445627954,0.3623149546574567,0.2216172395799938,0.6768387497441452,0.676345545785955,0.5489778408135174,0.21764705882352942,0.3356922518599165,2.2769562313647196,1.1213209629058838
3,1.0,1.0,0.25,0.5,0,46,10,5,0.14692282792304426,0.2593836115775721,0.7506716387747354,0.7482530352430454,0.6142204214717191,1.0,1.0,1.0,0.6490743206008243,0.6463215771103256,0.4352211811896608,0.8974063685419956,0.8969792788487173,0.7526454569778374,0.24242424242424243,0.42147410568463195,1.0171752900128126,0.9715776443481445
3,1.0,1.0,0.25,0.5,1,40,10,3,0.10733838946489586,0.2724001753070262,0.5952215152054904,0.5911502941209101,0.4250746203159742,0.8021489417124285,0.8015540214626932,0.6413806962628472,0.4999919637258841,0.49591469010497014,0.2875820268533398,0.6518928236684518,0.6510099162702462,0.4514820116115285,0.2037037037037037,0.33606256874007084,1.3817884839297272,0.9082248210906982
3,1.0,1.0,0.25,0.5,2,71,10,5,0.15494734201170224,0.2563782002191419,0.7478035402752147,0.7453467601067574,0.6105197089274386,1.0,1.0,1.0,0.6684993114165335,0.6658871260394493,0.4476211857542128,0.897406368541996,0.8969792788487176,0.7526454569778374,0.24242424242424243,0.42147410568463195,0.9982796403334318,1.7947900295257568
3,1.0,1.0,0.25,0.5,3,56,10,4,0.12948112191628425,0.26307671524906734,0.6895749143047465,0.6864547178824365,0.49511530135412535,0.9000920107272863,0.8996771460213145,0.7622414951112423,0.5837960371174242,0.5804042288176369,0.33751355305656294,0.7746891130677099,0.7739081836339227,0.5593213086866492,0.21022727272727273,0.3336700093788327,1.168555822468431,1.2728681564331055
3,1.0,1.0,0.25,0.5,4,117,10,4,0.12902283935579398,0.26487401688697265,0.631089503565713,0.6274469317778794,0.4749886803719621,0.897406368541996,0.8969792788487176,0.7526454569778374,0.6510876110640651,0.6482982683082144,0.4816699627005508,1.0,1.0,1.0,0.24242424242424243,0.42147410568463195,1.2285679155830938,2.853010654449463
3,1.0,1.0,0.25,0.5,5,45,10,4,0.12879979639638012,0.2748092341546512,0.7070627400162771,0.7041423089541036,0.5142985592557145,0.9000920107272863,0.8996771460213145,0.7622414951112423,0.5989411099300835,0.5957014060633204,0.35314755344031756,0.7746891130677099,0.7739081836339227,0.5593213086866492,0.19642857142857142,0.32500787897888433,1.189168705067558,0.869866132736206
3,1.0,1.0,0.25,0.5,6,46,10,4,0.1246169338896905,0.25309508387009166,0.6414341246557662,0.6378943541300769,0.4810317055377474,0.897406368541996,0.8969792788487176,0.7526454569778374,0.6421411349117817,0.6392808409749158,0.4716689205613708,1.0,1.0,1.0,0.24242424242424243,0.42147410568463195,1.2261346650194223,0.7804696559906006
3,1.0,1.0,0.25,0.5,7,1000,10,3,0.08470165154635573,0.218128902138633,0.5007660135786312,0.4957117776689331,0.3307325666049426,0.7250071641342934,0.7241254949570672,0.44647024161769056,0.46026344404769237,0.4558310079459538,0.27863069849946026,0.8225957765145105,0.8221121462071457,0.6452535784679942,0.23717948717948717,0.34085674804237676,1.4821105857369261,21.342451810836792
3,1.0,1.0,0.25,0.5,8,1000,10,4,0.12952635720704558,0.26104833122536386,0.6639513191904926,0.6606443635274678,0.4968703845079853,0.9116055475593928,0.9112424542131328,0.8049349549879696,0.5578014367605031,0.5542790831313665,0.3401730144832279,0.7889606460971247,0.7882379262538328,0.5957957470317893,0.24242424242424243,0.42147410568463195,1.233967870595966,22.160829544067383
3,1.0,1.0,0.25,0.5,9,112,10,4,0.12029985466887674,0.26602483375153213,0.67637642494338,0.6731499792499139,0.48208643669834833,0.9000920107272863,0.8996771460213145,0.7622414951112423,0.5873036270441319,0.5839698192960225,0.3403008536817781,0.7746891130677099,0.7739081836339227,0.5593213086866492,0.19642857142857142,0.32500787897888433,1.1884185174854889,2.5463855266571045
3,1.0,1.0,0.25,0.75,0,30,10,5,0.15136260018125164,0.2627749474058971,0.7361241202044904,0.7335733470406554,0.5919894661842475,1.0,1.0,1.0,0.6572480439622344,0.6545691911236992,0.4272376785464173,0.8974063685419956,0.8969792788487173,0.7526454569778374,0.24242424242424243,0.3696003696003696,0.965252453501878,0.6735653877258301
3,1.0,1.0,0.25,0.75,1,87,10,3,0.0985244963922396,0.2773254832032229,0.6415657316029625,0.6380228578557606,0.46297778844263904,0.7916267295012033,0.7909944647108239,0.6144266258107057,0.6138820632320611,0.61079142243914,0.385225695736741,0.8919096298303802,0.8916326823937588,0.8472089812237649,0.20496894409937888,0.35928143712574845,1.3589609336882806,2.406508684158325
3,1.0,1.0,0.25,0.75,2,46,10,4,0.11925815895155932,0.26934627772129943,0.6909403920897839,0.6878794851560296,0.48178377861545896,0.9137594533047027,0.9134059329538328,0.8127690521941776,0.6030970894931207,0.5999131719915267,0.33415009930577744,0.7916267295012032,0.7909147573609078,0.602400964174539,0.21893491124260356,0.35620078171631014,1.1572857512560137,0.7159831523895264
3,1.0,1.0,0.25,0.75,3,41,10,3,0.06400715692584853,0.19719345660625234,0.41166456832072684,0.4058621040562023,0.26306060328927255,0.7250071641342934,0.7241254949570672,0.44647024161769056,0.39965638942164317,0.3948623555390898,0.22151311397111867,0.8225957765145105,0.8221121462071457,0.6452535784679942,0.23076923076923078,0.3696003696003696,1.450125330151121,1.243591547012329
3,1.0,1.0,0.25,0.75,4,114,10,4,0.1135725668319829,0.23834906808640183,0.6234720371059852,0.6198088771680019,0.4714604240070379,0.897406368541996,0.8969792788487176,0.7526454569778374,0.6161787024063448,0.6131582651915013,0.4322148141621864,1.0,1.0,1.0,0.24242424242424243,0.3696003696003696,1.222239445830824,3.405385971069336
3,1.0,1.0,0.25,0.75,5,45,10,3,0.0963219308118988,0.27363544516874894,0.6309636112538588,0.627315942912051,0.4486227178734196,0.7916267295012033,0.7909944647108239,0.6144266258107057,0.6064199278205187,0.6032695571422205,0.38071428939000224,0.8919096298303802,0.8916326823937588,0.8472089812237649,0.20496894409937888,0.35928143712574845,1.3589609336882806,0.8218579292297363
3,1.0,1.0,0.25,0.75,6,1000,10,5,0.13575233483275487,0.25246469018804235,0.7161932806557657,0.7134667363246245,0.5629448371373144,1.0,1.0,1.0,0.6333156194791717,0.630468629433966,0.4022014664684109,0.8974063685419956,0.8969792788487173,0.7526454569778374,0.24242424242424243,0.3696003696003696,0.9887565774662875,22.86393451690674
3,1.0,1.0,0.25,0.75,7,1000,10,5,0.14337295383017895,0.2558308441773465,0.754181033491555,0.7518050922610302,0.6017665509086533,1.0,1.0,1.0,0.6715363367012663,0.6689694849913481,0.43206297272864047,0.8974063685419956,0.8969792788487173,0.7526454569778374,0.24242424242424243,0.3696003696003696,0.9671739531371578,21.965157508850098
3,1.0,1.0,0.25,0.75,8,39,10,3,0.08724581057978226,0.2632623423354965,0.594154796570844,0.590144675475264,0.42161801461434356,0.792676458447326,0.7920479364188314,0.6178455857756018,0.5026514191247036,0.49867191733431343,0.28897233723084476,0.6398829605162113,0.6389611927460442,0.42965422834092154,0.2037037037037037,0.36324410003522367,1.3620098337840973,1.1054422855377197
3,1.0,1.0,0.25,0.75,9,62,10,5,0.14556272537464376,0.25841464142070053,0.7484578831160406,0.7460279836232255,0.5998491784176234,1.0,1.0,1.0,0.6599938919922593,0.6573384238604097,0.42682450877419303,0.897406368541996,0.8969792788487176,0.7526454569778374,0.24242424242424243,0.3696003696003696,0.9699992890910684,1.2654922008514404
3,1.0,1.0,0.25,1.0,0,33,10,5,0.12299319731741531,0.24244656400269807,0.7214769590414526,0.7188216502944365,0.5434330457626358,1.0,1.0,1.0,0.6319961756971303,0.6291621456191253,0.3814645755647611,0.897406368541996,0.8969792788487176,0.7526454569778374,0.24242424242424243,0.32464897329762193,1.1324254853544322,0.8721814155578613
3,1.0,1.0,0.25,1.0,1,37,10,4,0.10054316485980196,0.2576991907973422,0.6705291676641696,0.6673526385734234,0.46728786170422293,0.9137594533047027,0.9134059329538328,0.8127690521941776,0.5669513594681928,0.5635760325448663,0.31689972757055435,0.7916267295012032,0.7909147573609078,0.602400964174539,0.1952662721893491,0.32464897329762193,1.3984638453187954,0.9245176315307617
3,1.0,1.0,0.25,1.0,2,50,10,4,0.10956805133941816,0.26691720658239265,0.7005528345330609,0.6976703213682278,0.5067828513008626,0.9083491277292126,0.907971490705844,0.7934094346634827,0.5955837628258316,0.5924369327995342,0.348378404239104,0.7849276230002519,0.7841885630133323,0.586029113950917,0.2037037037037037,0.32464897329762193,1.3880147795645765,1.5372154712677002
3,1.0,1.0,0.25,1.0,3,37,10,4,0.09921776344198313,0.2616439108560426,0.6522568078118947,0.6489048835678907,0.45795532809190137,0.9000920107272863,0.8996771460213145,0.7622414951112423,0.557938948201127,0.5544942290374065,0.3130734369442533,0.7746891130677099,0.7739081836339227,0.5593213086866492,0.19642857142857142,0.32464897329762193,1.397730402747349,1.125257968902588
3,1.0,1.0,0.25,1.0,4,46,10,4,0.1023771595627689,0.24627888103390405,0.6024063893172736,0.5985985938267554,0.424237526188739,0.897406368541996,0.8969792788487176,0.7526454569778374,0.6057340931794821,0.602683012387406,0.38054904534535783,1.0,1.0,1.0,0.24242424242424243,0.32464897329762193,1.4004425278846782,0.9844546318054199
3,1.0,1.0,0.25,1.0,5,116,10,4,0.09677488437685354,0.25890462832451727,0.6765528959710085,0.6734396092983667,0.48736372725475124,0.9137594533047027,0.9134059329538328,0.8127690521941776,0.5851762614531265,0.5819487324062276,0.33679145218697704,0.7916267295012032,0.7909147573609078,0.602400964174539,0.20496894409937888,0.32464897329762193,1.392467374970115,2.3902502059936523
3,1.0,1.0,0.25,1.0,6,112,10,5,0.1250757868458913,0.2475429490397369,0.7213613951913553,0.7187052465977541,0.5499916499345125,1.0,1.0,1.0,0.6388377113546312,0.6360566612342593,0.3919080135481817,0.8974063685419956,0.8969792788487173,0.7526454569778374,0.24242424242424243,0.32464897329762193,1.1355102414058749,2.4295854568481445
3,1.0,1.0,0.25,1.0,7,34,10,5,0.12822007884128317,0.2568413631918823,0.7262910381682988,0.7236818818580143,0.5475068303855932,1.0,1.0,1.0,0.6244150183365457,0.6215229094666446,0.3814486000209112,0.8974063685419956,0.8969792788487173,0.7526454569778374,0.24242424242424243,0.32464897329762193,1.135510241405875,0.644294023513794
3,1.0,1.0,0.25,1.0,8,73,10,4,0.11146000875815787,0.2739398538651711,0.6673390275631601,0.6641367944380606,0.4761463255279862,0.9083491277292126,0.907971490705844,0.7934094346634827,0.5788770230361407,0.5756001950879521,0.3311206070344923,0.7849276230002518,0.7841885630133321,0.586029113950917,0.2037037037037037,0.32464897329762193,1.3880147795645763,1.4849967956542969
3,1.0,1.0,0.25,1.0,9,57,10,5,0.12421960161389044,0.24585045300919825,0.7224420320889301,0.7197961833989988,0.5472809376993278,1.0,1.0,1.0,0.6237710965978316,0.6208740277811385,0.38165345028584624,0.897406368541996,0.8969792788487176,0.7526454569778374,0.24242424242424243,0.32464897329762193,1.1349215877532424,1.1800506114959717
3,1.0,1.0,0.5,0.0,0,43,10,3,0.11323310072685454,0.2769643355705962,0.6081150938068571,0.6040712538317032,0.41548442922128015,0.7921997857472497,0.7915695648752535,0.6162892627615703,0.48775904380737956,0.48346621965509573,0.2681956986625442,0.6392779718964172,0.6383542378752756,0.4282009089578253,0,0.0,inf,0.8972485065460205
3,1.0,1.0,0.5,0.0,1,30,10,4,0.1522339596042745,0.28573208353611956,0.7298977854670731,0.7271654783499144,0.5559390839718915,0.9083491277292126,0.907971490705844,0.7934094346634827,0.6413420828051866,0.638399777519603,0.39399072233014465,0.7849276230002518,0.7841885630133321,0.586029113950917,0,0.0,inf,0.5529100894927979
3,1.0,1.0,0.5,0.0,2,70,10,3,0.09738479091383917,0.25149724586160144,0.5904670989698727,0.5862437370314423,0.4163614214319993,0.7916267295012034,0.790994464710824,0.6144266258107057,0.49261576016505226,0.48836646387228666,0.2759849848748714,0.6385505741240013,0.637624474122608,0.42645992265876403,0,0.0,inf,1.561035394668579
3,1.0,1.0,0.5,0.0,3,70,10,4,0.14523907450195314,0.26658169764212625,0.6739072519251557,0.6706439197369886,0.5312845705285836,0.9116055475593928,0.9112424542131328,0.8049349549879696,0.5666392947256457,0.5631252561942409,0.3679025303692089,0.7889606460971244,0.7882379262538325,0.5957957470317893,0,0.0,inf,1.4386556148529053
3,1.0,1.0,0.5,0.0,4,39,10,3,0.11050131658812341,0.26396981723943574,0.6044068794262508,0.6003224976724519,0.4087918073423897,0.7852802150932446,0.7846251091678986,0.6010060305727019,0.48366028431371166,0.479330506439343,0.2624445423950347,0.630488902126393,0.6295363171801378,0.41386322570661177,0,0.0,inf,1.045529842376709
3,1.0,1.0,0.5,0.0,5,115,10,5,0.16239673684251263,0.2604847265082031,0.7705983974863623,0.7683406366820401,0.6523566176295981,1.0,1.0,1.0,0.6692484433001405,0.6666137998185364,0.46669020169920583,0.897406368541996,0.8969792788487176,0.7526454569778374,0,0.0,inf,2.792971134185791
3,1.0,1.0,0.5,0.0,6,110,10,4,0.14017037191053117,0.2717287718565596,0.7130256477253437,0.7101000058625218,0.5229358391295333,0.9000920107272863,0.8996771460213145,0.7622414951112423,0.6219503428547258,0.6188228119823601,0.36573547405192075,0.7746891130677099,0.7739081836339227,0.5593213086866492,0,0.0,inf,2.77264666557312
3,1.0,1.0,0.5,0.0,7,27,10,2,0.0863431478549807,0.3003629631262278,0.5094964298290032,0.5042738033228884,0.30774900675131095,0.5936479709519707,0.5929324165216566,0.3829540138806239,0.376398824190941,0.3709931321594286,0.17030229274831063,0.3819083766433755,0.38096954587584214,0.19536854482611762,0,0.0,inf,0.5394506454467773
3,1.0,1.0,0.5,0.0,8,38,10,4,0.12311150578053112,0.21175731253103233,0.6087683890808068,0.6047474268385642,0.43356247085850014,0.9116055475593928,0.9112424542131328,0.8049349549879696,0.48897513603214543,0.4847110037091604,0.28411001139751535,0.7889606460971244,0.7882379262538325,0.5957957470317893,0,0.0,inf,0.8842215538024902
3,1.0,1.0,0.5,0.0,9,1000,10,4,0.13696292151789285,0.2560950617774179,0.649588189612389,0.646070495142212,0.5004592138030212,0.897406368541996,0.8969792788487176,0.7526454569778374,0.6586071380352819,0.6558295012674367,0.515310814358296,1.0,1.0,1.0,0,0.0,inf,22.146124124526978
3,1.0,1.0,0.5,0.25,0,71,10,5,0.15746127477779892,0.2578198222616318,0.7621461670756908,0.7598291680769117,0.6255474244771786,1.0,1.0,1.0,0.6662779970380466,0.66364838334201,0.4454211285555316,0.897406368541996,0.8969792788487176,0.7526454569778374,0.24242424242424243,0.42147410568463195,1.1416461087231944,1.423271656036377
3,1.0,1.0,0.5,0.25,1,45,10,3,0.09555994489771623,0.26635830340256533,0.6105604111868529,0.6066312650841258,0.4374718269455609,0.7921997857472497,0.7915695648752535,0.6162892627615703,0.5079583482895901,0.5039325685656184,0.29273641405795336,0.6392779718964172,0.6383542378752756,0.4282009089578253,0.21710526315789475,0.32500787897888433,1.5008325773578657,0.9490506649017334
3,1.0,1.0,0.5,0.25,2,36,10,3,0.1086711413090202,0.27909664394765815,0.6338571660849429,0.6301637657046356,0.45130368466926724,0.7921997857472497,0.7915695648752535,0.6162892627615703,0.5182707579702159,0.5143301545649007,0.3000004111109399,0.6392779718964172,0.6383542378752756,0.4282009089578253,0.21710526315789475,0.32500787897888433,1.5020731950010295,0.8594324588775635
3,1.0,1.0,0.5,0.25,3,111,10,4,0.11668817752542246,0.2533583250750024,0.6502095070513099,0.6466937037936981,0.4444651322083848,0.9000920107272863,0.8996771460213145,0.7622414951112423,0.5364274300080836,0.532649968067554,0.294579559517438,0.7746891130677099,0.7739081836339227,0.5593213086866492,0.21710526315789475,0.32500787897888433,1.4805669165864084,2.730729341506958
3,1.0,1.0,0.5,0.25,4,40,10,5,0.14614271962434378,0.253165453611974,0.7256904788820404,0.7230296171576039,0.5937375199267648,1.0,1.0,1.0,0.6441325682150356,0.6413411401326288,0.4280559687535139,0.8974063685419956,0.8969792788487173,0.7526454569778374,0.24242424242424243,0.42147410568463195,1.0697676215046796,0.7308695316314697
3,1.0,1.0,0.5,0.25,5,59,10,3,0.09576137126996598,0.24465865529068076,0.5771396056235143,0.5729342130013619,0.42821621736360116,0.7889606460971244,0.7883188157233192,0.6085417084158432,0.5413642138353398,0.5376694941730724,0.37385362123607585,0.8891543252970434,0.8888695855552406,0.8404468849639695,0.24242424242424243,0.42147410568463195,1.4590876205737946,1.2524104118347168
3,1.0,1.0,0.5,0.25,6,1000,10,3,0.08016334463979438,0.21021605231538137,0.4716518454054982,0.4663082155767291,0.30803505976645806,0.7375733655715297,0.7367405406672015,0.4724246305454723,0.42173676919702674,0.4169930691307312,0.2735762261488933,0.8357447021357429,0.8353020509100346,0.6777225590952062,0.20786516853932585,0.3440324320303492,1.5018736788560667,20.69781517982483
3,1.0,1.0,0.5,0.25,7,87,10,5,0.15683006538836342,0.2570798022617502,0.758803936882752,0.7564543803089466,0.624574235603848,1.0,1.0,1.0,0.6662779970380465,0.6636483833420099,0.4454211285555316,0.897406368541996,0.8969792788487176,0.7526454569778374,0.24242424242424243,0.42147410568463195,1.1416461087231942,2.1354894638061523
3,1.0,1.0,0.5,0.25,8,50,10,3,0.10169999901780868,0.279915148837736,0.6101944564898265,0.6061657134427666,0.37655932037270956,0.7303232410180941,0.7294623299636516,0.45744797462502,0.5805582575158648,0.5770359689749673,0.3233109645298404,0.8281626276133816,0.8276964442337125,0.6590455003918929,0.1989247311827957,0.27694610778443113,1.5251129003594577,1.4065766334533691
3,1.0,1.0,0.5,0.25,9,111,10,4,0.12180030374243968,0.2626028300040555,0.6945828466788406,0.691546833684876,0.5189505998555758,0.9137594533047027,0.9134059329538328,0.8127690521941776,0.5894110520993732,0.5861047376519234,0.3575331614855906,0.7916267295012032,0.7909147573609078,0.602400964174539,0.22758620689655173,0.3395271313044015,1.290829368998231,2.8995983600616455
3,1.0,1.0,0.5,0.5,0,29,10,4,0.10975161353782242,0.24362380715409143,0.6275373807875422,0.6239249841101692,0.46034685446743145,0.897406368541996,0.8969792788487176,0.7526454569778374,0.6213705901602885,0.6184008816248076,0.437832717848176,1.0,1.0,1.0,0.3333333333333333,0.5128631625637614,0.6357677645362532,0.7279326915740967
3,1.0,1.0,0.5,0.5,1,114,10,5,0.1366303431955466,0.25689677456315074,0.7402574408810757,0.7377620110373326,0.5850100073592469,1.0,1.0,1.0,0.6516280389078787,0.6489231468304915,0.4147750586026355,0.8974063685419956,0.8969792788487173,0.7526454569778374,0.29464285714285715,0.5119295088579318,0.5183225097233732,3.1532509326934814
3,1.0,1.0,0.5,0.5,2,63,10,4,0.10299143369192242,0.22186569722121208,0.5772614191279477,0.5731397685870233,0.42427017642468823,0.897406368541996,0.8969792788487176,0.7526454569778374,0.5808963630034101,0.5775906133893225,0.4106468724858703,1.0,1.0,1.0,0.29464285714285715,0.5119295088579318,0.6571261262076467,1.279932975769043
3,1.0,1.0,0.5,0.5,3,27,10,5,0.13527504018134742,0.24963492849384297,0.7377217515093674,0.7352017352460711,0.5777779852001229,1.0,1.0,1.0,0.6359938762554818,0.6331673243228528,0.4057042253190293,0.8974063685419956,0.8969792788487173,0.7526454569778374,0.29464285714285715,0.5119295088579318,0.515757748122535,0.4941892623901367
3,1.0,1.0,0.5,0.5,4,112,10,3,0.09964535578251722,0.27822635024123893,0.637491721892172,0.6339048772108756,0.48322732395069995,0.7916267295012033,0.7909944647108239,0.6144266258107057,0.6095408112212481,0.6064119604090138,0.3874964943351327,0.8919096298303802,0.8916326823937588,0.8472089812237649,0.22758620689655173,0.35928143712574845,0.7043959895599835,2.66703200340271
3,1.0,1.0,0.5,0.5,5,117,10,4,0.12291996722312444,0.26846130370253574,0.6968128581630613,0.6937955470864037,0.4804487773429975,0.9000920107272863,0.8996771460213145,0.7622414951112423,0.5879330750572583,0.5846102781774482,0.3247407851049429,0.7746891130677099,0.7739081836339227,0.5593213086866492,0.22023809523809523,0.34190877504250755,0.6514448568902507,2.279954195022583
3,1.0,1.0,0.5,0.5,6,67,10,4,0.09973085412005726,0.23375480746094837,0.6405538180544726,0.6370709467871388,0.4784078016657024,0.8974063685419958,0.8969792788487174,0.7526454569778374,0.5336418536844704,0.529987767190594,0.3256773854082443,0.7713552409379785,0.7705605424897544,0.5510101485183012,0.29464285714285715,0.5119295088579318,0.606320863597567,1.3291327953338623
3,1.0,1.0,0.5,0.5,7,52,10,5,0.14963661970202366,0.26696464627018457,0.7544929124672807,0.7521211947339688,0.6000424200236508,1.0,1.0,1.0,0.6583157804932269,0.6556470661662047,0.42489171896114175,0.8974063685419956,0.8969792788487173,0.7526454569778374,0.2578125,0.43912175648702595,0.5283674219360333,0.9748108386993408
3,1.0,1.0,0.5,0.5,8,1000,10,5,0.14709073998113906,0.2580608630532677,0.7353775783446141,0.7328182589078772,0.592511042716577,1.0,1.0,1.0,0.6327753890791294,0.6299036772584294,0.41767424136645853,0.897406368541996,0.8969792788487176,0.7526454569778374,0.2578125,0.43912175648702595,0.5578932342859653,20.282084703445435
3,1.0,1.0,0.5,0.5,9,110,10,4,0.12066390162908226,0.2699490048888799,0.7178187309585831,0.7150499541396914,0.5310150458723402,0.9137594533047027,0.9134059329538328,0.8127690521941776,0.6337661684398401,0.6308575970642822,0.37692841790387366,0.7916267295012032,0.7909147573609078,0.602400964174539,0.22758620689655173,0.35928143712574845,0.6134890424707167,2.68984055519104
3,1.0,1.0,0.5,0.75,0,113,10,3,0.08989419709973465,0.2779280138676295,0.6635406763646207,0.6602630712607246,0.49076736232709794,0.8019282820082536,0.8013325861275414,0.6406540834881669,0.5542794277685242,0.5507667198020423,0.33475664988788495,0.6516133272375468,0.6507295243611372,0.4508122830368131,0.22758620689655173,0.381476429380621,0.49846196442205787,2.582923650741577
3,1.0,1.0,0.5,0.75,1,109,10,5,0.12971531880841336,0.25745871793571024,0.7278802806003423,0.7252846368396019,0.5519925460412795,1.0,1.0,1.0,0.6488963184047845,0.6461909135725942,0.39695691587049986,0.897406368541996,0.8969792788487176,0.7526454569778374,0.29464285714285715,0.5340670011328694,0.3903213873092221,2.3595223426818848
3,1.0,1.0,0.5,0.75,2,113,10,4,0.10459018451149293,0.23579984190546022,0.6116167350720573,0.6078718282649712,0.45223438719752984,0.897406368541996,0.8969792788487176,0.7526454569778374,0.5977471649199775,0.5946116367318609,0.3970607939541847,1.0,1.0,1.0,0.29464285714285715,0.5340670011328694,0.5094452671621044,2.5289554595947266
3,1.0,1.0,0.5,0.75,3,66,10,5,0.12513935377060326,0.24618755495111894,0.7311185216910875,0.7285537662478182,0.5534220289077909,1.0,1.0,1.0,0.6295679606502858,0.6267136225109032,0.38617721285770934,0.897406368541996,0.8969792788487176,0.7526454569778374,0.29464285714285715,0.5340670011328694,0.3903213873092221,2.142381429672241
3,1.0,1.0,0.5,0.75,4,64,10,5,0.14453298630488715,0.2564155945180081,0.7212696069639732,0.7185876010104097,0.5640110263827135,1.0,1.0,1.0,0.6403985540835255,0.6376016695857311,0.4059514074208978,0.8974063685419956,0.8969792788487173,0.7526454569778374,0.2578125,0.43912175648702595,0.40434562627585574,1.8727467060089111
3,1.0,1.0,0.5,0.75,5,80,10,4,0.0981417975514024,0.23855013759079166,0.6063725667331924,0.6025743355214607,0.4436661102562549,0.9037907607564276,0.9033926442098374,0.7752391372397232,0.5163134303777034,0.5125401907816489,0.30745406596726654,0.7792775881454951,0.7785155100165547,0.5705119925521072,0.29464285714285715,0.5340670011328694,0.5043809166919055,1.5719118118286133
3,1.0,1.0,0.5,0.75,6,55,10,4,0.110028166436255,0.26752718519869867,0.6943593047514762,0.6913913976388639,0.5141721063847241,0.9137594533047027,0.9134059329538328,0.8127690521941776,0.6149373492101883,0.6119130019093567,0.3647359133109035,0.7916267295012033,0.7909147573609079,0.602400964174539,0.22758620689655173,0.381476429380621,0.46426102097118777,1.1449370384216309
3,1.0,1.0,0.5,0.75,7,41,10,4,0.0918629138698655,0.2271682635306919,0.6255930380361471,0.6219887718950611,0.46160815932167815,0.9116055475593928,0.9112424542131328,0.8049349549879696,0.5369676904214276,0.5333646641763665,0.3233813113368225,0.7889606460971244,0.7882379262538325,0.5957957470317893,0.29464285714285715,0.5340670011328694,0.48117366744177664,0.8345623016357422
3,1.0,1.0,0.5,0.75,8,63,10,3,0.08067195653710932,0.2677838056498035,0.625029651615999,0.6213643737313375,0.425336329111672,0.7852802150932446,0.7846251091678986,0.6010060305727019,0.5122261716702788,0.508367908934064,0.2809019401908465,0.630488902126393,0.6295363171801378,0.41386322570661177,0.21710526315789475,0.36324410003522367,0.5263714532920856,1.4620327949523926
3,1.0,1.0,0.5,0.75,9,95,10,4,0.09764058667176123,0.26712718807669833,0.6508254532326175,0.6474345912317413,0.42680387876664977,0.9083491277292126,0.907971490705844,0.7934094346634827,0.5594587071283785,0.5559983539845657,0.29133276008463665,0.7849276230002519,0.7841885630133323,0.586029113950917,0.22602739726027396,0.3771083786625222,0.4457138635618498,2.5585551261901855
3,1.0,1.0,0.5,1.0,0,35,10,4,0.09316769487009563,0.24737555136741232,0.6155641238176375,0.6119176847102314,0.4172797273444494,0.9059896953135614,0.9056014712345598,0.78488266182146,0.5074900542695695,0.5037176822527358,0.2779213621598022,0.7820038042783822,0.7812528432163193,0.5787657424083629,0.3402061855670103,0.5595773195876289,0.518660608351731,0.9857997894287109
3,1.0,1.0,0.5,1.0,1,1000,10,3,0.07167111682402894,0.26054886264546073,0.5927679131764355,0.5888716541980556,0.3930358423524848,0.7916267295012033,0.7909944647108239,0.6144266258107057,0.5662937565822285,0.5629408807814009,0.3205177898367144,0.8919096298303802,0.8916326823937588,0.8472089812237649,0.22758620689655173,0.4682577972018049,0.69512284989017,21.938210010528564
3,1.0,1.0,0.5,1.0,2,1000,10,3,0.04440398452658524,0.18217828909922473,0.47196150230701306,0.46693975943344085,0.2761854048116708,0.7548712966501103,0.7541043224033086,0.5123044922655382,0.3868058381984045,0.3820958657116583,0.18488132262975357,0.5917125005777004,0.5906296552873526,0.3282155413169091,0.32673267326732675,0.5637920792079208,0.6012954492527275,21.818490743637085
3,1.0,1.0,0.5,1.0,3,42,10,4,0.08100986010558447,0.22478193800032378,0.6040073195691026,0.6002447407616477,0.42091364497184164,0.8974063685419958,0.8969792788487174,0.7526454569778374,0.4962018678037768,0.49233586416128333,0.2808081871589209,0.7713552409379785,0.7705605424897544,0.5510101485183012,0.29464285714285715,0.5292321428571429,0.5209452360258385,0.8656675815582275
3,1.0,1.0,0.5,1.0,4,114,10,5,0.12180645672006787,0.2539734683440595,0.716389893041903,0.7136994355076369,0.5278826074920455,1.0,1.0,1.0,0.6142034904342947,0.6112480315589562,0.365859496368667,0.8974063685419956,0.8969792788487173,0.7526454569778374,0.29464285714285715,0.5292321428571429,0.44749210103163267,2.5058648586273193
3,1.0,1.0,0.5,1.0,5,1000,10,4,0.09407504758957201,0.25709887129664843,0.668623184711582,0.6654564537957619,0.4649943605165414,0.9137594533047027,0.9134059329538328,0.8127690521941776,0.5825105494271022,0.5792871237822083,0.32367368002549723,0.7916267295012033,0.7909147573609079,0.602400964174539,0.22758620689655173,0.4638610103736189,0.610405713693548,20.995724201202393
3,1.0,1.0,0.5,1.0,6,1000,10,5,0.11241779232483307,0.23044696970531875,0.6912431344636403,0.6883141559694161,0.5013538128391466,1.0,1.0,1.0,0.587055976991371,0.5838925878526978,0.3447049653927944,0.897406368541996,0.8969792788487176,0.7526454569778374,0.29464285714285715,0.5292321428571429,0.44788052597339684,23.29135227203369
3,1.0,1.0,0.5,1.0,7,115,10,4,0.08229792888084629,0.22543982330860948,0.5661107868092929,0.5619884421986194,0.38513646902892673,0.9037907607564276,0.9033926442098374,0.7752391372397232,0.4517903593957802,0.4475838955893371,0.25186728844429135,0.7792775881454951,0.7785155100165547,0.5705119925521072,0.29464285714285715,0.5292321428571429,0.5191831127279793,2.2874042987823486
3,1.0,1.0,0.5,1.0,8,50,10,5,0.12170221823602767,0.25334006237599965,0.7153555563915778,0.7126553153195138,0.5261434263204445,1.0,1.0,1.0,0.613087881285588,0.6101239096200055,0.36447288498922475,0.8974063685419956,0.8969792788487173,0.7526454569778374,0.29464285714285715,0.5292321428571429,0.44728476224392516,1.021125316619873
3,1.0,1.0,0.5,1.0,9,218,10,4,0.10206352924860013,0.2621441766169181,0.6949968561192555,0.6920820233299912,0.5101103990084574,0.9083491277292126,0.907971490705844,0.7934094346634827,0.608540352423619,0.6055177422053053,0.35827384103480076,0.7849276230002519,0.7841885630133323,0.586029113950917,0.22602739726027396,0.4595460242306086,0.5795759152040576,4.489167928695679
3,1.0,1.0,0.75,0.0,0,1000,10,5,0.12290957740683128,0.20806437578420311,0.6654200190406018,0.6621360560910924,0.5038122093341246,1.0,1.0,1.0,0.5556175107503213,0.5520876272737267,0.3454359746740996,0.8974063685419956,0.8969792788487173,0.7526454569778374,0,0.0,inf,22.199799060821533
3,1.0,1.0,0.75,0.0,1,37,10,3,0.10224997957242846,0.2699698750140346,0.5879789326539342,0.5838466979446507,0.40031313029256077,0.7849276230002521,0.7842712471813089,0.5998687124749003,0.5632708415568537,0.5597205286629615,0.3706319249675297,0.884983406868874,0.884686800044098,0.830441303607371,0,0.0,inf,0.8866689205169678
3,1.0,1.0,0.75,0.0,2,28,10,3,0.08715174690462954,0.2548543927058486,0.5930203628128905,0.5889388355489774,0.40399088278741324,0.7921997857472497,0.7915695648752535,0.6162892627615703,0.4922083992991363,0.4880805543599575,0.26656507236564947,0.6392779718964172,0.6383542378752756,0.4282009089578253,0,0.0,inf,0.718825101852417
3,1.0,1.0,0.75,0.0,3,1000,10,4,0.12088131862497882,0.26081157845830893,0.6373836078918426,0.633819129546485,0.45623566410549365,0.897406368541996,0.8969792788487176,0.7526454569778374,0.630263830397969,0.6273221572310202,0.44176740401758147,1.0,1.0,1.0,0,0.0,inf,21.4348566532135
3,1.0,1.0,0.75,0.0,4,45,10,5,0.1434155011933844,0.2486322011588455,0.7432816475613224,0.7407913795356887,0.6046139085072365,1.0,1.0,1.0,0.6569887022288978,0.6542980663850602,0.4334581545567563,0.897406368541996,0.8969792788487176,0.7526454569778374,0,0.0,inf,0.9035053253173828
3,1.0,1.0,0.75,0.0,5,38,10,3,0.10180353961375863,0.26802791844536766,0.6286816630888306,0.624961970563652,0.4384843558342658,0.8021489417124285,0.8015540214626932,0.6413806962628472,0.5134936745973322,0.5095436581536114,0.2900944878260132,0.6518928236684518,0.6510099162702462,0.4514820116115285,0,0.0,inf,0.9600486755371094
3,1.0,1.0,0.75,0.0,6,121,10,4,0.12321396422273881,0.247243271288187,0.6602121019295025,0.6568734282596648,0.494706461085942,0.9059896953135614,0.9056014712345598,0.78488266182146,0.5721398115572499,0.568737232761939,0.3470672426974462,0.7820038042783822,0.7812528432163193,0.5787657424083629,0,0.0,inf,2.5429179668426514
3,1.0,1.0,0.75,0.0,7,176,10,4,0.1143490565123359,0.24791670959278533,0.6077558467531349,0.6038960714053573,0.44743049390554873,0.897406368541996,0.8969792788487176,0.7526454569778374,0.6193788446380124,0.616347135079908,0.4523105300031634,1.0,1.0,1.0,0,0.0,inf,4.1016716957092285
3,1.0,1.0,0.75,0.0,8,80,10,4,0.11754277549685135,0.2390996927097111,0.6389210272131325,0.6353754141541009,0.47187520736708877,0.9116055475593928,0.9112424542131328,0.8049349549879696,0.5268873164569041,0.5231274432083287,0.31933356275305963,0.7889606460971244,0.7882379262538325,0.5957957470317893,0,0.0,inf,1.6367924213409424
3,1.0,1.0,0.75,0.0,9,1000,10,3,0.09830264241075919,0.2811637187289277,0.5793099548656946,0.5750375398878981,0.3653386357594024,0.7595386266093844,0.7587891678710779,0.523012647821584,0.4905780982887338,0.4863803918055889,0.24867942630076667,0.5976802337166612,0.5966178608565919,0.3387811841838666,0,0.0,inf,21.814314365386963
3,1.0,1.0,0.75,0.25,0,100,10,4,0.11217699895309262,0.2434920104736527,0.6347325704884845,0.6311890051205239,0.45411680074215194,0.897406368541996,0.8969792788487176,0.7526454569778374,0.6259652363837168,0.623030728541563,0.4190890547245787,1.0,1.0,1.0,0.24242424242424243,0.3696003696003696,1.333703120501939,3.2049877643585205
3,1.0,1.0,0.75,0.25,1,123,10,4,0.11324311128770342,0.25924861666551685,0.6189102151230866,0.6152147011697673,0.4468828546772251,0.9059896953135614,0.9056014712345598,0.78488266182146,0.5065786775451249,0.5027092550369967,0.2996953463519069,0.7820038042783822,0.7812528432163193,0.5787657424083629,0.24242424242424243,0.3696003696003696,1.2800300330848375,3.6905486583709717
3,1.0,1.0,0.75,0.25,2,32,10,3,0.09252473226831517,0.27038904510816986,0.6283439018871955,0.6247002615371925,0.4425216916849529,0.8021489417124285,0.8015540214626932,0.6413806962628472,0.5399392750629667,0.5362889935364976,0.3054262372993588,0.6518928236684518,0.6510099162702462,0.4514820116115285,0.24242424242424243,0.3696003696003696,1.4827138569933063,0.5722823143005371
3,1.0,1.0,0.75,0.25,3,103,10,4,0.10730435462424383,0.2516646747815757,0.6635248127547756,0.6602283025166845,0.46811161551118513,0.9137594533047027,0.9134059329538328,0.8127690521941776,0.5536552422539672,0.5501161784330593,0.3158684080049634,0.7916267295012033,0.7909147573609079,0.602400964174539,0.24242424242424243,0.3696003696003696,1.2482321291918512,2.104405641555786
3,1.0,1.0,0.75,0.25,4,115,10,3,0.08791355732457379,0.26179491409789335,0.6175497604172977,0.6137871483483699,0.4383689242355781,0.8019282820082536,0.8013325861275414,0.6406540834881669,0.5061304430209554,0.5021971304554087,0.2917426149116051,0.6516133272375468,0.6507295243611372,0.4508122830368131,0.22018348623853212,0.3696003696003696,1.5160106045996649,2.2973668575286865
3,1.0,1.0,0.75,0.25,5,52,10,3,0.08666940286755077,0.2804240480167314,0.5463443612819359,0.5418199265832087,0.33801312525693705,0.7481612335885639,0.7473688711868739,0.49755280006294755,0.4431311850637044,0.43863048140007477,0.21204326591806447,0.5831226115288771,0.5820100450521393,0.3135555033859615,0.2138728323699422,0.338771997289824,1.3858741285558744,1.0633175373077393
3,1.0,1.0,0.75,0.25,6,56,10,4,0.11376752452758404,0.26419244536372183,0.6843601197040285,0.6812775546382634,0.5064259632652511,0.9137594533047027,0.9134059329538328,0.8127690521941776,0.5968154922265066,0.5936295579424293,0.35510001908327155,0.7916267295012032,0.7909147573609078,0.602400964174539,0.24242424242424243,0.3696003696003696,1.2715020612511565,0.9512002468109131
3,1.0,1.0,0.75,0.25,7,1000,10,4,0.1118099801346402,0.25275813805827047,0.6194092128872247,0.6157134474809273,0.4510431266047132,0.897406368541996,0.8969792788487176,0.7526454569778374,0.617346346297566,0.6143411207668678,0.4414789957361637,1.0,1.0,1.0,0.24242424242424243,0.3696003696003696,1.2475670444676004,23.1283700466156
3,1.0,1.0,0.75,0.25,8,51,10,5,0.13126840495420464,0.23972162107733105,0.6748224726152937,0.6716983881021399,0.5201350319106467,1.0,1.0,1.0,0.5733894990980055,0.5700771333140243,0.36135898764752755,0.897406368541996,0.8969792788487176,0.7526454569778374,0.24242424242424243,0.3696003696003696,1.1225532036953934,1.4844655990600586
3,1.0,1.0,0.75,0.25,9,1000,10,4,0.11616188470196663,0.25531342231144977,0.6561817917464026,0.6528498230285769,0.49124853209015323,0.9116055475593928,0.9112424542131328,0.8049349549879696,0.5469526270786698,0.5434022339916805,0.3356822558259384,0.7889606460971247,0.7882379262538328,0.5957957470317893,0.24242424242424243,0.3696003696003696,1.2887830699121632,23.464500427246094
3,1.0,1.0,0.75,0.5,0,90,10,3,0.06884703972842075,0.24033220932305888,0.5184053128816581,0.5137185626008398,0.3372917513516021,0.7926764584473263,0.7920479364188315,0.6178455857756018,0.4124951946078846,0.4078701163224176,0.21415760025061026,0.6398829605162116,0.6389611927460445,0.42965422834092154,0.3055555555555556,0.4116766467065868,0.5957599144538455,2.7467026710510254
3,1.0,1.0,0.75,0.5,1,34,10,5,0.12406585844379703,0.24045527668240008,0.7045365247086384,0.70171895954949,0.538428296922538,1.0,1.0,1.0,0.6057580964019079,0.602721165396957,0.37553850879004036,0.8974063685419956,0.8969792788487173,0.7526454569778374,0.36666666666666664,0.5777917848513499,0.441015941518794,0.9598801136016846
3,1.0,1.0,0.75,0.5,2,43,10,5,0.0963920397615086,0.19411052116044267,0.6336081165419457,0.6300750880599977,0.41431445961116464,1.0,1.0,1.0,0.5461197615898579,0.5425815208670732,0.28523153523206274,0.897406368541996,0.8969792788487176,0.7526454569778374,0.33035714285714285,0.46940018268547645,0.47103728429602754,1.103416919708252
3,1.0,1.0,0.75,0.5,3,50,10,4,0.10342100075066667,0.2575116634746524,0.6156617197210494,0.61197534837409,0.43616997082999137,0.897406368541996,0.8969792788487176,0.7526454569778374,0.6292478329240074,0.6263741169886763,0.41531959102074156,1.0,1.0,1.0,0.3523809523809524,0.5538922155688623,0.5217647975387294,1.0173630714416504
3,1.0,1.0,0.75,0.5,4,96,10,4,0.1066098185561006,0.25374562006722345,0.6388075718956719,0.6353422640011535,0.4597328775381476,0.9116055475593928,0.9112424542131328,0.8049349549879696,0.5337105736741422,0.5300953105183237,0.3116913111576865,0.7889606460971247,0.7882379262538328,0.5957957470317893,0.3333333333333333,0.5399037989594582,0.5118411788118059,2.742459297180176
3,1.0,1.0,0.75,0.5,5,33,10,4,0.11741241502714164,0.27667836015185276,0.6917932634244173,0.6888131226936762,0.5082585174710345,0.9083491277292126,0.907971490705844,0.7934094346634827,0.6009201400818478,0.5977999218398338,0.3539660675358662,0.7849276230002518,0.7841885630133321,0.586029113950917,0.28695652173913044,0.40163575288447495,0.49345991571753345,0.7859313488006592
3,1.0,1.0,0.75,0.5,6,1000,10,4,0.09631893851073671,0.23832157254544284,0.6237593771976061,0.6201575401774528,0.4408023821574987,0.9116055475593928,0.9112424542131328,0.8049349549879696,0.5132232656570852,0.5094579322952085,0.2957556765639283,0.7889606460971244,0.7882379262538325,0.5957957470317893,0.37373737373737376,0.5923980915174998,0.5109722321250407,22.17949080467224
3,1.0,1.0,0.75,0.5,7,38,10,4,0.11770659337404389,0.27745181839483374,0.7104860374805629,0.7076875893076089,0.5175341774570611,0.9083491277292126,0.907971490705844,0.7934094346634827,0.6086273154713774,0.6055684590981296,0.357434840620654,0.7849276230002518,0.7841885630133321,0.586029113950917,0.28695652173913044,0.40163575288447495,0.487725392759896,0.9936904907226562
3,1.0,1.0,0.75,0.5,8,24,10,3,0.06893836259629625,0.24638970161649873,0.5704441172498261,0.5662784344744661,0.3949709733430504,0.7916267295012034,0.790994464710824,0.6144266258107057,0.4541117687506634,0.4498304037872045,0.2572353905256463,0.6385505741240013,0.637624474122608,0.42645992265876403,0.308411214953271,0.416887743500341,0.5352156951546974,0.40970754623413086
3,1.0,1.0,0.75,0.5,9,1000,10,5,0.12629102050067953,0.24766355570266602,0.7278173556304717,0.7252211116530112,0.5519624516651424,1.0,1.0,1.0,0.6387993154008198,0.6360161088190339,0.38828497601663486,0.8974063685419956,0.8969792788487173,0.7526454569778374,0.3173076923076923,0.5340670011328694,0.4731308141092172,24.927093982696533
3,1.0,1.0,0.75,0.75,0,35,10,4,0.09033887092971937,0.23805750820669805,0.595685375921698,0.5918366495279853,0.4069913091415991,0.9116055475593928,0.9112424542131328,0.8049349549879696,0.48665440435953844,0.4827074205155635,0.270371087460217,0.7889606460971244,0.7882379262538325,0.5957957470317893,0.4024390243902439,0.6091463414634147,0.24486416600791738,0.6924886703491211
3,1.0,1.0,0.75,0.75,1,112,10,5,0.11630436809394014,0.2401390249869415,0.6967976993341959,0.6939207426164159,0.5040680997804807,1.0,1.0,1.0,0.6162100806943306,0.6132693044693089,0.3600332755545337,0.8974063685419956,0.8969792788487173,0.7526454569778374,0.3173076923076923,0.5582056226529991,0.26944693966073335,2.9623377323150635
3,1.0,1.0,0.75,0.75,2,45,10,5,0.12221283691371651,0.25460479359426696,0.7068557961071394,0.7040742763600402,0.5213091947156596,1.0,1.0,1.0,0.6281589640049853,0.625309745661471,0.37339579673788253,0.8974063685419956,0.8969792788487173,0.7526454569778374,0.3173076923076923,0.5582056226529991,0.2694469396607334,1.2643814086914062
3,1.0,1.0,0.75,0.75,3,113,10,4,0.09561114481820542,0.26204217139347263,0.6361239082059194,0.6326263787266181,0.43616399203148104,0.9000920107272863,0.8996771460213145,0.7622414951112423,0.5512353720667664,0.5477488860290305,0.2993073195655129,0.7746891130677099,0.7739081836339227,0.5593213086866492,0.28205128205128205,0.416887743500341,0.2501333217790881,3.4328219890594482
3,1.0,1.0,0.75,0.75,4,47,10,4,0.07402746990596873,0.20814700783173992,0.5706779807525136,0.5665971477999002,0.3827272929005897,0.9037907607564276,0.9033926442098374,0.7752391372397232,0.4591890731242996,0.4550373522943308,0.2503085241792464,0.7792775881454947,0.7785155100165544,0.5705119925521072,0.3,0.5260735187742487,0.2932546517795048,1.3414318561553955
3,1.0,1.0,0.75,0.75,5,41,10,4,0.09975070381667417,0.25997359814793847,0.6615964217565327,0.6583347911605403,0.4731088080415942,0.9137594533047027,0.9134059329538328,0.8127690521941776,0.5727538592641948,0.569424785599808,0.32976530756634836,0.7916267295012032,0.7909147573609078,0.602400964174539,0.28695652173913044,0.40163575288447495,0.24474950189986866,1.1483619213104248
3,1.0,1.0,0.75,0.75,6,202,10,5,0.12310751205202161,0.2561357476344471,0.7226267457061646,0.7199945097862295,0.5327875786622454,1.0,1.0,1.0,0.6440851670709796,0.6413575851938189,0.38293241351164586,0.897406368541996,0.8969792788487176,0.7526454569778374,0.3173076923076923,0.5582056226529991,0.2649291213769577,5.281895160675049
3,1.0,1.0,0.75,0.75,7,40,10,3,0.07563545041959831,0.2693783748937826,0.6444247310204357,0.6409732725603067,0.43616932650099055,0.7595386266093844,0.7587891678710779,0.523012647821584,0.533962446058105,0.5303034694671057,0.2902378158788137,0.5976802337166612,0.5966178608565919,0.3387811841838666,0.3162393162393162,0.4087765428552489,0.22863751064991356,1.1409542560577393
3,1.0,1.0,0.75,0.75,8,1000,10,3,0.07333771029430132,0.260788979385892,0.6168256853215561,0.6131450663291028,0.4193179634718337,0.7921997857472497,0.7915695648752535,0.6162892627615703,0.5053189828492601,0.5014784893510089,0.27787385187608427,0.6392779718964172,0.6383542378752756,0.4282009089578253,0.2894736842105263,0.4314515074654185,0.2662423477570589,23.252007961273193
3,1.0,1.0,0.75,0.75,9,64,10,4,0.09553445953983568,0.25281516348403466,0.6380164055206793,0.6345232964090207,0.42280889676739264,0.9083491277292126,0.907971490705844,0.7934094346634827,0.5276956131446444,0.5240106864663318,0.28007090420495984,0.7849276230002519,0.7841885630133323,0.586029113950917,0.28205128205128205,0.39363504067562083,0.2515068465362557,1.9006102085113525
3,1.0,1.0,0.75,1.0,0,45,10,4,0.0865562366687265,0.2537986187005324,0.6596715724313996,0.6564450658222142,0.45516196912863716,0.9137594533047027,0.9134059329538328,0.8127690521941776,0.553028514783637,0.5496066509368431,0.3078788777969692,0.7916267295012033,0.7909147573609079,0.602400964174539,0.28695652173913044,0.529904347826087,0.2757642385131765,1.323761224746704
3,1.0,1.0,0.75,1.0,1,58,10,5,0.11524716727298184,0.24826815328019813,0.6945388594531938,0.6916494538003971,0.4954516549500119,1.0,1.0,1.0,0.6094637627797349,0.6064811618917827,0.3506783908944271,0.897406368541996,0.8969792788487176,0.7526454569778374,0.3173076923076923,0.5443269230769231,0.2385053838405638,1.7367472648620605
3,1.0,1.0,0.75,1.0,2,117,10,3,0.06361346292049193,0.25293867350508575,0.6424345321381176,0.6390506470730165,0.44640528308343796,0.7916267295012033,0.7909944647108239,0.6144266258107057,0.5686646146435621,0.565368746481336,0.3250461113939306,0.8919096298303802,0.8916326823937588,0.8472089812237649,0.3142857142857143,0.5423142857142857,0.24706662339688623,2.37276291847229
3,1.0,1.0,0.75,1.0,3,111,10,4,0.08604156978189456,0.23124182561097442,0.680239778820274,0.6772200086150113,0.48396990048971955,0.897406368541996,0.8969792788487176,0.7526454569778374,0.5813738687310928,0.5781822772600129,0.3342212936623263,1.0,1.0,1.0,0.4074074074074074,0.6043333333333334,0.20519920045863088,2.6563169956207275
3,1.0,1.0,0.75,1.0,4,94,10,5,0.11300517506034968,0.24324135641258512,0.7158158995830413,0.7131275361074186,0.5117339784428456,1.0,1.0,1.0,0.6138642188861398,0.6109149677412128,0.35308102668364333,0.897406368541996,0.8969792788487176,0.7526454569778374,0.3173076923076923,0.5443269230769231,0.23500916246226772,2.619723081588745
3,1.0,1.0,0.75,1.0,5,49,10,4,0.07339676755486213,0.21997234344814762,0.5879529126462657,0.584062500741043,0.38363124893559664,0.9037907607564276,0.9033926442098374,0.7752391372397232,0.47607027313416883,0.4720768380077134,0.25143064395287706,0.7792775881454947,0.7785155100165544,0.5705119925521072,0.4125,0.6077250000000001,0.19590402384038036,1.198810338973999
3,1.0,1.0,0.75,1.0,6,39,10,4,0.09795264017799195,0.2670967173247461,0.6818487831700615,0.6788326412665674,0.4743709859160103,0.9083491277292126,0.907971490705844,0.7934094346634827,0.576973998883155,0.5737355815047586,0.32319701849245175,0.7849276230002519,0.7841885630133323,0.586029113950917,0.28695652173913044,0.529904347826087,0.27713786510278837,1.1105690002441406
3,1.0,1.0,0.75,1.0,7,48,10,5,0.11281269512063875,0.2430204123040282,0.7051372077467171,0.7023478245269987,0.4969505209097597,1.0,1.0,1.0,0.6023377431689811,0.5993004544130154,0.3413175391882212,0.8974063685419956,0.8969792788487173,0.7526454569778374,0.3173076923076923,0.5443269230769231,0.23500916246226777,1.278336524963379
3,1.0,1.0,0.75,1.0,8,49,10,4,0.08380644026765356,0.2538128888754818,0.6815545792530169,0.6785356295281174,0.4899246384288599,0.9137594533047027,0.9134059329538328,0.8127690521941776,0.5801502476518265,0.5769361244642018,0.33598565241064876,0.7916267295012033,0.7909147573609079,0.602400964174539,0.2894736842105263,0.5345526315789474,0.2667837842823942,1.3909924030303955
3,1.0,1.0,0.75,1.0,9,46,10,4,0.09596917923010806,0.25992074690909117,0.7031567096710989,0.7003409353634134,0.5233785326743008,0.9083491277292126,0.907971490705844,0.7934094346634827,0.6162663905929812,0.6133269453914382,0.36597864381214645,0.7849276230002518,0.7841885630133321,0.586029113950917,0.28205128205128205,0.5293846153846155,0.282081397963109,1.1324231624603271
3,1.0,1.0,1.0,0.0,0,30,10,4,0.077153329945468,0.2034298922145085,0.5514663867888823,0.5471315077639327,0.3722120773264934,0.9037907607564276,0.9033926442098374,0.7752391372397232,0.4340432890966938,0.4296210057267342,0.23960345671994582,0.7792775881454951,0.7785155100165547,0.5705119925521072,0,0.0,inf,0.942216157913208
3,1.0,1.0,1.0,0.0,1,44,10,5,0.11770577364286544,0.22308444850017548,0.6701122784282935,0.6669588806365504,0.5359243045746711,1.0,1.0,1.0,0.5670109193803353,0.5636671097506694,0.37255898433462104,0.897406368541996,0.8969792788487176,0.7526454569778374,0,0.0,inf,0.977837324142456
3,1.0,1.0,1.0,0.0,2,31,10,4,0.09847139188069008,0.22113248355276133,0.5920805825087638,0.5881392117551746,0.42162005128777064,0.897406368541996,0.8969792788487176,0.7526454569778374,0.5686913497937164,0.5653220909356693,0.40063386879060986,1.0,1.0,1.0,0,0.0,inf,0.5712966918945312
3,1.0,1.0,1.0,0.0,3,41,10,4,0.08036879669385513,0.2078841203622414,0.5504416388109798,0.5460974136965596,0.3685670668092662,0.8974063685419958,0.8969792788487174,0.7526454569778374,0.4383096180666453,0.433921275975433,0.23863122485487734,0.7713552409379785,0.7705605424897544,0.5510101485183012,0,0.0,inf,0.8282144069671631
3,1.0,1.0,1.0,0.0,4,56,10,4,0.098335356461672,0.23638944605479933,0.6193858786397423,0.6157120318303584,0.46596180305793283,0.9137594533047027,0.9134059329538328,0.8127690521941776,0.5280077985237697,0.5243247114958005,0.32306440145363696,0.7916267295012033,0.7909147573609079,0.602400964174539,0,0.0,inf,1.638622522354126
3,1.0,1.0,1.0,0.0,5,134,10,4,0.09709608765437264,0.23161055544787684,0.6026042881958408,0.5987674713509223,0.46675931696319484,0.9083491277292126,0.907971490705844,0.7934094346634827,0.5182933139346724,0.5145333837081103,0.3260155367741997,0.7849276230002519,0.7841885630133323,0.586029113950917,0,0.0,inf,3.4601781368255615
3,1.0,1.0,1.0,0.0,6,22,10,4,0.09741858255060705,0.2390158501997979,0.5919360772008792,0.5879971457620851,0.4485996354525222,0.9137594533047027,0.9134059329538328,0.8127690521941776,0.4938357131223821,0.48988583456902907,0.308144265742795,0.7916267295012032,0.7909147573609078,0.602400964174539,0,0.0,inf,0.5816895961761475
3,1.0,1.0,1.0,0.0,7,121,10,3,0.0731042016530537,0.23131503175079862,0.47186213429565566,0.4666744487273947,0.2956255894469953,0.7375733655715297,0.7367405406672015,0.4724246305454723,0.4305020077110634,0.4259739851258246,0.27819425662327113,0.8357447021357429,0.8353020509100346,0.6777225590952062,0,0.0,inf,3.647170305252075
3,1.0,1.0,1.0,0.0,8,47,10,4,0.09332304762818903,0.2115211401516761,0.5700867037178586,0.565932825231351,0.392446038834117,0.897406368541996,0.8969792788487176,0.7526454569778374,0.5616272096624045,0.5582027677777694,0.3821885406656505,1.0,1.0,1.0,0,0.0,inf,1.3429794311523438
3,1.0,1.0,1.0,0.0,9,116,10,3,0.07508916682033304,0.2586399466731227,0.4628617017779724,0.4575834903749438,0.28599922328232363,0.7303232410180941,0.7294623299636516,0.45744797462502,0.45049154881207815,0.4461205730368942,0.2734545309124466,0.8281626276133816,0.8276964442337125,0.6590455003918929,0,0.0,inf,3.4821207523345947
3,1.0,1.0,1.0,0.25,0,215,10,4,0.09092501007971507,0.2090682545441288,0.5645406392126968,0.5603793638472377,0.4031184109614923,0.897406368541996,0.8969792788487176,0.7526454569778374,0.5572244774490329,0.5538060547132032,0.3763380516455563,1.0,1.0,1.0,0.24242424242424243,0.32464897329762193,1.3553552357616871,5.611632347106934
3,1.0,1.0,1.0,0.25,1,50,10,4,0.09101486399878644,0.21391069325493892,0.5853222917987865,0.5813569024682849,0.42106703928192624,0.897406368541996,0.8969792788487176,0.7526454569778374,0.5692043732780541,0.5658760047200687,0.3845436420034564,1.0,1.0,1.0,0.24242424242424243,0.32464897329762193,1.3593414143204876,0.9889452457427979
3,1.0,1.0,1.0,0.25,2,44,10,5,0.11093005532572206,0.21961958196114736,0.6544264616183835,0.6511469142146347,0.5048142467980187,1.0,1.0,1.0,0.5472902735943409,0.543820892085791,0.34751500582301903,0.897406368541996,0.8969792788487176,0.7526454569778374,0.24242424242424243,0.32464897329762193,1.087064054880598,0.918283224105835
3,1.0,1.0,1.0,0.25,3,1000,10,5,0.10597888188433564,0.22034639071927808,0.6352619956649158,0.6318006350974246,0.47812294245632153,1.0,1.0,1.0,0.5578901723368889,0.5545020875560008,0.34361043102552147,0.8974063685419956,0.8969792788487173,0.7526454569778374,0.24242424242424243,0.32464897329762193,1.087568118907401,21.61649775505066
3,1.0,1.0,1.0,0.25,4,41,10,5,0.10780483168838981,0.2158045482107815,0.6516229265018215,0.6483151810956411,0.49621098030235733,1.0,1.0,1.0,0.5725511747760776,0.5692736956384793,0.35702572079379635,0.8974063685419956,0.8969792788487173,0.7526454569778374,0.24242424242424243,0.32464897329762193,1.0849746353438494,1.1021645069122314
3,1.0,1.0,1.0,0.25,5,1000,10,5,0.10849915094522673,0.2176937526681884,0.6484087046799477,0.6450714616159446,0.4934207743939241,1.0,1.0,1.0,0.557099356181162,0.5537045100171695,0.3461848248742145,0.8974063685419956,0.8969792788487173,0.7526454569778374,0.24242424242424243,0.32464897329762193,1.0909872030421064,22.472803831100464
3,1.0,1.0,1.0,0.25,6,1000,10,3,0.06644288581695885,0.23451440435087245,0.488648392449393,0.48369998715679147,0.3093550338365081,0.7481612335885639,0.7473688711868739,0.49755280006294755,0.37993468256755225,0.3750825043891454,0.19285179044737336,0.583122611528877,0.5820100450521392,0.3135555033859615,0.20809248554913296,0.32464897329762193,1.6058612469230622,21.37852120399475
3,1.0,1.0,1.0,0.25,7,60,10,3,0.06995145376407987,0.264194623558892,0.43229610546182107,0.4267968670276825,0.2653130949782586,0.7303232410180941,0.7294623299636516,0.45744797462502,0.4333707418135986,0.4289319457158947,0.24437220918934358,0.8281626276133816,0.8276964442337125,0.6590455003918929,0.2033898305084746,0.32464897329762193,1.61077740959795,1.7772536277770996
3,1.0,1.0,1.0,0.25,8,112,10,5,0.1000264283502434,0.20933113802185005,0.6177102275036472,0.6140821134058251,0.45395940118824557,1.0,1.0,1.0,0.550742806218756,0.5472997578222711,0.33399141703409807,0.8974063685419956,0.8969792788487173,0.7526454569778374,0.24242424242424243,0.32464897329762193,1.086102111681309,3.131883382797241
3,1.0,1.0,1.0,0.25,9,1000,10,4,0.09201579784789096,0.23267411587249104,0.6054768596379149,0.6017081712358713,0.41987055086395597,0.9116055475593928,0.9112424542131328,0.8049349549879696,0.4937133959777808,0.4898061918213178,0.27917215392226247,0.7889606460971244,0.7882379262538325,0.5957957470317893,0.24242424242424243,0.32464897329762193,1.3682997948275868,21.830914974212646
3,1.0,1.0,1.0,0.5,0,57,10,5,0.10158437550232499,0.21894857084757866,0.6465295170154335,0.6431903241555676,0.4774213622325968,1.0,1.0,1.0,0.5560967609804507,0.5527113380964833,0.3346738821587802,0.897406368541996,0.8969792788487176,0.7526454569778374,0.48484848484848486,0.5859518054640006,0.3861348883954626,1.5449161529541016
3,1.0,1.0,1.0,0.5,1,63,10,5,0.10000095801007805,0.21109540229715365,0.63252961589432,0.6290601795156674,0.4594138351836782,1.0,1.0,1.0,0.5241898414916526,0.5205633246549524,0.311651296815874,0.897406368541996,0.8969792788487176,0.7526454569778374,0.48484848484848486,0.5859518054640006,0.3629775453407592,1.8584003448486328
3,1.0,1.0,1.0,0.5,2,80,10,4,0.08225370268094605,0.22304082704632802,0.5948732741917575,0.5910309110199448,0.411511869349588,0.9137594533047027,0.9134059329538328,0.8127690521941776,0.4830440345872495,0.47908478121832654,0.2731340283449208,0.7916267295012032,0.7909147573609078,0.602400964174539,0.3402061855670103,0.5698762886597938,0.4919259952549345,2.377690076828003
3,1.0,1.0,1.0,0.5,3,40,10,5,0.10188733881127623,0.21214148807641148,0.6389281200881116,0.6355191586062752,0.4683979958221131,1.0,1.0,1.0,0.531097302175455,0.5275235040856353,0.3187849230835516,0.8974063685419956,0.8969792788487173,0.7526454569778374,0.48484848484848486,0.5859518054640006,0.3635522992900535,1.1288442611694336
3,1.0,1.0,1.0,0.5,4,39,10,4,0.07707477468385374,0.20981981327074015,0.5694449415686347,0.5653508257513474,0.39431278810052584,0.9037907607564276,0.9033926442098374,0.7752391372397232,0.4552976451924658,0.45111434932188804,0.2591209805653545,0.7792775881454951,0.7785155100165547,0.5705119925521072,0.33653846153846156,0.5635384615384615,0.5810296274047227,1.0322980880737305
3,1.0,1.0,1.0,0.5,5,107,10,3,0.061357880426804796,0.24096902188457825,0.46593712301896945,0.4608236165342931,0.29879554011012155,0.7481612335885639,0.7473688711868739,0.49755280006294755,0.3674618803235654,0.3625679728052061,0.19349263101279696,0.583122611528877,0.5820100450521392,0.3135555033859615,0.24161073825503357,0.48697345994643293,0.6102646646421149,3.325650930404663
3,1.0,1.0,1.0,0.5,6,111,10,4,0.08530651652138975,0.22038513223924208,0.5795473815205242,0.5755545315807299,0.3948688148600218,0.897406368541996,0.8969792788487176,0.7526454569778374,0.5560955597048977,0.5526911093895923,0.3571374638623162,1.0,1.0,1.0,0.34285714285714286,0.5645142857142857,0.49040119064952425,3.4497032165527344
3,1.0,1.0,1.0,0.5,7,45,10,5,0.10242190233223397,0.2225225979463989,0.6532535122593675,0.6499779198795474,0.48550275800618237,1.0,1.0,1.0,0.5464965016489493,0.5430379522934238,0.3323320558719142,0.8974063685419956,0.8969792788487173,0.7526454569778374,0.48484848484848486,0.5859518054640006,0.3882791255263547,1.2764532566070557
3,1.0,1.0,1.0,0.5,8,1000,10,4,0.08187417770763036,0.22778910921106696,0.5593479895917323,0.5551678599983978,0.39908419170133763,0.9083491277292126,0.907971490705844,0.7934094346634827,0.47953839463647274,0.47555144268490906,0.2786804695746647,0.7849276230002518,0.7841885630133321,0.586029113950917,0.3333333333333333,0.5650909090909091,0.49318600204031415,22.012386083602905
3,1.0,1.0,1.0,0.5,9,98,10,4,0.0778580479900219,0.21162214710895588,0.5772700283567185,0.573260856844669,0.40634590997391107,0.9137594533047027,0.9134059329538328,0.8127690521941776,0.5018353183122028,0.49802013271580337,0.2868541546917914,0.7916267295012032,0.7909147573609078,0.602400964174539,0.3402061855670103,0.5698762886597938,0.4930194143483596,2.6721343994140625
3,1.0,1.0,1.0,0.75,0,1000,10,4,0.07953637855347767,0.20928551063648546,0.5843850511410945,0.5804662945868443,0.38838890665546033,0.897406368541996,0.8969792788487176,0.7526454569778374,0.5658260433831617,0.5625215402538702,0.32681442406556815,1.0,1.0,1.0,0.4925373134328358,0.6610298507462686,0.17265470225563412,21.158130407333374
3,1.0,1.0,1.0,0.75,1,55,10,5,0.09433058675990226,0.20467636767716083,0.6314576526160416,0.6279891283097139,0.4487709796708208,1.0,1.0,1.0,0.5359953083800862,0.5324706860623236,0.30673482091111903,0.897406368541996,0.8969792788487176,0.7526454569778374,0.7021276595744681,0.8008008008008007,0.08817318492615164,1.5519964694976807
3,1.0,1.0,1.0,0.75,2,1000,10,5,0.09215310211187318,0.20164168392778722,0.6240012157684224,0.6204626905160959,0.437325645137197,1.0,1.0,1.0,0.5423383037637267,0.5388620467767358,0.312047665072568,0.897406368541996,0.8969792788487176,0.7526454569778374,0.7021276595744681,0.8006170212765958,0.08975471301161095,21.35053062438965
3,1.0,1.0,1.0,0.75,3,1000,10,4,0.0749301409155724,0.2012746150858908,0.5706276936595321,0.566574374919398,0.381234420369824,0.9116055475593928,0.9112424542131328,0.8049349549879696,0.457389495649297,0.45325439750633245,0.24953332853693613,0.7889606460971247,0.7882379262538328,0.5957957470317893,0.39759036144578314,0.613843373493976,0.18385014447635828,22.07845401763916
3,1.0,1.0,1.0,0.75,4,99,10,4,0.08504792568709214,0.22933656182747408,0.5949614232830119,0.5911385856220609,0.4026242346344072,0.9083491277292126,0.907971490705844,0.7934094346634827,0.5189792651345022,0.5153143161189124,0.283957729022843,0.7849276230002518,0.7841885630133321,0.586029113950917,0.4074074074074074,0.6166666666666667,0.1740192849751131,2.0850024223327637
3,1.0,1.0,1.0,0.75,5,45,10,5,0.09516650252484064,0.20959534211318212,0.6396645873975692,0.6362734701645519,0.4486736475260888,1.0,1.0,1.0,0.5592387524017314,0.5558908660062588,0.32103643505111545,0.897406368541996,0.8969792788487176,0.7526454569778374,0.7021276595744681,0.8006170212765958,0.08975471301161098,1.175475835800171
3,1.0,1.0,1.0,0.75,6,110,10,3,0.05157637284050444,0.21984029509171438,0.510318156309231,0.5056935769857394,0.3224622891197174,0.789789857030486,0.789150994948784,0.6112350182388241,0.39225497968654316,0.3876214541015667,0.2028143929420518,0.636218386690312,0.6352846396218612,0.42347263580084515,0.42857142857142855,0.6227532467532468,0.21481238708412836,3.182021379470825
3,1.0,1.0,1.0,0.75,7,70,10,4,0.08655006698684092,0.230497536348789,0.5934488290532697,0.5896117152158763,0.40796027422339115,0.9083491277292126,0.907971490705844,0.7934094346634827,0.5036073565439559,0.49982528729388725,0.2811940741870587,0.7849276230002518,0.7841885630133321,0.586029113950917,0.4074074074074074,0.6166666666666667,0.17401928497511304,1.8867359161376953
3,1.0,1.0,1.0,0.75,8,1000,10,4,0.07883423079244305,0.21410017000541998,0.5704642535514225,0.5664098834434476,0.38203227634434483,0.9083491277292126,0.907971490705844,0.7934094346634827,0.47575371758142976,0.4717590881302161,0.25807517351523707,0.7849276230002518,0.7841885630133321,0.586029113950917,0.4024390243902439,0.6132073170731708,0.17552459508105595,21.675803899765015
3,1.0,1.0,1.0,0.75,9,117,10,4,0.07524229124153514,0.2063433208254626,0.5784225890428435,0.5744460240484257,0.3832592497789305,0.9059896953135614,0.9056014712345598,0.78488266182146,0.465892354831412,0.4618255181248437,0.25124981423196385,0.7820038042783822,0.7812528432163193,0.5787657424083629,0.42857142857142855,0.6227532467532468,0.1785622795102793,3.623424768447876
3,1.0,1.0,1.0,1.0,0,38,10,5,0.08934968218794709,0.20363144552008247,0.5979123486958872,0.5941336655949371,0.40501790007948135,1.0,1.0,1.0,0.5214703456414925,0.5178410595981398,0.29134330665604724,0.8974063685419956,0.8969792788487173,0.7526454569778374,0.8918918918918919,0.9297837837837838,0.00316242669761087,1.059734582901001
3,1.0,1.0,1.0,1.0,1,1000,10,4,0.06874464586468285,0.20273728394145923,0.5606903119972473,0.5565618288449903,0.36228681249963657,0.9059896953135614,0.9056014712345598,0.78488266182146,0.471794139246764,0.467788096693312,0.25129307807892365,0.7820038042783822,0.7812528432163193,0.5787657424083629,0.8918918918918919,0.9297837837837838,0.0031624266976108648,22.526026487350464
3,1.0,1.0,1.0,1.0,2,101,10,5,0.08452552233186049,0.19258444224507876,0.6013773840973393,0.5976311404097653,0.39715435588171977,1.0,1.0,1.0,0.5171091240026386,0.5134466326297065,0.27782853045299843,0.8974063685419956,0.8969792788487173,0.7526454569778374,0.8918918918918919,0.9348971613122555,0.002019569430361388,2.770684242248535
3,1.0,1.0,1.0,1.0,3,1000,10,4,0.07472974618899625,0.21618941396286726,0.6001628855318623,0.5964053522112713,0.3861327684257489,0.9116055475593928,0.9112424542131328,0.8049349549879696,0.4897576107880338,0.48588780760023254,0.25394678788082775,0.7889606460971244,0.7882379262538325,0.5957957470317893,0.8918918918918919,0.9297837837837838,0.0031624266976108682,23.54800009727478
3,1.0,1.0,1.0,1.0,4,111,10,5,0.08940037517289001,0.20422716493900492,0.6153808931436846,0.611766254024632,0.40959435904792413,1.0,1.0,1.0,0.5124671569858462,0.5087694585609744,0.2742699813316096,0.897406368541996,0.8969792788487176,0.7526454569778374,0.8918918918918919,0.9348971613122555,0.0020195694303613812,2.490664482116699
3,1.0,1.0,1.0,1.0,5,37,10,4,0.07154388373680648,0.20640827092840958,0.5597455898422933,0.5556081601517024,0.36945971309948006,0.9116055475593928,0.9112424542131328,0.8049349549879696,0.459980526704925,0.45588481483801774,0.2483699710309762,0.7889606460971244,0.7882379262538325,0.5957957470317893,0.8918918918918919,0.9435,0.0020310266303848724,0.8254666328430176
3,1.0,1.0,1.0,1.0,6,35,10,5,0.08566204508773698,0.19563730165341886,0.5977313533945087,0.5939508444170082,0.39270377089803427,1.0,1.0,1.0,0.5220782204642948,0.518453417260319,0.2737196902303639,0.897406368541996,0.8969792788487176,0.7526454569778374,0.8918918918918919,0.9348971613122555,0.00201956943036139,0.7917990684509277
3,1.0,1.0,1.0,1.0,7,114,10,5,0.08292536120627285,0.1882698052265604,0.5883849813554449,0.5845167632940228,0.3904445128867893,1.0,1.0,1.0,0.5293561884395074,0.5257867105583997,0.291795782520888,0.897406368541996,0.8969792788487176,0.7526454569778374,0.8918918918918919,0.9297837837837838,0.003162426697610875,2.5813357830047607
3,1.0,1.0,1.0,1.0,8,71,10,5,0.09134201879373202,0.21086585978305186,0.6061646578095222,0.6024635271051464,0.4148622772181291,1.0,1.0,1.0,0.5369384430182097,0.5334264708119728,0.29871744034520925,0.897406368541996,0.8969792788487176,0.7526454569778374,0.8918918918918919,0.9297837837837838,0.003162426697610863,1.9438607692718506
3,1.0,1.0,1.0,1.0,9,112,10,4,0.06723913770599294,0.1988971477331681,0.5557726890755187,0.5515979917742548,0.3644813204332127,0.9059896953135614,0.9056014712345598,0.78488266182146,0.45569589399580235,0.4515677584094951,0.24443256564174312,0.7820038042783822,0.7812528432163193,0.5787657424083629,0.8918918918918919,0.9297837837837838,0.0031624266976108717,3.3936164379119873
